! Boundary layer characteristics at the trailing edge for the airfoil coordinates of C:/Material/Projects/Aeroacoustics/openfast-noise-test/5MW_Baseline/AirfoilsModified/AF15Coords.txt
! Legend: aoa - angle of attack (deg), Re - Reynolds number (-, millions), PS - pressure side, SS - suction side,  Ue_Vinf - edge velocity (-), Dstar - displacement thickness (-), Theta - momentum thickness (-) Cf  - friction coefficient (-)
4 	 ReListBL   -  Number of Reynolds numbers (it corresponds to the number of tables)
40 	 aoaListBL  -  Number of angles of attack (it corresponds to the number of rows in each table)
0.50 	   -  Re
aoa 	 	 Ue_Vinf_SS 	 Ue_Vinf_PS 	  Dstar_SS 	 	  Dstar_PS 	 	  Theta_SS 	 	  Theta_PS 	 	    Cf_SS 	 	    Cf_PS
(deg) 	 	 	 (-) 	 	 	 (-) 	 	 	 (-) 	 	 	 (-) 	 	 	 (-) 	 	 	 (-) 	 	 	 (-) 	 	 	 (-)
-5.00000 	 9.19080e-01 	 8.80460e-01 	 4.18200e-03 	 5.23400e-03 	 2.75400e-03 	 3.23100e-03 	 2.75100e-03 	 2.05200e-03 
-4.23077 	 9.19780e-01 	 8.82500e-01 	 4.47500e-03 	 5.57600e-03 	 2.90300e-03 	 3.38800e-03 	 2.60600e-03 	 1.94300e-03 
-3.46154 	 9.20370e-01 	 8.84280e-01 	 4.80900e-03 	 5.96000e-03 	 3.09000e-03 	 3.58900e-03 	 2.49800e-03 	 1.86800e-03 
-2.69231 	 9.21030e-01 	 8.86000e-01 	 5.18800e-03 	 6.39100e-03 	 3.32400e-03 	 3.84200e-03 	 2.42600e-03 	 1.82600e-03 
-1.92308 	 9.21370e-01 	 8.87640e-01 	 5.53300e-03 	 6.78800e-03 	 3.49100e-03 	 4.01600e-03 	 2.29600e-03 	 1.72700e-03 
-1.15385 	 9.21840e-01 	 8.89210e-01 	 5.95400e-03 	 7.26200e-03 	 3.73500e-03 	 4.27700e-03 	 2.21800e-03 	 1.67800e-03 
-0.38462 	 9.22120e-01 	 8.90720e-01 	 6.35600e-03 	 7.71700e-03 	 3.93500e-03 	 4.48400e-03 	 2.10700e-03 	 1.59600e-03 
0.38462 	 9.22600e-01 	 8.92090e-01 	 6.82900e-03 	 8.24300e-03 	 4.22800e-03 	 4.79800e-03 	 2.06400e-03 	 1.57600e-03 
1.15385 	 9.22670e-01 	 8.93510e-01 	 7.29400e-03 	 8.76500e-03 	 4.43800e-03 	 5.01100e-03 	 1.93800e-03 	 1.47900e-03 
1.92308 	 9.23100e-01 	 8.94750e-01 	 7.82500e-03 	 9.35000e-03 	 4.76300e-03 	 5.35900e-03 	 1.90300e-03 	 1.46400e-03 
2.69231 	 9.23060e-01 	 8.96130e-01 	 8.39700e-03 	 9.98300e-03 	 5.01700e-03 	 5.61500e-03 	 1.77800e-03 	 1.36800e-03 
3.46154 	 9.23230e-01 	 8.97530e-01 	 8.97600e-03 	 1.06220e-02 	 5.28400e-03 	 5.88700e-03 	 1.67800e-03 	 1.29200e-03 
4.23077 	 9.23260e-01 	 8.98640e-01 	 9.67200e-03 	 1.13820e-02 	 5.65100e-03 	 6.26800e-03 	 1.61000e-03 	 1.24600e-03 
5.00000 	 9.23390e-01 	 9.00510e-01 	 1.03830e-02 	 1.21630e-02 	 5.87800e-03 	 6.48000e-03 	 1.44900e-03 	 1.11500e-03 
5.76923 	 9.23750e-01 	 9.03190e-01 	 1.12680e-02 	 1.31310e-02 	 6.08300e-03 	 6.65200e-03 	 1.23800e-03 	 9.40000e-04 
6.53846 	 9.24860e-01 	 9.07420e-01 	 1.24050e-02 	 1.43630e-02 	 6.22200e-03 	 6.73000e-03 	 9.64000e-04 	 7.13000e-04 
7.30769 	 9.26390e-01 	 9.11670e-01 	 1.37860e-02 	 1.58410e-02 	 6.48700e-03 	 6.94400e-03 	 7.59000e-04 	 5.49000e-04 
8.07692 	 9.29830e-01 	 9.18500e-01 	 1.58080e-02 	 1.79770e-02 	 6.80100e-03 	 7.18300e-03 	 5.28000e-04 	 3.66000e-04 
8.84615 	 9.43880e-01 	 9.39150e-01 	 2.16740e-02 	 2.40490e-02 	 7.52300e-03 	 7.71600e-03 	 1.68000e-04 	 7.80000e-05 
9.61538 	 9.84700e-01 	 9.82330e-01 	 3.49580e-02 	 3.75850e-02 	 7.86400e-03 	 7.99000e-03 	 -1.40000e-05 	 -1.60000e-05 
10.38462 	 1.01707e+00 	 1.01438e+00 	 5.11360e-02 	 5.39720e-02 	 8.40400e-03 	 8.58900e-03 	 -1.60000e-05 	 -1.60000e-05 
11.15385 	 1.04149e+00 	 1.03884e+00 	 6.82670e-02 	 7.13180e-02 	 9.13300e-03 	 9.35800e-03 	 -1.40000e-05 	 -1.40000e-05 
11.92308 	 1.05963e+00 	 1.05715e+00 	 8.47100e-02 	 8.79770e-02 	 9.84100e-03 	 1.00900e-02 	 -1.30000e-05 	 -1.30000e-05 
12.69231 	 1.07445e+00 	 1.07212e+00 	 1.00797e-01 	 1.04276e-01 	 1.04980e-02 	 1.07660e-02 	 -1.20000e-05 	 -1.20000e-05 
13.46154 	 1.08708e+00 	 1.08489e+00 	 1.16692e-01 	 1.20375e-01 	 1.11320e-02 	 1.14170e-02 	 -1.20000e-05 	 -1.10000e-05 
14.23077 	 1.09840e+00 	 1.09633e+00 	 1.33011e-01 	 1.36896e-01 	 1.17590e-02 	 1.20580e-02 	 -1.10000e-05 	 -1.10000e-05 
15.00000 	 1.10798e+00 	 1.10603e+00 	 1.48684e-01 	 1.52761e-01 	 1.23440e-02 	 1.26540e-02 	 -1.10000e-05 	 -1.00000e-05 
15.76923 	 1.11715e+00 	 1.11531e+00 	 1.65416e-01 	 1.69688e-01 	 1.29380e-02 	 1.32570e-02 	 -1.00000e-05 	 -1.00000e-05 
16.53846 	 1.12499e+00 	 1.12326e+00 	 1.82665e-01 	 1.87138e-01 	 1.35150e-02 	 1.38420e-02 	 -1.00000e-05 	 -9.00000e-06 
17.30769 	 1.13286e+00 	 1.13122e+00 	 1.99541e-01 	 2.04202e-01 	 1.40530e-02 	 1.43860e-02 	 -9.00000e-06 	 -9.00000e-06 
18.07692 	 1.14027e+00 	 1.13871e+00 	 2.16229e-01 	 2.21067e-01 	 1.45890e-02 	 1.49270e-02 	 -9.00000e-06 	 -9.00000e-06 
18.84615 	 1.14782e+00 	 1.14635e+00 	 2.33364e-01 	 2.38376e-01 	 1.50770e-02 	 1.54190e-02 	 -9.00000e-06 	 -9.00000e-06 
19.61538 	 1.15524e+00 	 1.15384e+00 	 2.49921e-01 	 2.55090e-01 	 1.55900e-02 	 1.59360e-02 	 -9.00000e-06 	 -8.00000e-06 
20.38462 	 1.16275e+00 	 1.16140e+00 	 2.66258e-01 	 2.71574e-01 	 1.60800e-02 	 1.64290e-02 	 -8.00000e-06 	 -8.00000e-06 
21.15385 	 1.16986e+00 	 1.16858e+00 	 2.81476e-01 	 2.86931e-01 	 1.64160e-02 	 1.67630e-02 	 -8.00000e-06 	 -8.00000e-06 
21.92308 	 1.17914e+00 	 1.17791e+00 	 2.99392e-01 	 3.04980e-01 	 1.70190e-02 	 1.73710e-02 	 -8.00000e-06 	 -8.00000e-06 
22.69231 	 1.18916e+00 	 1.18798e+00 	 3.17946e-01 	 3.23660e-01 	 1.76450e-02 	 1.80010e-02 	 -8.00000e-06 	 -8.00000e-06 
23.46154 	 1.20002e+00 	 1.19888e+00 	 3.37014e-01 	 3.42846e-01 	 1.83040e-02 	 1.86630e-02 	 -7.00000e-06 	 -7.00000e-06 
24.23077 	 1.21132e+00 	 1.21021e+00 	 3.56075e-01 	 3.62015e-01 	 1.89550e-02 	 1.93180e-02 	 -7.00000e-06 	 -7.00000e-06 
25.00000 	 1.22314e+00 	 1.22208e+00 	 3.75308e-01 	 3.81350e-01 	 1.95720e-02 	 1.99350e-02 	 -7.00000e-06 	 -7.00000e-06 
1.00 	   -  Re
aoa 	 	 Ue_Vinf_SS 	 Ue_Vinf_PS 	  Dstar_SS 	 	  Dstar_PS 	 	  Theta_SS 	 	  Theta_PS 	 	    Cf_SS 	 	    Cf_PS
(deg) 	 	 	 (-) 	 	 	 (-) 	 	 	 (-) 	 	 	 (-) 	 	 	 (-) 	 	 	 (-) 	 	 	 (-) 	 	 	 (-)
-5.00000 	 9.21300e-01 	 8.79460e-01 	 3.33200e-03 	 4.28200e-03 	 2.14800e-03 	 2.55800e-03 	 2.28600e-03 	 1.62800e-03 
-4.23077 	 9.22290e-01 	 8.81590e-01 	 3.55100e-03 	 4.54000e-03 	 2.27000e-03 	 2.69000e-03 	 2.20300e-03 	 1.57200e-03 
-3.46154 	 9.22900e-01 	 8.83620e-01 	 3.83500e-03 	 4.87200e-03 	 2.42600e-03 	 2.85800e-03 	 2.10400e-03 	 1.50600e-03 
-2.69231 	 9.23440e-01 	 8.85320e-01 	 4.09000e-03 	 5.17200e-03 	 2.56100e-03 	 3.00300e-03 	 2.01700e-03 	 1.44500e-03 
-1.92308 	 9.23840e-01 	 8.86990e-01 	 4.38000e-03 	 5.51100e-03 	 2.71500e-03 	 3.16700e-03 	 1.92900e-03 	 1.38500e-03 
-1.15385 	 9.24070e-01 	 8.88560e-01 	 4.70300e-03 	 5.88500e-03 	 2.88000e-03 	 3.34300e-03 	 1.83600e-03 	 1.32000e-03 
-0.38462 	 9.24300e-01 	 8.90030e-01 	 5.03000e-03 	 6.26200e-03 	 3.05000e-03 	 3.52300e-03 	 1.75700e-03 	 1.26600e-03 
0.38462 	 9.24390e-01 	 8.91330e-01 	 5.35600e-03 	 6.63800e-03 	 3.20900e-03 	 3.68900e-03 	 1.67300e-03 	 1.20600e-03 
1.15385 	 9.24410e-01 	 8.92820e-01 	 5.79800e-03 	 7.14000e-03 	 3.43400e-03 	 3.92500e-03 	 1.58800e-03 	 1.14900e-03 
1.92308 	 9.24370e-01 	 8.93920e-01 	 6.13200e-03 	 7.52200e-03 	 3.58200e-03 	 4.07700e-03 	 1.50700e-03 	 1.08900e-03 
2.69231 	 9.24210e-01 	 8.95330e-01 	 6.63900e-03 	 8.09400e-03 	 3.81800e-03 	 4.31800e-03 	 1.41200e-03 	 1.02100e-03 
3.46154 	 9.24080e-01 	 8.96500e-01 	 7.08700e-03 	 8.59900e-03 	 4.01800e-03 	 4.52300e-03 	 1.33300e-03 	 9.64000e-04 
4.23077 	 9.23780e-01 	 8.97720e-01 	 7.58700e-03 	 9.16000e-03 	 4.21200e-03 	 4.71400e-03 	 1.23200e-03 	 8.87000e-04 
5.00000 	 9.23620e-01 	 8.99380e-01 	 8.18500e-03 	 9.82600e-03 	 4.42100e-03 	 4.91600e-03 	 1.11400e-03 	 7.98000e-04 
5.76923 	 9.23570e-01 	 9.01610e-01 	 8.95000e-03 	 1.06720e-02 	 4.65400e-03 	 5.13100e-03 	 9.68000e-04 	 6.86000e-04 
6.53846 	 9.23830e-01 	 9.04090e-01 	 9.85100e-03 	 1.16560e-02 	 4.93900e-03 	 5.40000e-03 	 8.41000e-04 	 5.90000e-04 
7.30769 	 9.25160e-01 	 9.08690e-01 	 1.13850e-02 	 1.33080e-02 	 5.38700e-03 	 5.81400e-03 	 6.66000e-04 	 4.61000e-04 
8.07692 	 9.34600e-01 	 9.25410e-01 	 1.64740e-02 	 1.86490e-02 	 6.66600e-03 	 6.97700e-03 	 3.30000e-04 	 2.12000e-04 
8.84615 	 9.56640e-01 	 9.56270e-01 	 2.48370e-02 	 2.72400e-02 	 7.57300e-03 	 7.58900e-03 	 1.50000e-05 	 5.00000e-06 
9.61538 	 9.89750e-01 	 9.87370e-01 	 3.54760e-02 	 3.80920e-02 	 7.68700e-03 	 7.81300e-03 	 -8.00000e-06 	 -8.00000e-06 
10.38462 	 1.01336e+00 	 1.01069e+00 	 4.71660e-02 	 4.99430e-02 	 8.02400e-03 	 8.19500e-03 	 -9.00000e-06 	 -8.00000e-06 
11.15385 	 1.03205e+00 	 1.02934e+00 	 5.92560e-02 	 6.21950e-02 	 8.48200e-03 	 8.68600e-03 	 -8.00000e-06 	 -8.00000e-06 
11.92308 	 1.04745e+00 	 1.04481e+00 	 7.16790e-02 	 7.47900e-02 	 8.99700e-03 	 9.22800e-03 	 -7.00000e-06 	 -7.00000e-06 
12.69231 	 1.06100e+00 	 1.05848e+00 	 8.47880e-02 	 8.80840e-02 	 9.54300e-03 	 9.79400e-03 	 -7.00000e-06 	 -7.00000e-06 
13.46154 	 1.07301e+00 	 1.07061e+00 	 9.81140e-02 	 1.01594e-01 	 1.00910e-02 	 1.03610e-02 	 -6.00000e-06 	 -6.00000e-06 
14.23077 	 1.08362e+00 	 1.08133e+00 	 1.11638e-01 	 1.15302e-01 	 1.06380e-02 	 1.09230e-02 	 -6.00000e-06 	 -6.00000e-06 
15.00000 	 1.09428e+00 	 1.09212e+00 	 1.26848e-01 	 1.30708e-01 	 1.12610e-02 	 1.15620e-02 	 -6.00000e-06 	 -6.00000e-06 
15.76923 	 1.10304e+00 	 1.10098e+00 	 1.41218e-01 	 1.45264e-01 	 1.18240e-02 	 1.21360e-02 	 -5.00000e-06 	 -5.00000e-06 
16.53846 	 1.11227e+00 	 1.11033e+00 	 1.57671e-01 	 1.61916e-01 	 1.24580e-02 	 1.27810e-02 	 -5.00000e-06 	 -5.00000e-06 
17.30769 	 1.12005e+00 	 1.11820e+00 	 1.73195e-01 	 1.77619e-01 	 1.30510e-02 	 1.33830e-02 	 -5.00000e-06 	 -5.00000e-06 
18.07692 	 1.12791e+00 	 1.12617e+00 	 1.91108e-01 	 1.95733e-01 	 1.37190e-02 	 1.40600e-02 	 -5.00000e-06 	 -5.00000e-06 
18.84615 	 1.13661e+00 	 1.13498e+00 	 2.10425e-01 	 2.15251e-01 	 1.44290e-02 	 1.47780e-02 	 -5.00000e-06 	 -4.00000e-06 
19.61538 	 1.14415e+00 	 1.14259e+00 	 2.28176e-01 	 2.33181e-01 	 1.50670e-02 	 1.54230e-02 	 -4.00000e-06 	 -4.00000e-06 
20.38462 	 1.15217e+00 	 1.15069e+00 	 2.46449e-01 	 2.51624e-01 	 1.57360e-02 	 1.60970e-02 	 -4.00000e-06 	 -4.00000e-06 
21.15385 	 1.16154e+00 	 1.16013e+00 	 2.66666e-01 	 2.72011e-01 	 1.65080e-02 	 1.68740e-02 	 -4.00000e-06 	 -4.00000e-06 
21.92308 	 1.17256e+00 	 1.17123e+00 	 2.88465e-01 	 2.93973e-01 	 1.72940e-02 	 1.76650e-02 	 -4.00000e-06 	 -4.00000e-06 
22.69231 	 1.18330e+00 	 1.18202e+00 	 3.08765e-01 	 3.14415e-01 	 1.80340e-02 	 1.84080e-02 	 -4.00000e-06 	 -4.00000e-06 
23.46154 	 1.19400e+00 	 1.19278e+00 	 3.28451e-01 	 3.34229e-01 	 1.87580e-02 	 1.91360e-02 	 -4.00000e-06 	 -4.00000e-06 
24.23077 	 1.20527e+00 	 1.20410e+00 	 3.48135e-01 	 3.54029e-01 	 1.94580e-02 	 1.98380e-02 	 -4.00000e-06 	 -3.00000e-06 
25.00000 	 1.21712e+00 	 1.21599e+00 	 3.67953e-01 	 3.73956e-01 	 2.01580e-02 	 2.05410e-02 	 -3.00000e-06 	 -3.00000e-06 
5.00 	   -  Re
aoa 	 	 Ue_Vinf_SS 	 Ue_Vinf_PS 	  Dstar_SS 	 	  Dstar_PS 	 	  Theta_SS 	 	  Theta_PS 	 	    Cf_SS 	 	    Cf_PS
(deg) 	 	 	 (-) 	 	 	 (-) 	 	 	 (-) 	 	 	 (-) 	 	 	 (-) 	 	 	 (-) 	 	 	 (-) 	 	 	 (-)
-5.00000 	 9.25060e-01 	 8.72710e-01 	 2.19400e-03 	 2.94800e-03 	 1.48300e-03 	 1.83700e-03 	 1.86400e-03 	 1.28100e-03 
-4.23077 	 9.27040e-01 	 8.76220e-01 	 2.33200e-03 	 3.10700e-03 	 1.56800e-03 	 1.92900e-03 	 1.82100e-03 	 1.26100e-03 
-3.46154 	 9.28780e-01 	 8.79110e-01 	 2.45000e-03 	 3.24600e-03 	 1.63900e-03 	 2.00600e-03 	 1.78300e-03 	 1.24100e-03 
-2.69231 	 9.29900e-01 	 8.81410e-01 	 2.59700e-03 	 3.42100e-03 	 1.72600e-03 	 2.10300e-03 	 1.73500e-03 	 1.21200e-03 
-1.92308 	 9.30410e-01 	 8.82950e-01 	 2.75100e-03 	 3.60900e-03 	 1.81600e-03 	 2.20200e-03 	 1.68400e-03 	 1.17800e-03 
-1.15385 	 9.30500e-01 	 8.83870e-01 	 2.89700e-03 	 3.79100e-03 	 1.89800e-03 	 2.29500e-03 	 1.63400e-03 	 1.14100e-03 
-0.38462 	 9.30380e-01 	 8.85150e-01 	 3.11800e-03 	 4.05900e-03 	 2.02400e-03 	 2.43400e-03 	 1.56700e-03 	 1.09600e-03 
0.38462 	 9.30140e-01 	 8.85610e-01 	 3.25500e-03 	 4.23200e-03 	 2.09700e-03 	 2.51500e-03 	 1.52100e-03 	 1.06100e-03 
1.15385 	 9.29750e-01 	 8.86550e-01 	 3.48100e-03 	 4.50400e-03 	 2.21900e-03 	 2.64900e-03 	 1.45700e-03 	 1.01700e-03 
1.92308 	 9.29120e-01 	 8.87140e-01 	 3.70200e-03 	 4.77300e-03 	 2.33500e-03 	 2.77500e-03 	 1.39600e-03 	 9.73000e-04 
2.69231 	 9.28380e-01 	 8.87780e-01 	 3.95500e-03 	 5.07700e-03 	 2.46600e-03 	 2.91600e-03 	 1.33100e-03 	 9.27000e-04 
3.46154 	 9.27490e-01 	 8.88440e-01 	 4.25100e-03 	 5.42800e-03 	 2.61600e-03 	 3.07500e-03 	 1.26200e-03 	 8.77000e-04 
4.23077 	 9.26260e-01 	 8.89890e-01 	 4.78500e-03 	 6.04800e-03 	 2.88500e-03 	 3.35800e-03 	 1.15900e-03 	 8.08000e-04 
5.00000 	 9.25060e-01 	 8.93300e-01 	 5.84200e-03 	 7.24300e-03 	 3.39700e-03 	 3.88500e-03 	 9.98000e-04 	 7.01000e-04 
5.76923 	 9.24910e-01 	 9.00060e-01 	 7.92100e-03 	 9.53600e-03 	 4.31100e-03 	 4.80100e-03 	 7.64000e-04 	 5.42000e-04 
6.53846 	 9.27120e-01 	 9.08690e-01 	 1.06210e-02 	 1.24490e-02 	 5.30600e-03 	 5.76300e-03 	 5.42000e-04 	 3.82000e-04 
7.30769 	 9.30980e-01 	 9.17670e-01 	 1.35200e-02 	 1.55320e-02 	 6.14700e-03 	 6.54100e-03 	 3.65000e-04 	 2.49000e-04 
8.07692 	 9.36350e-01 	 9.27260e-01 	 1.65330e-02 	 1.86980e-02 	 6.79400e-03 	 7.10300e-03 	 2.27000e-04 	 1.42000e-04 
8.84615 	 9.43650e-01 	 9.38570e-01 	 1.99270e-02 	 2.22300e-02 	 7.26300e-03 	 7.45700e-03 	 1.09000e-04 	 4.40000e-05 
9.61538 	 9.57340e-01 	 9.58010e-01 	 2.42040e-02 	 2.66130e-02 	 7.30600e-03 	 7.27700e-03 	 3.00000e-06 	 1.00000e-06 
10.38462 	 9.76460e-01 	 9.74720e-01 	 2.94410e-02 	 3.20040e-02 	 7.16100e-03 	 7.24100e-03 	 -1.00000e-06 	 -1.00000e-06 
11.15385 	 9.92530e-01 	 9.90200e-01 	 3.59040e-02 	 3.85860e-02 	 7.19800e-03 	 7.32000e-03 	 -2.00000e-06 	 -2.00000e-06 
11.92308 	 1.00703e+00 	 1.00445e+00 	 4.32580e-02 	 4.60580e-02 	 7.34100e-03 	 7.49400e-03 	 -2.00000e-06 	 -2.00000e-06 
12.69231 	 1.02079e+00 	 1.01809e+00 	 5.16660e-02 	 5.45910e-02 	 7.59000e-03 	 7.77100e-03 	 -2.00000e-06 	 -2.00000e-06 
13.46154 	 1.03407e+00 	 1.03135e+00 	 6.14370e-02 	 6.45070e-02 	 7.94700e-03 	 8.15500e-03 	 -2.00000e-06 	 -2.00000e-06 
14.23077 	 1.04584e+00 	 1.04318e+00 	 7.18290e-02 	 7.50570e-02 	 8.35700e-03 	 8.58800e-03 	 -2.00000e-06 	 -1.00000e-06 
15.00000 	 1.05782e+00 	 1.05523e+00 	 8.38320e-02 	 8.72340e-02 	 8.86000e-03 	 9.11300e-03 	 -1.00000e-06 	 -1.00000e-06 
15.76923 	 1.06840e+00 	 1.06591e+00 	 9.61130e-02 	 9.96920e-02 	 9.37800e-03 	 9.65100e-03 	 -1.00000e-06 	 -1.00000e-06 
16.53846 	 1.07829e+00 	 1.07590e+00 	 1.09164e-01 	 1.12925e-01 	 9.95100e-03 	 1.02420e-02 	 -1.00000e-06 	 -1.00000e-06 
17.30769 	 1.08737e+00 	 1.08510e+00 	 1.22757e-01 	 1.26703e-01 	 1.05310e-02 	 1.08370e-02 	 -1.00000e-06 	 -1.00000e-06 
18.07692 	 1.09606e+00 	 1.09391e+00 	 1.37459e-01 	 1.41600e-01 	 1.11430e-02 	 1.14620e-02 	 -1.00000e-06 	 -1.00000e-06 
18.84615 	 1.10477e+00 	 1.10274e+00 	 1.53511e-01 	 1.57850e-01 	 1.18210e-02 	 1.21530e-02 	 -1.00000e-06 	 -1.00000e-06 
19.61538 	 1.11195e+00 	 1.11002e+00 	 1.68769e-01 	 1.73297e-01 	 1.24340e-02 	 1.27750e-02 	 -1.00000e-06 	 -1.00000e-06 
20.38462 	 1.11891e+00 	 1.11708e+00 	 1.84385e-01 	 1.89094e-01 	 1.30390e-02 	 1.33880e-02 	 -1.00000e-06 	 -1.00000e-06 
21.15385 	 1.12569e+00 	 1.12396e+00 	 2.00965e-01 	 2.05858e-01 	 1.36670e-02 	 1.40230e-02 	 -1.00000e-06 	 -1.00000e-06 
21.92308 	 1.13265e+00 	 1.13101e+00 	 2.18344e-01 	 2.23420e-01 	 1.43100e-02 	 1.46720e-02 	 -1.00000e-06 	 -1.00000e-06 
22.69231 	 1.13989e+00 	 1.13834e+00 	 2.36611e-01 	 2.41870e-01 	 1.49710e-02 	 1.53390e-02 	 -1.00000e-06 	 -1.00000e-06 
23.46154 	 1.14789e+00 	 1.14641e+00 	 2.55596e-01 	 2.61028e-01 	 1.56570e-02 	 1.60290e-02 	 -1.00000e-06 	 -1.00000e-06 
24.23077 	 1.15729e+00 	 1.15590e+00 	 2.76526e-01 	 2.82130e-01 	 1.64480e-02 	 1.68240e-02 	 -1.00000e-06 	 -1.00000e-06 
25.00000 	 1.16728e+00 	 1.16595e+00 	 2.97309e-01 	 3.03069e-01 	 1.72420e-02 	 1.76220e-02 	 -1.00000e-06 	 -1.00000e-06 
10.00 	   -  Re
aoa 	 	 Ue_Vinf_SS 	 Ue_Vinf_PS 	  Dstar_SS 	 	  Dstar_PS 	 	  Theta_SS 	 	  Theta_PS 	 	    Cf_SS 	 	    Cf_PS
(deg) 	 	 	 (-) 	 	 	 (-) 	 	 	 (-) 	 	 	 (-) 	 	 	 (-) 	 	 	 (-) 	 	 	 (-) 	 	 	 (-)
-5.00000 	 9.26980e-01 	 8.70930e-01 	 1.91500e-03 	 2.60100e-03 	 1.32600e-03 	 1.66300e-03 	 1.73300e-03 	 1.19000e-03 
-4.23077 	 9.28110e-01 	 8.73340e-01 	 2.04300e-03 	 2.75900e-03 	 1.40700e-03 	 1.75500e-03 	 1.68900e-03 	 1.16500e-03 
-3.46154 	 9.29940e-01 	 8.76100e-01 	 2.12100e-03 	 2.85000e-03 	 1.45500e-03 	 1.80700e-03 	 1.66400e-03 	 1.15200e-03 
-2.69231 	 9.31350e-01 	 8.78920e-01 	 2.25400e-03 	 3.00800e-03 	 1.53800e-03 	 1.89800e-03 	 1.62400e-03 	 1.13100e-03 
-1.92308 	 9.32460e-01 	 8.81020e-01 	 2.36300e-03 	 3.14000e-03 	 1.60300e-03 	 1.97100e-03 	 1.58900e-03 	 1.10900e-03 
-1.15385 	 9.32960e-01 	 8.82490e-01 	 2.49300e-03 	 3.30000e-03 	 1.68000e-03 	 2.05800e-03 	 1.54700e-03 	 1.08100e-03 
-0.38462 	 9.32810e-01 	 8.83500e-01 	 2.66300e-03 	 3.51100e-03 	 1.78100e-03 	 2.17100e-03 	 1.49500e-03 	 1.04400e-03 
0.38462 	 9.32540e-01 	 8.83900e-01 	 2.78400e-03 	 3.66500e-03 	 1.84900e-03 	 2.24900e-03 	 1.45400e-03 	 1.01300e-03 
1.15385 	 9.31980e-01 	 8.84740e-01 	 2.99500e-03 	 3.92400e-03 	 1.97000e-03 	 2.38400e-03 	 1.39400e-03 	 9.72000e-04 
1.92308 	 9.31330e-01 	 8.85050e-01 	 3.15700e-03 	 4.12700e-03 	 2.05800e-03 	 2.48300e-03 	 1.34700e-03 	 9.37000e-04 
2.69231 	 9.30260e-01 	 8.85840e-01 	 3.45000e-03 	 4.48100e-03 	 2.22100e-03 	 2.66100e-03 	 1.27500e-03 	 8.88000e-04 
3.46154 	 9.28810e-01 	 8.87380e-01 	 3.93900e-03 	 5.05800e-03 	 2.48700e-03 	 2.94700e-03 	 1.17500e-03 	 8.21000e-04 
4.23077 	 9.26610e-01 	 8.92590e-01 	 5.40200e-03 	 6.72500e-03 	 3.24800e-03 	 3.74100e-03 	 9.56000e-04 	 6.79000e-04 
5.00000 	 9.25820e-01 	 8.97270e-01 	 6.84200e-03 	 8.33200e-03 	 3.91900e-03 	 4.42200e-03 	 7.86000e-04 	 5.62000e-04 
5.76923 	 9.26050e-01 	 9.02870e-01 	 8.66700e-03 	 1.03330e-02 	 4.67000e-03 	 5.16400e-03 	 6.21000e-04 	 4.44000e-04 
6.53846 	 9.27310e-01 	 9.08480e-01 	 1.05290e-02 	 1.23470e-02 	 5.32600e-03 	 5.79100e-03 	 4.84000e-04 	 3.42000e-04 
7.30769 	 9.29240e-01 	 9.14120e-01 	 1.24670e-02 	 1.44230e-02 	 5.89800e-03 	 6.32100e-03 	 3.67000e-04 	 2.54000e-04 
8.07692 	 9.32040e-01 	 9.20280e-01 	 1.45280e-02 	 1.66120e-02 	 6.39400e-03 	 6.76000e-03 	 2.67000e-04 	 1.76000e-04 
8.84615 	 9.35360e-01 	 9.26600e-01 	 1.66310e-02 	 1.88300e-02 	 6.78100e-03 	 7.07900e-03 	 1.83000e-04 	 1.09000e-04 
9.61538 	 9.40670e-01 	 9.35270e-01 	 1.92660e-02 	 2.15820e-02 	 7.12100e-03 	 7.32200e-03 	 9.80000e-05 	 3.70000e-05 
10.38462 	 9.52390e-01 	 9.54190e-01 	 2.32470e-02 	 2.56580e-02 	 7.17500e-03 	 7.10200e-03 	 2.00000e-06 	 0.00000e+00 
11.15385 	 9.71990e-01 	 9.70510e-01 	 2.81310e-02 	 3.07130e-02 	 6.96800e-03 	 7.03400e-03 	 0.00000e+00 	 -1.00000e-06 
11.92308 	 9.88040e-01 	 9.85820e-01 	 3.43880e-02 	 3.70920e-02 	 6.97700e-03 	 7.08800e-03 	 -1.00000e-06 	 -1.00000e-06 
12.69231 	 1.00216e+00 	 9.99660e-01 	 4.13290e-02 	 4.41480e-02 	 7.08600e-03 	 7.22800e-03 	 -1.00000e-06 	 -1.00000e-06 
13.46154 	 1.01628e+00 	 1.01362e+00 	 4.96850e-02 	 5.26300e-02 	 7.30900e-03 	 7.48200e-03 	 -1.00000e-06 	 -1.00000e-06 
14.23077 	 1.02887e+00 	 1.02615e+00 	 5.87110e-02 	 6.17930e-02 	 7.61200e-03 	 7.81200e-03 	 -1.00000e-06 	 -1.00000e-06 
15.00000 	 1.04139e+00 	 1.03872e+00 	 6.94240e-02 	 7.26690e-02 	 8.02900e-03 	 8.25300e-03 	 -1.00000e-06 	 -1.00000e-06 
15.76923 	 1.05265e+00 	 1.05004e+00 	 8.05220e-02 	 8.39310e-02 	 8.48200e-03 	 8.72900e-03 	 -1.00000e-06 	 -1.00000e-06 
16.53846 	 1.06330e+00 	 1.06076e+00 	 9.26400e-02 	 9.62240e-02 	 9.00500e-03 	 9.27400e-03 	 -1.00000e-06 	 -1.00000e-06 
17.30769 	 1.07281e+00 	 1.07037e+00 	 1.05017e-01 	 1.08778e-01 	 9.54100e-03 	 9.82800e-03 	 -1.00000e-06 	 -1.00000e-06 
18.07692 	 1.08232e+00 	 1.08000e+00 	 1.18929e-01 	 1.22880e-01 	 1.01550e-02 	 1.04590e-02 	 -1.00000e-06 	 -1.00000e-06 
18.84615 	 1.09151e+00 	 1.08931e+00 	 1.34099e-01 	 1.38251e-01 	 1.08230e-02 	 1.11420e-02 	 -1.00000e-06 	 -1.00000e-06 
19.61538 	 1.09965e+00 	 1.09756e+00 	 1.49248e-01 	 1.53593e-01 	 1.14560e-02 	 1.17870e-02 	 -1.00000e-06 	 -1.00000e-06 
20.38462 	 1.10666e+00 	 1.10469e+00 	 1.64142e-01 	 1.68675e-01 	 1.20570e-02 	 1.23970e-02 	 -1.00000e-06 	 -1.00000e-06 
21.15385 	 1.11347e+00 	 1.11160e+00 	 1.79707e-01 	 1.84427e-01 	 1.26720e-02 	 1.30210e-02 	 -1.00000e-06 	 0.00000e+00 
21.92308 	 1.12014e+00 	 1.11837e+00 	 1.95996e-01 	 2.00902e-01 	 1.32930e-02 	 1.36490e-02 	 0.00000e+00 	 0.00000e+00 
22.69231 	 1.12687e+00 	 1.12520e+00 	 2.12761e-01 	 2.17845e-01 	 1.39180e-02 	 1.42810e-02 	 0.00000e+00 	 0.00000e+00 
23.46154 	 1.13364e+00 	 1.13205e+00 	 2.30429e-01 	 2.35695e-01 	 1.45630e-02 	 1.49310e-02 	 0.00000e+00 	 0.00000e+00 
24.23077 	 1.14126e+00 	 1.13976e+00 	 2.49373e-01 	 2.54817e-01 	 1.52670e-02 	 1.56400e-02 	 0.00000e+00 	 0.00000e+00 
25.00000 	 1.14984e+00 	 1.14842e+00 	 2.69393e-01 	 2.75009e-01 	 1.60220e-02 	 1.63990e-02 	 0.00000e+00 	 0.00000e+00 
