Reynolds number List -  Side 
4 
      500000.0 
     1000000.0 
     5000000.0 
    10000000.0 
Angle of Attack List -  Downwards 
181 
-5.00 
 -4.75 
 -4.50 
 -4.25 
 -4.00 
 -3.75 
 -3.50 
 -3.25 
 -3.00 
 -2.75 
 -2.50 
 -2.25 
 -2.00 
 -1.75 
 -1.50 
 -1.25 
 -1.00 
 -0.75 
 -0.50 
 -0.25 
 0.00 
 0.25 
 0.50 
 0.75 
 1.00 
 1.25 
 1.50 
 1.75 
 2.00 
 2.25 
 2.50 
 2.75 
 3.00 
 3.25 
 3.50 
 3.75 
 4.00 
 4.25 
 4.50 
 4.75 
 5.00 
 5.25 
 5.50 
 5.75 
 6.00 
 6.25 
 6.50 
 6.75 
 7.00 
 7.25 
 7.50 
 7.75 
 8.00 
 8.25 
 8.50 
 8.75 
 9.00 
 9.25 
 9.50 
 9.75 
 10.00 
 10.25 
 10.50 
 10.75 
 11.00 
 11.25 
 11.50 
 11.75 
 12.00 
 12.25 
 12.50 
 12.75 
 13.00 
 13.25 
 13.50 
 13.75 
 14.00 
 14.25 
 14.50 
 14.75 
 15.00 
 15.25 
 15.50 
 15.75 
 16.00 
 16.25 
 16.50 
 16.75 
 17.00 
 17.25 
 17.50 
 17.75 
 18.00 
 18.25 
 18.50 
 18.75 
 19.00 
 19.25 
 19.50 
 19.75 
 20.00 
 20.25 
 20.50 
 20.75 
 21.00 
 21.25 
 21.50 
 21.75 
 22.00 
 22.25 
 22.50 
 22.75 
 23.00 
 23.25 
 23.50 
 23.75 
 24.00 
 24.25 
 24.50 
 24.75 
 25.00 
 25.25 
 25.50 
 25.75 
 26.00 
 26.25 
 26.50 
 26.75 
 27.00 
 27.25 
 27.50 
 27.75 
 28.00 
 28.25 
 28.50 
 28.75 
 29.00 
 29.25 
 29.50 
 29.75 
 30.00 
 30.25 
 30.50 
 30.75 
 31.00 
 31.25 
 31.50 
 31.75 
 32.00 
 32.25 
 32.50 
 32.75 
 33.00 
 33.25 
 33.50 
 33.75 
 34.00 
 34.25 
 34.50 
 34.75 
 35.00 
 35.25 
 35.50 
 35.75 
 36.00 
 36.25 
 36.50 
 36.75 
 37.00 
 37.25 
 37.50 
 37.75 
 38.00 
 38.25 
 38.50 
 38.75 
 39.00 
 39.25 
 39.50 
 39.75 
 40.00 
  Pressure BL Thick 
 Pressure Disp Thick 
Pressure Cf  
Suction BL Thick  
Suction Disp Thick  
Cf Suction  
0.006232 0.004344 0.002700 0.002451 0.006232 0.004344 0.002700 0.002451 0.006232 0.004344 0.002700 0.002451 0.006232 0.004344 0.002700 0.002451 0.006232 0.004344 0.002700 0.002451 0.006232 0.004344 0.002700 0.002451 0.006232 0.004344 0.002700 0.002451 0.006232 0.004344 0.002700 0.002451 0.006232 0.004344 0.002700 0.002451 0.006232 0.004344 0.002700 0.002451 0.006232 0.004344 0.002700 0.002451 0.006232 0.004344 0.002700 0.002451 0.006232 0.004344 0.002700 0.002451 0.006232 0.004344 0.002700 0.002451 0.006232 0.004344 0.002700 0.002451 0.006232 0.004344 0.002700 0.002451 0.006232 0.004344 0.002700 0.002451 0.006232 0.004344 0.002700 0.002451 0.006232 0.004344 0.002700 0.002451 0.006232 0.004344 0.002700 0.002451 0.006232 0.004344 0.002700 0.002451 0.006007 0.004235 0.002652 0.002410 0.005799 0.004131 0.002605 0.002369 0.005605 0.004031 0.002559 0.002329 0.005423 0.003934 0.002513 0.002290 0.005253 0.003841 0.002469 0.002252 0.005091 0.003752 0.002426 0.002214 0.004939 0.003665 0.002384 0.002169 0.004794 0.003582 0.002343 0.002133 0.004657 0.003501 0.002302 0.002097 0.004526 0.003423 0.002263 0.002063 0.004401 0.003347 0.002224 0.002028 0.004281 0.003274 0.002186 0.001995 0.004167 0.003202 0.002149 0.001962 0.004057 0.003133 0.002112 0.001930 0.003952 0.003066 0.002076 0.001898 0.003850 0.003001 0.002031 0.001858 0.003753 0.002937 0.001997 0.001828 0.003658 0.002876 0.001963 0.001797 0.003567 0.002816 0.001930 0.001768 0.003479 0.002757 0.001897 0.001739 0.003394 0.002700 0.001865 0.001710 0.003312 0.002645 0.001834 0.001674 0.003232 0.002590 0.001793 0.001646 0.003154 0.002537 0.001763 0.001610 0.003079 0.002486 0.001733 0.001575 0.003006 0.002435 0.001694 0.001541 0.002935 0.002386 0.001665 0.001500 0.002865 0.002337 0.001627 0.001467 0.002797 0.002290 0.001590 0.001427 0.002731 0.002239 0.001553 0.001395 0.002666 0.002182 0.001516 0.001357 0.002603 0.002138 0.001471 0.001325 0.002541 0.002094 0.001435 0.001293 0.002479 0.002046 0.001398 0.001255 0.002418 0.001991 0.001330 0.001223 0.002347 0.001943 0.001293 0.001197 0.002263 0.001887 0.001256 0.001150 0.002203 0.001833 0.001211 0.001106 0.002147 0.001765 0.001172 0.001017 0.002086 0.001710 0.001140 0.000987 0.002022 0.001640 0.001111 0.000964 0.001972 0.001603 0.001078 0.000945 0.001921 0.001559 0.001058 0.000917 0.001864 0.001501 0.001027 0.000902 0.001814 0.001462 0.001012 0.000876 0.001763 0.001412 0.000986 0.000862 0.001719 0.001367 0.000957 0.000838 0.001670 0.001344 0.000947 0.000815 0.001631 0.001308 0.000918 0.000803 0.001585 0.001277 0.000853 0.000781 0.001544 0.001245 0.000828 0.000729 0.001508 0.001214 0.000828 0.000709 0.001471 0.001187 0.000800 0.000703 0.001429 0.001162 0.000785 0.000682 0.001394 0.001141 0.000769 0.000669 0.001379 0.001116 0.000750 0.000653 0.001347 0.001105 0.000755 0.000654 0.001314 0.001086 0.000729 0.000631 0.001296 0.001056 0.000713 0.000619 0.001258 0.001049 0.000717 0.000622 0.001249 0.001040 0.000691 0.000599 0.001232 0.001007 0.000675 0.000591 0.001191 0.000978 0.000669 0.000597 0.001130 0.000964 0.000678 0.000577 0.001121 0.000973 0.000660 0.000553 0.001115 0.000956 0.000634 0.000526 0.001092 0.000932 0.000622 0.000530 0.001062 0.000905 0.000614 0.000508 0.001040 0.000859 0.000600 0.000496 0.001030 0.000865 0.000579 0.000495 0.001027 0.000861 0.000559 0.000510 0.001017 0.000848 0.000549 0.000497 0.000998 0.000824 0.000544 0.000476 0.000972 0.000798 0.000567 0.000462 0.000948 0.000780 0.000560 0.000455 0.000932 0.000769 0.000548 0.000457 0.000927 0.000762 0.000528 0.000476 0.000927 0.000776 0.000508 0.000467 0.000916 0.000766 0.000498 0.000452 0.000892 0.000750 0.000491 0.000429 0.000854 0.000727 0.000490 0.000420 0.000832 0.000710 0.000512 0.000409 0.000822 0.000679 0.000505 0.000391 0.000820 0.000673 0.000474 0.000399 0.000817 0.000683 0.000445 0.000411 0.000799 0.000675 0.000437 0.000402 0.000780 0.000648 0.000435 0.000384 0.000769 0.000635 0.000454 0.000369 0.000767 0.000629 0.000448 0.000366 0.000763 0.000641 0.000435 0.000374 0.000744 0.000634 0.000415 0.000381 0.000731 0.000621 0.000408 0.000370 0.000733 0.000600 0.000406 0.000370 0.000724 0.000610 0.000424 0.000370 0.000708 0.000605 0.000417 0.000370 0.000701 0.000589 0.000394 0.000370 0.000694 0.000571 0.000385 0.000370 0.000687 0.000568 0.000382 0.000370 0.000687 0.000578 0.000402 0.000370 0.000687 0.000566 0.000394 0.000370 0.000687 0.000546 0.000358 0.000370 0.000687 0.000545 0.000350 0.000370 0.000687 0.000534 0.000372 0.000370 0.000687 0.000513 0.000367 0.000370 0.000687 0.000508 0.000341 0.000370 0.000687 0.000506 0.000336 0.000370 0.000687 0.000506 0.000333 0.000370 0.000687 0.000506 0.000337 0.000370 0.000687 0.000506 0.000347 0.000370 0.000687 0.000506 0.000322 0.000370 0.000687 0.000506 0.000319 0.000370 0.000687 0.000506 0.000352 0.000370 0.000687 0.000506 0.000352 0.000370 0.000687 0.000506 0.000352 0.000370 0.000687 0.000506 0.000352 0.000370 0.000687 0.000506 0.000352 0.000370 0.000687 0.000506 0.000352 0.000370 0.000687 0.000506 0.000352 0.000370 0.000687 0.000506 0.000352 0.000370 0.000687 0.000506 0.000352 0.000370 0.000687 0.000506 0.000352 0.000370 0.000687 0.000506 0.000352 0.000370 0.000687 0.000506 0.000352 0.000370 0.000687 0.000506 0.000352 0.000370 0.000687 0.000506 0.000352 0.000370 0.000687 0.000506 0.000352 0.000370 0.000687 0.000506 0.000352 0.000370 0.000687 0.000506 0.000352 0.000370 0.000687 0.000506 0.000352 0.000370 0.000687 0.000506 0.000352 0.000370 0.000687 0.000506 0.000352 0.000370 0.000687 0.000506 0.000352 0.000370 0.000687 0.000506 0.000352 0.000370 0.000687 0.000506 0.000352 0.000370 0.000687 0.000506 0.000352 0.000370 0.000687 0.000506 0.000352 0.000370 0.000687 0.000506 0.000352 0.000370 0.000687 0.000506 0.000352 0.000370 0.000687 0.000506 0.000352 0.000370 0.000687 0.000506 0.000352 0.000370 0.000687 0.000506 0.000352 0.000370 0.000687 0.000506 0.000352 0.000370 0.000687 0.000506 0.000352 0.000370 0.000687 0.000506 0.000352 0.000370 0.000687 0.000506 0.000352 0.000370 0.000687 0.000506 0.000352 0.000370 0.000687 0.000506 0.000352 0.000370 0.000687 0.000506 0.000352 0.000370 0.000687 0.000506 0.000352 0.000370 0.000687 0.000506 0.000352 0.000370 0.000687 0.000506 0.000352 0.000370 0.000687 0.000506 0.000352 0.000370 0.000687 0.000506 0.000352 0.000370 0.000687 0.000506 0.000352 0.000370 0.000687 0.000506 0.000352 0.000370 0.000687 0.000506 0.000352 0.000370 0.000687 0.000506 0.000352 0.000370 0.000687 0.000506 0.000352 0.000370 0.000687 0.000506 0.000352 0.000370 0.000687 0.000506 0.000352 0.000370  
0.006232 0.004344 0.002700 0.002451 0.006232 0.004344 0.002700 0.002451 0.006232 0.004344 0.002700 0.002451 0.006232 0.004344 0.002700 0.002451 0.006232 0.004344 0.002700 0.002451 0.006232 0.004344 0.002700 0.002451 0.006232 0.004344 0.002700 0.002451 0.006232 0.004344 0.002700 0.002451 0.006232 0.004344 0.002700 0.002451 0.006232 0.004344 0.002700 0.002451 0.006232 0.004344 0.002700 0.002451 0.006232 0.004344 0.002700 0.002451 0.006232 0.004344 0.002700 0.002451 0.006232 0.004344 0.002700 0.002451 0.006232 0.004344 0.002700 0.002451 0.006232 0.004344 0.002700 0.002451 0.006232 0.004344 0.002700 0.002451 0.006232 0.004344 0.002700 0.002451 0.006232 0.004344 0.002700 0.002451 0.006232 0.004344 0.002700 0.002451 0.006232 0.004344 0.002700 0.002451 0.006007 0.004235 0.002652 0.002410 0.005799 0.004131 0.002605 0.002369 0.005605 0.004031 0.002559 0.002329 0.005423 0.003934 0.002513 0.002290 0.005253 0.003841 0.002469 0.002252 0.005091 0.003752 0.002426 0.002214 0.004939 0.003665 0.002384 0.002169 0.004794 0.003582 0.002343 0.002133 0.004657 0.003501 0.002302 0.002097 0.004526 0.003423 0.002263 0.002063 0.004401 0.003347 0.002224 0.002028 0.004281 0.003274 0.002186 0.001995 0.004167 0.003202 0.002149 0.001962 0.004057 0.003133 0.002112 0.001930 0.003952 0.003066 0.002076 0.001898 0.003850 0.003001 0.002031 0.001858 0.003753 0.002937 0.001997 0.001828 0.003658 0.002876 0.001963 0.001797 0.003567 0.002816 0.001930 0.001768 0.003479 0.002757 0.001897 0.001739 0.003394 0.002700 0.001865 0.001710 0.003312 0.002645 0.001834 0.001674 0.003232 0.002590 0.001793 0.001646 0.003154 0.002537 0.001763 0.001610 0.003079 0.002486 0.001733 0.001575 0.003006 0.002435 0.001694 0.001541 0.002935 0.002386 0.001665 0.001500 0.002865 0.002337 0.001627 0.001467 0.002797 0.002290 0.001590 0.001427 0.002731 0.002239 0.001553 0.001395 0.002666 0.002182 0.001516 0.001357 0.002603 0.002138 0.001471 0.001325 0.002541 0.002094 0.001435 0.001293 0.002479 0.002046 0.001398 0.001255 0.002418 0.001991 0.001330 0.001223 0.002347 0.001943 0.001293 0.001197 0.002263 0.001887 0.001256 0.001150 0.002203 0.001833 0.001211 0.001106 0.002147 0.001765 0.001172 0.001017 0.002086 0.001710 0.001140 0.000987 0.002022 0.001640 0.001111 0.000964 0.001972 0.001603 0.001078 0.000945 0.001921 0.001559 0.001058 0.000917 0.001864 0.001501 0.001027 0.000902 0.001814 0.001462 0.001012 0.000876 0.001763 0.001412 0.000986 0.000862 0.001719 0.001367 0.000957 0.000838 0.001670 0.001344 0.000947 0.000815 0.001631 0.001308 0.000918 0.000803 0.001585 0.001277 0.000853 0.000781 0.001544 0.001245 0.000828 0.000729 0.001508 0.001214 0.000828 0.000709 0.001471 0.001187 0.000800 0.000703 0.001429 0.001162 0.000785 0.000682 0.001394 0.001141 0.000769 0.000669 0.001379 0.001116 0.000750 0.000653 0.001347 0.001105 0.000755 0.000654 0.001314 0.001086 0.000729 0.000631 0.001296 0.001056 0.000713 0.000619 0.001258 0.001049 0.000717 0.000622 0.001249 0.001040 0.000691 0.000599 0.001232 0.001007 0.000675 0.000591 0.001191 0.000978 0.000669 0.000597 0.001130 0.000964 0.000678 0.000577 0.001121 0.000973 0.000660 0.000553 0.001115 0.000956 0.000634 0.000526 0.001092 0.000932 0.000622 0.000530 0.001062 0.000905 0.000614 0.000508 0.001040 0.000859 0.000600 0.000496 0.001030 0.000865 0.000579 0.000495 0.001027 0.000861 0.000559 0.000510 0.001017 0.000848 0.000549 0.000497 0.000998 0.000824 0.000544 0.000476 0.000972 0.000798 0.000567 0.000462 0.000948 0.000780 0.000560 0.000455 0.000932 0.000769 0.000548 0.000457 0.000927 0.000762 0.000528 0.000476 0.000927 0.000776 0.000508 0.000467 0.000916 0.000766 0.000498 0.000452 0.000892 0.000750 0.000491 0.000429 0.000854 0.000727 0.000490 0.000420 0.000832 0.000710 0.000512 0.000409 0.000822 0.000679 0.000505 0.000391 0.000820 0.000673 0.000474 0.000399 0.000817 0.000683 0.000445 0.000411 0.000799 0.000675 0.000437 0.000402 0.000780 0.000648 0.000435 0.000384 0.000769 0.000635 0.000454 0.000369 0.000767 0.000629 0.000448 0.000366 0.000763 0.000641 0.000435 0.000374 0.000744 0.000634 0.000415 0.000381 0.000731 0.000621 0.000408 0.000370 0.000733 0.000600 0.000406 0.000370 0.000724 0.000610 0.000424 0.000370 0.000708 0.000605 0.000417 0.000370 0.000701 0.000589 0.000394 0.000370 0.000694 0.000571 0.000385 0.000370 0.000687 0.000568 0.000382 0.000370 0.000687 0.000578 0.000402 0.000370 0.000687 0.000566 0.000394 0.000370 0.000687 0.000546 0.000358 0.000370 0.000687 0.000545 0.000350 0.000370 0.000687 0.000534 0.000372 0.000370 0.000687 0.000513 0.000367 0.000370 0.000687 0.000508 0.000341 0.000370 0.000687 0.000506 0.000336 0.000370 0.000687 0.000506 0.000333 0.000370 0.000687 0.000506 0.000337 0.000370 0.000687 0.000506 0.000347 0.000370 0.000687 0.000506 0.000322 0.000370 0.000687 0.000506 0.000319 0.000370 0.000687 0.000506 0.000352 0.000370 0.000687 0.000506 0.000352 0.000370 0.000687 0.000506 0.000352 0.000370 0.000687 0.000506 0.000352 0.000370 0.000687 0.000506 0.000352 0.000370 0.000687 0.000506 0.000352 0.000370 0.000687 0.000506 0.000352 0.000370 0.000687 0.000506 0.000352 0.000370 0.000687 0.000506 0.000352 0.000370 0.000687 0.000506 0.000352 0.000370 0.000687 0.000506 0.000352 0.000370 0.000687 0.000506 0.000352 0.000370 0.000687 0.000506 0.000352 0.000370 0.000687 0.000506 0.000352 0.000370 0.000687 0.000506 0.000352 0.000370 0.000687 0.000506 0.000352 0.000370 0.000687 0.000506 0.000352 0.000370 0.000687 0.000506 0.000352 0.000370 0.000687 0.000506 0.000352 0.000370 0.000687 0.000506 0.000352 0.000370 0.000687 0.000506 0.000352 0.000370 0.000687 0.000506 0.000352 0.000370 0.000687 0.000506 0.000352 0.000370 0.000687 0.000506 0.000352 0.000370 0.000687 0.000506 0.000352 0.000370 0.000687 0.000506 0.000352 0.000370 0.000687 0.000506 0.000352 0.000370 0.000687 0.000506 0.000352 0.000370 0.000687 0.000506 0.000352 0.000370 0.000687 0.000506 0.000352 0.000370 0.000687 0.000506 0.000352 0.000370 0.000687 0.000506 0.000352 0.000370 0.000687 0.000506 0.000352 0.000370 0.000687 0.000506 0.000352 0.000370 0.000687 0.000506 0.000352 0.000370 0.000687 0.000506 0.000352 0.000370 0.000687 0.000506 0.000352 0.000370 0.000687 0.000506 0.000352 0.000370 0.000687 0.000506 0.000352 0.000370 0.000687 0.000506 0.000352 0.000370 0.000687 0.000506 0.000352 0.000370 0.000687 0.000506 0.000352 0.000370 0.000687 0.000506 0.000352 0.000370 0.000687 0.000506 0.000352 0.000370 0.000687 0.000506 0.000352 0.000370 0.000687 0.000506 0.000352 0.000370 0.000687 0.000506 0.000352 0.000370 0.000687 0.000506 0.000352 0.000370 0.000687 0.000506 0.000352 0.000370  
0.000000 0.000000 0.000000 0.000000 0.000000 0.000000 0.000000 0.000000 0.000000 0.000000 0.000000 0.000000 0.000000 0.000000 0.000000 0.000000 0.000000 0.000000 0.000000 0.000000 0.000000 0.000000 0.000000 0.000000 0.000000 0.000000 0.000000 0.000000 0.000000 0.000000 0.000000 0.000000 0.000000 0.000000 0.000000 0.000000 0.000000 0.000000 0.000000 0.000000 0.000000 0.000000 0.000000 0.000000 0.000000 0.000000 0.000000 0.000000 0.000000 0.000000 0.000000 0.000000 0.000000 0.000000 0.000000 0.000000 0.000000 0.000000 0.000000 0.000000 0.000000 0.000000 0.000000 0.000000 0.000000 0.000000 0.000000 0.000000 0.000000 0.000000 0.000000 0.000000 0.000000 0.000000 0.000000 0.000000 0.000000 0.000000 0.000000 0.000000 0.000000 0.000000 0.000000 0.000000 0.000000 0.000000 0.000000 0.000000 0.000000 0.000000 0.000000 0.000000 0.000000 0.000000 0.000000 0.000000 0.000000 0.000000 0.000000 0.000000 0.000000 0.000000 0.000000 0.000000 0.000000 0.000000 0.000000 0.000000 0.000000 0.000000 0.000000 0.000000 0.000000 0.000000 0.000000 0.000000 0.000000 0.000000 0.000000 0.000000 0.000000 0.000000 0.000000 0.000000 0.000000 0.000000 0.000000 0.000000 0.000000 0.000000 0.000000 0.000000 0.000000 0.000000 0.000000 0.000000 0.000000 0.000000 0.000000 0.000000 0.000000 0.000000 0.000000 0.000000 0.000000 0.000000 0.000000 0.000000 0.000000 0.000000 0.000000 0.000000 0.000000 0.000000 0.000000 0.000000 0.000000 0.000000 0.000000 0.000000 0.000000 0.000000 0.000000 0.000000 0.000000 0.000000 0.000000 0.000000 0.000000 0.000000 0.000000 0.000000 0.000000 0.000000 0.000000 0.000000 0.000000 0.000000 0.000000 0.000000 0.000000 0.000000 0.000000 0.000000 0.000000 0.000000 0.000000 0.000000 0.000000 0.000000 0.000000 0.000000 0.000000 0.000000 0.000000 0.000000 0.000000 0.000000 0.000000 0.000000 0.000000 0.000000 0.000000 0.000000 0.000000 0.000000 0.000000 0.000000 0.000000 0.000000 0.000000 0.000000 0.000000 0.000000 0.000000 0.000000 0.000000 0.000000 0.000000 0.000000 0.000000 0.000000 0.000000 0.000000 0.000000 0.000000 0.000000 0.000000 0.000000 0.000000 0.000000 0.000000 0.000000 0.000000 0.000000 0.000000 0.000000 0.000000 0.000000 0.000000 0.000000 0.000000 0.000000 0.000000 0.000000 0.000000 0.000000 0.000000 0.000000 0.000000 0.000000 0.000000 0.000000 0.000000 0.000000 0.000000 0.000000 0.000000 0.000000 0.000000 0.000000 0.000000 0.000000 0.000000 0.000000 0.000000 0.000000 0.000000 0.000000 0.000000 0.000000 0.000000 0.000000 0.000000 0.000000 0.000000 0.000000 0.000000 0.000000 0.000000 0.000000 0.000000 0.000000 0.000000 0.000000 0.000000 0.000000 0.000000 0.000000 0.000000 0.000000 0.000000 0.000000 0.000000 0.000000 0.000000 0.000000 0.000000 0.000000 0.000000 0.000000 0.000000 0.000000 0.000000 0.000000 0.000000 0.000000 0.000000 0.000000 0.000000 0.000000 0.000000 0.000000 0.000000 0.000000 0.000000 0.000000 0.000000 0.000000 0.000000 0.000000 0.000000 0.000000 0.000000 0.000000 0.000000 0.000000 0.000000 0.000000 0.000000 0.000000 0.000000 0.000000 0.000000 0.000000 0.000000 0.000000 0.000000 0.000000 0.000000 0.000000 0.000000 0.000000 0.000000 0.000000 0.000000 0.000000 0.000000 0.000000 0.000000 0.000000 0.000000 0.000000 0.000000 0.000000 0.000000 0.000000 0.000000 0.000000 0.000000 0.000000 0.000000 0.000000 0.000000 0.000000 0.000000 0.000000 0.000000 0.000000 0.000000 0.000000 0.000000 0.000000 0.000000 0.000000 0.000000 0.000000 0.000000 0.000000 0.000000 0.000000 0.000000 0.000000 0.000000 0.000000 0.000000 0.000000 0.000000 0.000000 0.000000 0.000000 0.000000 0.000000 0.000000 0.000000 0.000000 0.000000 0.000000 0.000000 0.000000 0.000000 0.000000 0.000000 0.000000 0.000000 0.000000 0.000000 0.000000 0.000000 0.000000 0.000000 0.000000 0.000000 0.000000 0.000000 0.000000 0.000000 0.000000 0.000000 0.000000 0.000000 0.000000 0.000000 0.000000 0.000000 0.000000 0.000000 0.000000 0.000000 0.000000 0.000000 0.000000 0.000000 0.000000 0.000000 0.000000 0.000000 0.000000 0.000000 0.000000 0.000000 0.000000 0.000000 0.000000 0.000000 0.000000 0.000000 0.000000 0.000000 0.000000 0.000000 0.000000 0.000000 0.000000 0.000000 0.000000 0.000000 0.000000 0.000000 0.000000 0.000000 0.000000 0.000000 0.000000 0.000000 0.000000 0.000000 0.000000 0.000000 0.000000 0.000000 0.000000 0.000000 0.000000 0.000000 0.000000 0.000000 0.000000 0.000000 0.000000 0.000000 0.000000 0.000000 0.000000 0.000000 0.000000 0.000000 0.000000 0.000000 0.000000 0.000000 0.000000 0.000000 0.000000 0.000000 0.000000 0.000000 0.000000 0.000000 0.000000 0.000000 0.000000 0.000000 0.000000 0.000000 0.000000 0.000000 0.000000 0.000000 0.000000 0.000000 0.000000 0.000000 0.000000 0.000000 0.000000 0.000000 0.000000 0.000000 0.000000 0.000000 0.000000 0.000000 0.000000 0.000000 0.000000 0.000000 0.000000 0.000000 0.000000 0.000000 0.000000 0.000000 0.000000 0.000000 0.000000 0.000000 0.000000 0.000000 0.000000 0.000000 0.000000 0.000000 0.000000 0.000000 0.000000 0.000000 0.000000 0.000000 0.000000 0.000000 0.000000 0.000000 0.000000 0.000000 0.000000 0.000000 0.000000 0.000000 0.000000 0.000000 0.000000 0.000000 0.000000 0.000000 0.000000 0.000000 0.000000 0.000000 0.000000 0.000000 0.000000 0.000000 0.000000 0.000000 0.000000 0.000000 0.000000 0.000000 0.000000 0.000000 0.000000 0.000000 0.000000 0.000000 0.000000 0.000000 0.000000 0.000000 0.000000 0.000000 0.000000 0.000000 0.000000 0.000000 0.000000 0.000000 0.000000 0.000000 0.000000 0.000000 0.000000 0.000000 0.000000 0.000000 0.000000 0.000000 0.000000 0.000000 0.000000 0.000000 0.000000 0.000000 0.000000 0.000000 0.000000 0.000000 0.000000 0.000000 0.000000 0.000000 0.000000 0.000000 0.000000 0.000000 0.000000 0.000000 0.000000 0.000000 0.000000 0.000000 0.000000 0.000000 0.000000 0.000000 0.000000 0.000000 0.000000 0.000000 0.000000 0.000000 0.000000 0.000000 0.000000 0.000000 0.000000 0.000000 0.000000 0.000000 0.000000 0.000000 0.000000 0.000000 0.000000 0.000000 0.000000 0.000000 0.000000 0.000000 0.000000 0.000000 0.000000 0.000000 0.000000 0.000000 0.000000 0.000000 0.000000 0.000000 0.000000 0.000000 0.000000 0.000000 0.000000 0.000000 0.000000 0.000000 0.000000 0.000000 0.000000 0.000000 0.000000 0.000000 0.000000 0.000000 0.000000 0.000000 0.000000 0.000000 0.000000 0.000000 0.000000 0.000000 0.000000 0.000000 0.000000 0.000000 0.000000 0.000000 0.000000 0.000000 0.000000 0.000000 0.000000 0.000000 0.000000 0.000000 0.000000 0.000000 0.000000 0.000000 0.000000 0.000000 0.000000 0.000000 0.000000 0.000000 0.000000 0.000000 0.000000 0.000000 0.000000 0.000000 0.000000  
0.000000 0.000000 0.000000 0.000000 0.000000 0.000000 0.000000 0.000000 0.000000 0.000000 0.000000 0.000000 0.000000 0.000000 0.000000 0.000000 0.000000 0.000000 0.000000 0.000000 0.000000 0.000000 0.000000 0.000000 0.000000 0.000000 0.000000 0.000000 0.000000 0.000000 0.000000 0.000000 0.000000 0.000000 0.000000 0.000000 0.000000 0.000000 0.000000 0.000000 0.000000 0.000000 0.000000 0.000000 0.000000 0.000000 0.000000 0.000000 0.000000 0.000000 0.000000 0.000000 0.000000 0.000000 0.000000 0.000000 0.000000 0.000000 0.000000 0.000000 0.000000 0.000000 0.000000 0.000000 0.000000 0.000000 0.000000 0.000000 0.000000 0.000000 0.000000 0.000000 0.000000 0.000000 0.000000 0.000000 0.000000 0.000000 0.000000 0.000000 0.000000 0.000000 0.000000 0.000000 0.000000 0.000000 0.000000 0.000000 0.000000 0.000000 0.000000 0.000000 0.000000 0.000000 0.000000 0.000000 0.000000 0.000000 0.000000 0.000000 0.000000 0.000000 0.000000 0.000000 0.000000 0.000000 0.000000 0.000000 0.000000 0.000000 0.000000 0.000000 0.000000 0.000000 0.000000 0.000000 0.000000 0.000000 0.000000 0.000000 0.000000 0.000000 0.000000 0.000000 0.000000 0.000000 0.000000 0.000000 0.000000 0.000000 0.000000 0.000000 0.000000 0.000000 0.000000 0.000000 0.000000 0.000000 0.000000 0.000000 0.000000 0.000000 0.000000 0.000000 0.000000 0.000000 0.000000 0.000000 0.000000 0.000000 0.000000 0.000000 0.000000 0.000000 0.000000 0.000000 0.000000 0.000000 0.000000 0.000000 0.000000 0.000000 0.000000 0.000000 0.000000 0.000000 0.000000 0.000000 0.000000 0.000000 0.000000 0.000000 0.000000 0.000000 0.000000 0.000000 0.000000 0.000000 0.000000 0.000000 0.000000 0.000000 0.000000 0.000000 0.000000 0.000000 0.000000 0.000000 0.000000 0.000000 0.000000 0.000000 0.000000 0.000000 0.000000 0.000000 0.000000 0.000000 0.000000 0.000000 0.000000 0.000000 0.000000 0.000000 0.000000 0.000000 0.000000 0.000000 0.000000 0.000000 0.000000 0.000000 0.000000 0.000000 0.000000 0.000000 0.000000 0.000000 0.000000 0.000000 0.000000 0.000000 0.000000 0.000000 0.000000 0.000000 0.000000 0.000000 0.000000 0.000000 0.000000 0.000000 0.000000 0.000000 0.000000 0.000000 0.000000 0.000000 0.000000 0.000000 0.000000 0.000000 0.000000 0.000000 0.000000 0.000000 0.000000 0.000000 0.000000 0.000000 0.000000 0.000000 0.000000 0.000000 0.000000 0.000000 0.000000 0.000000 0.000000 0.000000 0.000000 0.000000 0.000000 0.000000 0.000000 0.000000 0.000000 0.000000 0.000000 0.000000 0.000000 0.000000 0.000000 0.000000 0.000000 0.000000 0.000000 0.000000 0.000000 0.000000 0.000000 0.000000 0.000000 0.000000 0.000000 0.000000 0.000000 0.000000 0.000000 0.000000 0.000000 0.000000 0.000000 0.000000 0.000000 0.000000 0.000000 0.000000 0.000000 0.000000 0.000000 0.000000 0.000000 0.000000 0.000000 0.000000 0.000000 0.000000 0.000000 0.000000 0.000000 0.000000 0.000000 0.000000 0.000000 0.000000 0.000000 0.000000 0.000000 0.000000 0.000000 0.000000 0.000000 0.000000 0.000000 0.000000 0.000000 0.000000 0.000000 0.000000 0.000000 0.000000 0.000000 0.000000 0.000000 0.000000 0.000000 0.000000 0.000000 0.000000 0.000000 0.000000 0.000000 0.000000 0.000000 0.000000 0.000000 0.000000 0.000000 0.000000 0.000000 0.000000 0.000000 0.000000 0.000000 0.000000 0.000000 0.000000 0.000000 0.000000 0.000000 0.000000 0.000000 0.000000 0.000000 0.000000 0.000000 0.000000 0.000000 0.000000 0.000000 0.000000 0.000000 0.000000 0.000000 0.000000 0.000000 0.000000 0.000000 0.000000 0.000000 0.000000 0.000000 0.000000 0.000000 0.000000 0.000000 0.000000 0.000000 0.000000 0.000000 0.000000 0.000000 0.000000 0.000000 0.000000 0.000000 0.000000 0.000000 0.000000 0.000000 0.000000 0.000000 0.000000 0.000000 0.000000 0.000000 0.000000 0.000000 0.000000 0.000000 0.000000 0.000000 0.000000 0.000000 0.000000 0.000000 0.000000 0.000000 0.000000 0.000000 0.000000 0.000000 0.000000 0.000000 0.000000 0.000000 0.000000 0.000000 0.000000 0.000000 0.000000 0.000000 0.000000 0.000000 0.000000 0.000000 0.000000 0.000000 0.000000 0.000000 0.000000 0.000000 0.000000 0.000000 0.000000 0.000000 0.000000 0.000000 0.000000 0.000000 0.000000 0.000000 0.000000 0.000000 0.000000 0.000000 0.000000 0.000000 0.000000 0.000000 0.000000 0.000000 0.000000 0.000000 0.000000 0.000000 0.000000 0.000000 0.000000 0.000000 0.000000 0.000000 0.000000 0.000000 0.000000 0.000000 0.000000 0.000000 0.000000 0.000000 0.000000 0.000000 0.000000 0.000000 0.000000 0.000000 0.000000 0.000000 0.000000 0.000000 0.000000 0.000000 0.000000 0.000000 0.000000 0.000000 0.000000 0.000000 0.000000 0.000000 0.000000 0.000000 0.000000 0.000000 0.000000 0.000000 0.000000 0.000000 0.000000 0.000000 0.000000 0.000000 0.000000 0.000000 0.000000 0.000000 0.000000 0.000000 0.000000 0.000000 0.000000 0.000000 0.000000 0.000000 0.000000 0.000000 0.000000 0.000000 0.000000 0.000000 0.000000 0.000000 0.000000 0.000000 0.000000 0.000000 0.000000 0.000000 0.000000 0.000000 0.000000 0.000000 0.000000 0.000000 0.000000 0.000000 0.000000 0.000000 0.000000 0.000000 0.000000 0.000000 0.000000 0.000000 0.000000 0.000000 0.000000 0.000000 0.000000 0.000000 0.000000 0.000000 0.000000 0.000000 0.000000 0.000000 0.000000 0.000000 0.000000 0.000000 0.000000 0.000000 0.000000 0.000000 0.000000 0.000000 0.000000 0.000000 0.000000 0.000000 0.000000 0.000000 0.000000 0.000000 0.000000 0.000000 0.000000 0.000000 0.000000 0.000000 0.000000 0.000000 0.000000 0.000000 0.000000 0.000000 0.000000 0.000000 0.000000 0.000000 0.000000 0.000000 0.000000 0.000000 0.000000 0.000000 0.000000 0.000000 0.000000 0.000000 0.000000 0.000000 0.000000 0.000000 0.000000 0.000000 0.000000 0.000000 0.000000 0.000000 0.000000 0.000000 0.000000 0.000000 0.000000 0.000000 0.000000 0.000000 0.000000 0.000000 0.000000 0.000000 0.000000 0.000000 0.000000 0.000000 0.000000 0.000000 0.000000 0.000000 0.000000 0.000000 0.000000 0.000000 0.000000 0.000000 0.000000 0.000000 0.000000 0.000000 0.000000 0.000000 0.000000 0.000000 0.000000 0.000000 0.000000 0.000000 0.000000 0.000000 0.000000 0.000000 0.000000 0.000000 0.000000 0.000000 0.000000 0.000000 0.000000 0.000000 0.000000 0.000000 0.000000 0.000000 0.000000 0.000000 0.000000 0.000000 0.000000 0.000000 0.000000 0.000000 0.000000 0.000000 0.000000 0.000000 0.000000 0.000000 0.000000 0.000000 0.000000 0.000000 0.000000 0.000000 0.000000 0.000000 0.000000 0.000000 0.000000 0.000000 0.000000 0.000000 0.000000 0.000000 0.000000 0.000000 0.000000 0.000000 0.000000 0.000000 0.000000 0.000000 0.000000 0.000000 0.000000 0.000000 0.000000 0.000000 0.000000 0.000000 0.000000 0.000000 0.000000  
0.013529 0.010563 0.006668 0.005651 0.013529 0.010563 0.006668 0.005651 0.013529 0.010563 0.006668 0.005651 0.013529 0.010563 0.006668 0.005651 0.013529 0.010563 0.006668 0.005651 0.013529 0.010563 0.006668 0.005651 0.013529 0.010563 0.006668 0.005651 0.013529 0.010563 0.006668 0.005651 0.013529 0.010563 0.006668 0.005651 0.013529 0.010563 0.006668 0.005651 0.013529 0.010563 0.006668 0.005651 0.013529 0.010563 0.006668 0.005651 0.013529 0.010563 0.006668 0.005651 0.013529 0.010563 0.006668 0.005651 0.013529 0.010563 0.006668 0.005651 0.013529 0.010563 0.006668 0.005651 0.013529 0.010563 0.006668 0.005651 0.013529 0.010563 0.006668 0.005651 0.013529 0.010563 0.006668 0.005651 0.013529 0.010563 0.006668 0.005651 0.013529 0.010563 0.006668 0.005651 0.013719 0.010720 0.006760 0.005727 0.013916 0.010881 0.006854 0.005803 0.014122 0.011047 0.006950 0.005881 0.014337 0.011217 0.007048 0.005961 0.014559 0.011391 0.007148 0.006042 0.014790 0.011571 0.007250 0.006124 0.015030 0.011755 0.007354 0.006527 0.015278 0.011944 0.007459 0.006619 0.015534 0.012138 0.007567 0.006712 0.015799 0.012338 0.007677 0.006808 0.016075 0.012544 0.007790 0.006906 0.016360 0.012755 0.007905 0.007005 0.016656 0.012973 0.008022 0.007106 0.016965 0.013197 0.008142 0.007210 0.017284 0.013427 0.008264 0.007315 0.017615 0.013665 0.008831 0.007824 0.017960 0.013911 0.008968 0.007942 0.018320 0.014164 0.009109 0.008064 0.018694 0.014426 0.009254 0.008188 0.019084 0.014696 0.009402 0.008314 0.019492 0.014975 0.009553 0.008444 0.019918 0.015264 0.009708 0.009051 0.020364 0.015563 0.010410 0.009198 0.020832 0.015873 0.010586 0.009858 0.021324 0.016194 0.010767 0.010555 0.021842 0.016529 0.011561 0.011292 0.022389 0.016876 0.011768 0.012639 0.022967 0.017237 0.012642 0.013480 0.023580 0.017613 0.013581 0.014978 0.024233 0.018298 0.014589 0.015949 0.024931 0.019398 0.015674 0.017643 0.025679 0.019860 0.017688 0.018795 0.026488 0.020346 0.019021 0.020052 0.027366 0.021232 0.020490 0.022215 0.028336 0.022666 0.025593 0.023841 0.030011 0.023766 0.026996 0.024775 0.032645 0.025577 0.028753 0.027522 0.034233 0.027259 0.032770 0.031508 0.036013 0.030168 0.037111 0.033058 0.038664 0.033662 0.043736 0.037954 0.042695 0.040289 0.045304 0.040357 0.045056 0.042228 0.051335 0.044359 0.048914 0.047897 0.056472 0.050124 0.054072 0.057537 0.064035 0.055798 0.058151 0.061722 0.071256 0.057046 0.065011 0.073446 0.080913 0.063679 0.070654 0.087523 0.082440 0.065086 0.078504 0.093627 0.092114 0.073752 0.085404 0.101930 0.093555 0.082416 0.097297 0.119060 0.105987 0.084171 0.107187 0.122145 0.107494 0.093742 0.114562 0.125124 0.120750 0.095434 0.125042 0.134711 0.121433 0.106985 0.132615 0.142591 0.133253 0.108213 0.148660 0.152860 0.138995 0.122235 0.157155 0.160346 0.142058 0.124830 0.162997 0.172016 0.157640 0.140154 0.171532 0.180294 0.158344 0.140207 0.182345 0.185673 0.162074 0.144294 0.192519 0.196402 0.180961 0.160428 0.200795 0.203841 0.181228 0.160449 0.206853 0.207473 0.183741 0.166715 0.212211 0.210863 0.190920 0.182889 0.220074 0.215811 0.207121 0.183684 0.227257 0.232212 0.209115 0.184491 0.235460 0.236845 0.208310 0.192252 0.240039 0.239032 0.211508 0.210779 0.244512 0.240413 0.227021 0.209756 0.248953 0.247275 0.239008 0.211894 0.257675 0.260208 0.239358 0.220418 0.266085 0.267192 0.239218 0.240586 0.271863 0.271143 0.242069 0.242270 0.276330 0.275390 0.247708 0.241025 0.280708 0.276381 0.269967 0.241450 0.283079 0.278814 0.274745 0.244927 0.288249 0.282861 0.276940 0.254885 0.298003 0.288852 0.276607 0.277334 0.307145 0.306578 0.275463 0.279745 0.312589 0.311747 0.277591 0.280070 0.316533 0.314669 0.281508 0.276582 0.320266 0.315743 0.288722 0.277947 0.325086 0.318184 0.311302 0.280943 0.331011 0.322455 0.316063 0.286108 0.339561 0.329636 0.317947 0.301147 0.349370 0.343482 0.315859 0.319176 0.355383 0.349033 0.319138 0.321236 0.358680 0.352083 0.326146 0.318798 0.364655 0.355675 0.348879 0.319353 0.373950 0.362112 0.353669 0.326166 0.384243 0.377323 0.354919 0.342754 0.390332 0.383707 0.352069 0.357460 0.396282 0.387219 0.355110 0.358723 0.408030 0.392867 0.362666 0.363631 0.416455 0.409081 0.386286 0.368631 0.422837 0.416160 0.390623 0.373631 0.435560 0.418985 0.386324 0.378631 0.447032 0.421043 0.388421 0.383631 0.452714 0.429373 0.394683 0.388631 0.457714 0.445932 0.421408 0.393631 0.462714 0.450844 0.425558 0.398631 0.467714 0.452361 0.419962 0.403631 0.472714 0.472273 0.423069 0.408631 0.477714 0.479333 0.453667 0.413631 0.482714 0.481046 0.459402 0.418631 0.487714 0.497951 0.451177 0.423631 0.492714 0.504308 0.459993 0.428631 0.497714 0.509308 0.479036 0.433631 0.502714 0.514308 0.492900 0.438631 0.507714 0.519308 0.515987 0.443631 0.512714 0.524308 0.507760 0.448631 0.517714 0.529308 0.514039 0.453631 0.522714 0.534308 0.554083 0.458631 0.527714 0.539308 0.559083 0.463631 0.532714 0.544308 0.564083 0.468631 0.537714 0.549308 0.569083 0.473631 0.542714 0.554308 0.574083 0.478631 0.547714 0.559308 0.579083 0.483631 0.552714 0.564308 0.584083 0.488631 0.557714 0.569308 0.589083 0.493631 0.562714 0.574308 0.594083 0.498631 0.567714 0.579308 0.599083 0.503631 0.572714 0.584308 0.604083 0.508631 0.577714 0.589308 0.609083 0.513631 0.582714 0.594308 0.614083 0.518631 0.587714 0.599308 0.619083 0.523631 0.592714 0.604308 0.624083 0.528631 0.597714 0.609308 0.629083 0.533631 0.602714 0.614308 0.634083 0.538631 0.607714 0.619308 0.639083 0.543631 0.612714 0.624308 0.644083 0.548631 0.617714 0.629308 0.649083 0.553631 0.622714 0.634308 0.654083 0.558631 0.627714 0.639308 0.659083 0.563631 0.632714 0.644308 0.664083 0.568631 0.637714 0.649308 0.669083 0.573631 0.642714 0.654308 0.674083 0.578631 0.647714 0.659308 0.679083 0.583631 0.652714 0.664308 0.684083 0.588631 0.657714 0.669308 0.689083 0.593631 0.662714 0.674308 0.694083 0.598631 0.667714 0.679308 0.699083 0.603631 0.672714 0.684308 0.704083 0.608631 0.677714 0.689308 0.709083 0.613631 0.682714 0.694308 0.714083 0.618631 0.687714 0.699308 0.719083 0.623631 0.692714 0.704308 0.724083 0.628631 0.697714 0.709308 0.729083 0.633631 0.702714 0.714308 0.734083 0.638631 0.707714 0.719308 0.739083 0.643631 0.712714 0.724308 0.744083 0.648631 0.717714 0.729308 0.749083 0.653631 0.722714 0.734308 0.754083 0.658631 0.727714 0.739308 0.759083 0.663631 0.732714 0.744308 0.764083 0.668631 0.737714 0.749308 0.769083 0.673631 0.742714 0.754308 0.774083 0.678631 0.747714 0.759308 0.779083 0.683631 0.752714 0.764308 0.784083 0.688631 0.757714 0.769308 0.789083 0.693631 0.762714 0.774308 0.794083 0.698631  
0.013529 0.010563 0.006668 0.005651 0.013529 0.010563 0.006668 0.005651 0.013529 0.010563 0.006668 0.005651 0.013529 0.010563 0.006668 0.005651 0.013529 0.010563 0.006668 0.005651 0.013529 0.010563 0.006668 0.005651 0.013529 0.010563 0.006668 0.005651 0.013529 0.010563 0.006668 0.005651 0.013529 0.010563 0.006668 0.005651 0.013529 0.010563 0.006668 0.005651 0.013529 0.010563 0.006668 0.005651 0.013529 0.010563 0.006668 0.005651 0.013529 0.010563 0.006668 0.005651 0.013529 0.010563 0.006668 0.005651 0.013529 0.010563 0.006668 0.005651 0.013529 0.010563 0.006668 0.005651 0.013529 0.010563 0.006668 0.005651 0.013529 0.010563 0.006668 0.005651 0.013529 0.010563 0.006668 0.005651 0.013529 0.010563 0.006668 0.005651 0.013529 0.010563 0.006668 0.005651 0.013719 0.010720 0.006760 0.005727 0.013916 0.010881 0.006854 0.005803 0.014122 0.011047 0.006950 0.005881 0.014337 0.011217 0.007048 0.005961 0.014559 0.011391 0.007148 0.006042 0.014790 0.011571 0.007250 0.006124 0.015030 0.011755 0.007354 0.006527 0.015278 0.011944 0.007459 0.006619 0.015534 0.012138 0.007567 0.006712 0.015799 0.012338 0.007677 0.006808 0.016075 0.012544 0.007790 0.006906 0.016360 0.012755 0.007905 0.007005 0.016656 0.012973 0.008022 0.007106 0.016965 0.013197 0.008142 0.007210 0.017284 0.013427 0.008264 0.007315 0.017615 0.013665 0.008831 0.007824 0.017960 0.013911 0.008968 0.007942 0.018320 0.014164 0.009109 0.008064 0.018694 0.014426 0.009254 0.008188 0.019084 0.014696 0.009402 0.008314 0.019492 0.014975 0.009553 0.008444 0.019918 0.015264 0.009708 0.009051 0.020364 0.015563 0.010410 0.009198 0.020832 0.015873 0.010586 0.009858 0.021324 0.016194 0.010767 0.010555 0.021842 0.016529 0.011561 0.011292 0.022389 0.016876 0.011768 0.012639 0.022967 0.017237 0.012642 0.013480 0.023580 0.017613 0.013581 0.014978 0.024233 0.018298 0.014589 0.015949 0.024931 0.019398 0.015674 0.017643 0.025679 0.019860 0.017688 0.018795 0.026488 0.020346 0.019021 0.020052 0.027366 0.021232 0.020490 0.022215 0.028336 0.022666 0.025593 0.023841 0.030011 0.023766 0.026996 0.024775 0.032645 0.025577 0.028753 0.027522 0.034233 0.027259 0.032770 0.031508 0.036013 0.030168 0.037111 0.033058 0.038664 0.033662 0.043736 0.037954 0.042695 0.040289 0.045304 0.040357 0.045056 0.042228 0.051335 0.044359 0.048914 0.047897 0.056472 0.050124 0.054072 0.057537 0.064035 0.055798 0.058151 0.061722 0.071256 0.057046 0.065011 0.073446 0.080913 0.063679 0.070654 0.087523 0.082440 0.065086 0.078504 0.093627 0.092114 0.073752 0.085404 0.101930 0.093555 0.082416 0.097297 0.119060 0.105987 0.084171 0.107187 0.122145 0.107494 0.093742 0.114562 0.125124 0.120750 0.095434 0.125042 0.134711 0.121433 0.106985 0.132615 0.142591 0.133253 0.108213 0.148660 0.152860 0.138995 0.122235 0.157155 0.160346 0.142058 0.124830 0.162997 0.172016 0.157640 0.140154 0.171532 0.180294 0.158344 0.140207 0.182345 0.185673 0.162074 0.144294 0.192519 0.196402 0.180961 0.160428 0.200795 0.203841 0.181228 0.160449 0.206853 0.207473 0.183741 0.166715 0.212211 0.210863 0.190920 0.182889 0.220074 0.215811 0.207121 0.183684 0.227257 0.232212 0.209115 0.184491 0.235460 0.236845 0.208310 0.192252 0.240039 0.239032 0.211508 0.210779 0.244512 0.240413 0.227021 0.209756 0.248953 0.247275 0.239008 0.211894 0.257675 0.260208 0.239358 0.220418 0.266085 0.267192 0.239218 0.240586 0.271863 0.271143 0.242069 0.242270 0.276330 0.275390 0.247708 0.241025 0.280708 0.276381 0.269967 0.241450 0.283079 0.278814 0.274745 0.244927 0.288249 0.282861 0.276940 0.254885 0.298003 0.288852 0.276607 0.277334 0.307145 0.306578 0.275463 0.279745 0.312589 0.311747 0.277591 0.280070 0.316533 0.314669 0.281508 0.276582 0.320266 0.315743 0.288722 0.277947 0.325086 0.318184 0.311302 0.280943 0.331011 0.322455 0.316063 0.286108 0.339561 0.329636 0.317947 0.301147 0.349370 0.343482 0.315859 0.319176 0.355383 0.349033 0.319138 0.321236 0.358680 0.352083 0.326146 0.318798 0.364655 0.355675 0.348879 0.319353 0.373950 0.362112 0.353669 0.326166 0.384243 0.377323 0.354919 0.342754 0.390332 0.383707 0.352069 0.357460 0.396282 0.387219 0.355110 0.358723 0.408030 0.392867 0.362666 0.363631 0.416455 0.409081 0.386286 0.368631 0.422837 0.416160 0.390623 0.373631 0.435560 0.418985 0.386324 0.378631 0.447032 0.421043 0.388421 0.383631 0.452714 0.429373 0.394683 0.388631 0.457714 0.445932 0.421408 0.393631 0.462714 0.450844 0.425558 0.398631 0.467714 0.452361 0.419962 0.403631 0.472714 0.472273 0.423069 0.408631 0.477714 0.479333 0.453667 0.413631 0.482714 0.481046 0.459402 0.418631 0.487714 0.497951 0.451177 0.423631 0.492714 0.504308 0.459993 0.428631 0.497714 0.509308 0.479036 0.433631 0.502714 0.514308 0.492900 0.438631 0.507714 0.519308 0.515987 0.443631 0.512714 0.524308 0.507760 0.448631 0.517714 0.529308 0.514039 0.453631 0.522714 0.534308 0.554083 0.458631 0.527714 0.539308 0.559083 0.463631 0.532714 0.544308 0.564083 0.468631 0.537714 0.549308 0.569083 0.473631 0.542714 0.554308 0.574083 0.478631 0.547714 0.559308 0.579083 0.483631 0.552714 0.564308 0.584083 0.488631 0.557714 0.569308 0.589083 0.493631 0.562714 0.574308 0.594083 0.498631 0.567714 0.579308 0.599083 0.503631 0.572714 0.584308 0.604083 0.508631 0.577714 0.589308 0.609083 0.513631 0.582714 0.594308 0.614083 0.518631 0.587714 0.599308 0.619083 0.523631 0.592714 0.604308 0.624083 0.528631 0.597714 0.609308 0.629083 0.533631 0.602714 0.614308 0.634083 0.538631 0.607714 0.619308 0.639083 0.543631 0.612714 0.624308 0.644083 0.548631 0.617714 0.629308 0.649083 0.553631 0.622714 0.634308 0.654083 0.558631 0.627714 0.639308 0.659083 0.563631 0.632714 0.644308 0.664083 0.568631 0.637714 0.649308 0.669083 0.573631 0.642714 0.654308 0.674083 0.578631 0.647714 0.659308 0.679083 0.583631 0.652714 0.664308 0.684083 0.588631 0.657714 0.669308 0.689083 0.593631 0.662714 0.674308 0.694083 0.598631 0.667714 0.679308 0.699083 0.603631 0.672714 0.684308 0.704083 0.608631 0.677714 0.689308 0.709083 0.613631 0.682714 0.694308 0.714083 0.618631 0.687714 0.699308 0.719083 0.623631 0.692714 0.704308 0.724083 0.628631 0.697714 0.709308 0.729083 0.633631 0.702714 0.714308 0.734083 0.638631 0.707714 0.719308 0.739083 0.643631 0.712714 0.724308 0.744083 0.648631 0.717714 0.729308 0.749083 0.653631 0.722714 0.734308 0.754083 0.658631 0.727714 0.739308 0.759083 0.663631 0.732714 0.744308 0.764083 0.668631 0.737714 0.749308 0.769083 0.673631 0.742714 0.754308 0.774083 0.678631 0.747714 0.759308 0.779083 0.683631 0.752714 0.764308 0.784083 0.688631 0.757714 0.769308 0.789083 0.693631 0.762714 0.774308 0.794083 0.698631  
0.000010 0.000010 0.000010 0.000010 0.000010 0.000010 0.000010 0.000010 0.000010 0.000010 0.000010 0.000010 0.000010 0.000010 0.000010 0.000010 0.000010 0.000010 0.000010 0.000010 0.000010 0.000010 0.000010 0.000010 0.000010 0.000010 0.000010 0.000010 0.000010 0.000010 0.000010 0.000010 0.000010 0.000010 0.000010 0.000010 0.000010 0.000010 0.000010 0.000010 0.000010 0.000010 0.000010 0.000010 0.000010 0.000010 0.000010 0.000010 0.000010 0.000010 0.000010 0.000010 0.000010 0.000010 0.000010 0.000010 0.000010 0.000010 0.000010 0.000010 0.000010 0.000010 0.000010 0.000010 0.000010 0.000010 0.000010 0.000010 0.000010 0.000010 0.000010 0.000010 0.000010 0.000010 0.000010 0.000010 0.000010 0.000010 0.000010 0.000010 0.000010 0.000010 0.000010 0.000010 0.000010 0.000010 0.000010 0.000010 0.000010 0.000010 0.000010 0.000010 0.000010 0.000010 0.000010 0.000010 0.000010 0.000010 0.000010 0.000010 0.000010 0.000010 0.000010 0.000010 0.000010 0.000010 0.000010 0.000010 0.000010 0.000010 0.000010 0.000010 0.000010 0.000010 0.000010 0.000010 0.000010 0.000010 0.000010 0.000010 0.000010 0.000010 0.000010 0.000010 0.000010 0.000010 0.000010 0.000010 0.000010 0.000010 0.000010 0.000010 0.000010 0.000010 0.000010 0.000010 0.000010 0.000010 0.000010 0.000010 0.000010 0.000010 0.000010 0.000010 0.000010 0.000010 0.000010 0.000010 0.000010 0.000010 0.000010 0.000010 0.000010 0.000010 0.000010 0.000010 0.000010 0.000010 0.000010 0.000010 0.000010 0.000010 0.000010 0.000010 0.000010 0.000010 0.000010 0.000010 0.000010 0.000010 0.000010 0.000010 0.000010 0.000010 0.000010 0.000010 0.000010 0.000010 0.000010 0.000010 0.000010 0.000010 0.000010 0.000010 0.000010 0.000010 0.000010 0.000010 0.000010 0.000010 0.000010 0.000010 0.000010 0.000010 0.000010 0.000010 0.000010 0.000010 0.000010 0.000010 0.000010 0.000010 0.000010 0.000010 0.000010 0.000010 0.000010 0.000010 0.000010 0.000010 0.000010 0.000010 0.000010 0.000010 0.000010 0.000010 0.000010 0.000010 0.000010 0.000010 0.000010 0.000010 0.000010 0.000010 0.000010 0.000010 0.000010 0.000010 0.000010 0.000010 0.000010 0.000010 0.000010 0.000010 0.000010 0.000010 0.000010 0.000010 0.000010 0.000010 0.000010 0.000010 0.000010 0.000010 0.000010 0.000010 0.000010 0.000010 0.000010 0.000010 0.000010 0.000010 0.000010 0.000010 0.000010 0.000010 0.000010 0.000010 0.000010 0.000010 0.000010 0.000010 0.000010 0.000010 0.000010 0.000010 0.000010 0.000010 0.000010 0.000010 0.000010 0.000010 0.000010 0.000010 0.000010 0.000010 0.000010 0.000010 0.000010 0.000010 0.000010 0.000010 0.000010 0.000010 0.000010 0.000010 0.000010 0.000010 0.000010 0.000010 0.000010 0.000010 0.000010 0.000010 0.000010 0.000010 0.000010 0.000010 0.000010 0.000010 0.000010 0.000010 0.000010 0.000010 0.000010 0.000010 0.000010 0.000010 0.000010 0.000010 0.000010 0.000010 0.000010 0.000010 0.000010 0.000010 0.000010 0.000010 0.000010 0.000010 0.000010 0.000010 0.000010 0.000010 0.000010 0.000010 0.000010 0.000010 0.000010 0.000010 0.000010 0.000010 0.000010 0.000010 0.000010 0.000010 0.000010 0.000010 0.000010 0.000010 0.000010 0.000010 0.000010 0.000010 0.000010 0.000010 0.000010 0.000010 0.000010 0.000010 0.000010 0.000010 0.000010 0.000010 0.000010 0.000010 0.000010 0.000010 0.000010 0.000010 0.000010 0.000010 0.000010 0.000010 0.000010 0.000010 0.000010 0.000010 0.000010 0.000010 0.000010 0.000010 0.000010 0.000010 0.000010 0.000010 0.000010 0.000010 0.000010 0.000010 0.000010 0.000010 0.000010 0.000010 0.000010 0.000010 0.000010 0.000010 0.000010 0.000010 0.000010 0.000010 0.000010 0.000010 0.000010 0.000010 0.000010 0.000010 0.000010 0.000010 0.000010 0.000010 0.000010 0.000010 0.000010 0.000010 0.000010 0.000010 0.000010 0.000010 0.000010 0.000010 0.000010 0.000010 0.000010 0.000010 0.000010 0.000010 0.000010 0.000010 0.000010 0.000010 0.000010 0.000010 0.000010 0.000010 0.000010 0.000010 0.000010 0.000010 0.000010 0.000010 0.000010 0.000010 0.000010 0.000010 0.000010 0.000010 0.000010 0.000010 0.000010 0.000010 0.000010 0.000010 0.000010 0.000010 0.000010 0.000010 0.000010 0.000010 0.000010 0.000010 0.000010 0.000010 0.000010 0.000010 0.000010 0.000010 0.000010 0.000010 0.000010 0.000010 0.000010 0.000010 0.000010 0.000010 0.000010 0.000010 0.000010 0.000010 0.000010 0.000010 0.000010 0.000010 0.000010 0.000010 0.000010 0.000010 0.000010 0.000010 0.000010 0.000010 0.000010 0.000010 0.000010 0.000010 0.000010 0.000010 0.000010 0.000010 0.000010 0.000010 0.000010 0.000010 0.000010 0.000010 0.000010 0.000010 0.000010 0.000010 0.000010 0.000010 0.000010 0.000010 0.000010 0.000010 0.000010 0.000010 0.000010 0.000010 0.000010 0.000010 0.000010 0.000010 0.000010 0.000010 0.000010 0.000010 0.000010 0.000010 0.000010 0.000010 0.000010 0.000010 0.000010 0.000010 0.000010 0.000010 0.000010 0.000010 0.000010 0.000010 0.000010 0.000010 0.000010 0.000010 0.000010 0.000010 0.000010 0.000010 0.000010 0.000010 0.000010 0.000010 0.000010 0.000010 0.000010 0.000010 0.000010 0.000010 0.000010 0.000010 0.000010 0.000010 0.000010 0.000010 0.000010 0.000010 0.000010 0.000010 0.000010 0.000010 0.000010 0.000010 0.000010 0.000010 0.000010 0.000010 0.000010 0.000010 0.000010 0.000010 0.000010 0.000010 0.000010 0.000010 0.000010 0.000010 0.000010 0.000010 0.000010 0.000010 0.000010 0.000010 0.000010 0.000010 0.000010 0.000010 0.000010 0.000010 0.000010 0.000010 0.000010 0.000010 0.000010 0.000010 0.000010 0.000010 0.000010 0.000010 0.000010 0.000010 0.000010 0.000010 0.000010 0.000010 0.000010 0.000010 0.000010 0.000010 0.000010 0.000010 0.000010 0.000010 0.000010 0.000010 0.000010 0.000010 0.000010 0.000010 0.000010 0.000010 0.000010 0.000010 0.000010 0.000010 0.000010 0.000010 0.000010 0.000010 0.000010 0.000010 0.000010 0.000010 0.000010 0.000010 0.000010 0.000010 0.000010 0.000010 0.000010 0.000010 0.000010 0.000010 0.000010 0.000010 0.000010 0.000010 0.000010 0.000010 0.000010 0.000010 0.000010 0.000010 0.000010 0.000010 0.000010 0.000010 0.000010 0.000010 0.000010 0.000010 0.000010 0.000010 0.000010 0.000010 0.000010 0.000010 0.000010 0.000010 0.000010 0.000010 0.000010 0.000010 0.000010 0.000010 0.000010 0.000010 0.000010 0.000010 0.000010 0.000010 0.000010 0.000010 0.000010 0.000010 0.000010 0.000010 0.000010 0.000010 0.000010 0.000010 0.000010 0.000010 0.000010 0.000010 0.000010 0.000010 0.000010 0.000010 0.000010 0.000010 0.000010 0.000010 0.000010 0.000010 0.000010 0.000010 0.000010 0.000010 0.000010 0.000010 0.000010 0.000010 0.000010 0.000010 0.000010 0.000010 0.000010 0.000010 0.000010 0.000010 0.000010 0.000010  
0.000000 0.000000 0.000000 0.000000 0.000000 0.000000 0.000000 0.000000 0.000000 0.000000 0.000000 0.000000 0.000000 0.000000 0.000000 0.000000 0.000000 0.000000 0.000000 0.000000 0.000000 0.000000 0.000000 0.000000 0.000000 0.000000 0.000000 0.000000 0.000000 0.000000 0.000000 0.000000 0.000000 0.000000 0.000000 0.000000 0.000000 0.000000 0.000000 0.000000 0.000000 0.000000 0.000000 0.000000 0.000000 0.000000 0.000000 0.000000 0.000000 0.000000 0.000000 0.000000 0.000000 0.000000 0.000000 0.000000 0.000000 0.000000 0.000000 0.000000 0.000000 0.000000 0.000000 0.000000 0.000000 0.000000 0.000000 0.000000 0.000000 0.000000 0.000000 0.000000 0.000000 0.000000 0.000000 0.000000 0.000000 0.000000 0.000000 0.000000 0.000000 0.000000 0.000000 0.000000 0.000000 0.000000 0.000000 0.000000 0.000000 0.000000 0.000000 0.000000 0.000000 0.000000 0.000000 0.000000 0.000000 0.000000 0.000000 0.000000 0.000000 0.000000 0.000000 0.000000 0.000000 0.000000 0.000000 0.000000 0.000000 0.000000 0.000000 0.000000 0.000000 0.000000 0.000000 0.000000 0.000000 0.000000 0.000000 0.000000 0.000000 0.000000 0.000000 0.000000 0.000000 0.000000 0.000000 0.000000 0.000000 0.000000 0.000000 0.000000 0.000000 0.000000 0.000000 0.000000 0.000000 0.000000 0.000000 0.000000 0.000000 0.000000 0.000000 0.000000 0.000000 0.000000 0.000000 0.000000 0.000000 0.000000 0.000000 0.000000 0.000000 0.000000 0.000000 0.000000 0.000000 0.000000 0.000000 0.000000 0.000000 0.000000 0.000000 0.000000 0.000000 0.000000 0.000000 0.000000 0.000000 0.000000 0.000000 0.000000 0.000000 0.000000 0.000000 0.000000 0.000000 0.000000 0.000000 0.000000 0.000000 0.000000 0.000000 0.000000 0.000000 0.000000 0.000000 0.000000 0.000000 0.000000 0.000000 0.000000 0.000000 0.000000 0.000000 0.000000 0.000000 0.000000 0.000000 0.000000 0.000000 0.000000 0.000000 0.000000 0.000000 0.000000 0.000000 0.000000 0.000000 0.000000 0.000000 0.000000 0.000000 0.000000 0.000000 0.000000 0.000000 0.000000 0.000000 0.000000 0.000000 0.000000 0.000000 0.000000 0.000000 0.000000 0.000000 0.000000 0.000000 0.000000 0.000000 0.000000 0.000000 0.000000 0.000000 0.000000 0.000000 0.000000 0.000000 0.000000 0.000000 0.000000 0.000000 0.000000 0.000000 0.000000 0.000000 0.000000 0.000000 0.000000 0.000000 0.000000 0.000000 0.000000 0.000000 0.000000 0.000000 0.000000 0.000000 0.000000 0.000000 0.000000 0.000000 0.000000 0.000000 0.000000 0.000000 0.000000 0.000000 0.000000 0.000000 0.000000 0.000000 0.000000 0.000000 0.000000 0.000000 0.000000 0.000000 0.000000 0.000000 0.000000 0.000000 0.000000 0.000000 0.000000 0.000000 0.000000 0.000000 0.000000 0.000000 0.000000 0.000000 0.000000 0.000000 0.000000 0.000000 0.000000 0.000000 0.000000 0.000000 0.000000 0.000000 0.000000 0.000000 0.000000 0.000000 0.000000 0.000000 0.000000 0.000000 0.000000 0.000000 0.000000 0.000000 0.000000 0.000000 0.000000 0.000000 0.000000 0.000000 0.000000 0.000000 0.000000 0.000000 0.000000 0.000000 0.000000 0.000000 0.000000 0.000000 0.000000 0.000000 0.000000 0.000000 0.000000 0.000000 0.000000 0.000000 0.000000 0.000000 0.000000 0.000000 0.000000 0.000000 0.000000 0.000000 0.000000 0.000000 0.000000 0.000000 0.000000 0.000000 0.000000 0.000000 0.000000 0.000000 0.000000 0.000000 0.000000 0.000000 0.000000 0.000000 0.000000 0.000000 0.000000 0.000000 0.000000 0.000000 0.000000 0.000000 0.000000 0.000000 0.000000 0.000000 0.000000 0.000000 0.000000 0.000000 0.000000 0.000000 0.000000 0.000000 0.000000 0.000000 0.000000 0.000000 0.000000 0.000000 0.000000 0.000000 0.000000 0.000000 0.000000 0.000000 0.000000 0.000000 0.000000 0.000000 0.000000 0.000000 0.000000 0.000000 0.000000 0.000000 0.000000 0.000000 0.000000 0.000000 0.000000 0.000000 0.000000 0.000000 0.000000 0.000000 0.000000 0.000000 0.000000 0.000000 0.000000 0.000000 0.000000 0.000000 0.000000 0.000000 0.000000 0.000000 0.000000 0.000000 0.000000 0.000000 0.000000 0.000000 0.000000 0.000000 0.000000 0.000000 0.000000 0.000000 0.000000 0.000000 0.000000 0.000000 0.000000 0.000000 0.000000 0.000000 0.000000 0.000000 0.000000 0.000000 0.000000 0.000000 0.000000 0.000000 0.000000 0.000000 0.000000 0.000000 0.000000 0.000000 0.000000 0.000000 0.000000 0.000000 0.000000 0.000000 0.000000 0.000000 0.000000 0.000000 0.000000 0.000000 0.000000 0.000000 0.000000 0.000000 0.000000 0.000000 0.000000 0.000000 0.000000 0.000000 0.000000 0.000000 0.000000 0.000000 0.000000 0.000000 0.000000 0.000000 0.000000 0.000000 0.000000 0.000000 0.000000 0.000000 0.000000 0.000000 0.000000 0.000000 0.000000 0.000000 0.000000 0.000000 0.000000 0.000000 0.000000 0.000000 0.000000 0.000000 0.000000 0.000000 0.000000 0.000000 0.000000 0.000000 0.000000 0.000000 0.000000 0.000000 0.000000 0.000000 0.000000 0.000000 0.000000 0.000000 0.000000 0.000000 0.000000 0.000000 0.000000 0.000000 0.000000 0.000000 0.000000 0.000000 0.000000 0.000000 0.000000 0.000000 0.000000 0.000000 0.000000 0.000000 0.000000 0.000000 0.000000 0.000000 0.000000 0.000000 0.000000 0.000000 0.000000 0.000000 0.000000 0.000000 0.000000 0.000000 0.000000 0.000000 0.000000 0.000000 0.000000 0.000000 0.000000 0.000000 0.000000 0.000000 0.000000 0.000000 0.000000 0.000000 0.000000 0.000000 0.000000 0.000000 0.000000 0.000000 0.000000 0.000000 0.000000 0.000000 0.000000 0.000000 0.000000 0.000000 0.000000 0.000000 0.000000 0.000000 0.000000 0.000000 0.000000 0.000000 0.000000 0.000000 0.000000 0.000000 0.000000 0.000000 0.000000 0.000000 0.000000 0.000000 0.000000 0.000000 0.000000 0.000000 0.000000 0.000000 0.000000 0.000000 0.000000 0.000000 0.000000 0.000000 0.000000 0.000000 0.000000 0.000000 0.000000 0.000000 0.000000 0.000000 0.000000 0.000000 0.000000 0.000000 0.000000 0.000000 0.000000 0.000000 0.000000 0.000000 0.000000 0.000000 0.000000 0.000000 0.000000 0.000000 0.000000 0.000000 0.000000 0.000000 0.000000 0.000000 0.000000 0.000000 0.000000 0.000000 0.000000 0.000000 0.000000 0.000000 0.000000 0.000000 0.000000 0.000000 0.000000 0.000000 0.000000 0.000000 0.000000 0.000000 0.000000 0.000000 0.000000 0.000000 0.000000 0.000000 0.000000 0.000000 0.000000 0.000000 0.000000 0.000000 0.000000 0.000000 0.000000 0.000000 0.000000 0.000000 0.000000 0.000000 0.000000 0.000000 0.000000 0.000000 0.000000 0.000000 0.000000 0.000000 0.000000 0.000000 0.000000 0.000000 0.000000 0.000000 0.000000 0.000000 0.000000 0.000000 0.000000 0.000000 0.000000 0.000000 0.000000 0.000000 0.000000 0.000000 0.000000 0.000000 0.000000 0.000000 0.000000 0.000000 0.000000 0.000000 0.000000 0.000000 0.000000 0.000000 0.000000 