Reynolds number List -  Side 
4 
      500000.0 
     1000000.0 
     5000000.0 
    10000000.0 
Angle of Attack List -  Downwards 
181 
-5.00 
 -4.75 
 -4.50 
 -4.25 
 -4.00 
 -3.75 
 -3.50 
 -3.25 
 -3.00 
 -2.75 
 -2.50 
 -2.25 
 -2.00 
 -1.75 
 -1.50 
 -1.25 
 -1.00 
 -0.75 
 -0.50 
 -0.25 
 0.00 
 0.25 
 0.50 
 0.75 
 1.00 
 1.25 
 1.50 
 1.75 
 2.00 
 2.25 
 2.50 
 2.75 
 3.00 
 3.25 
 3.50 
 3.75 
 4.00 
 4.25 
 4.50 
 4.75 
 5.00 
 5.25 
 5.50 
 5.75 
 6.00 
 6.25 
 6.50 
 6.75 
 7.00 
 7.25 
 7.50 
 7.75 
 8.00 
 8.25 
 8.50 
 8.75 
 9.00 
 9.25 
 9.50 
 9.75 
 10.00 
 10.25 
 10.50 
 10.75 
 11.00 
 11.25 
 11.50 
 11.75 
 12.00 
 12.25 
 12.50 
 12.75 
 13.00 
 13.25 
 13.50 
 13.75 
 14.00 
 14.25 
 14.50 
 14.75 
 15.00 
 15.25 
 15.50 
 15.75 
 16.00 
 16.25 
 16.50 
 16.75 
 17.00 
 17.25 
 17.50 
 17.75 
 18.00 
 18.25 
 18.50 
 18.75 
 19.00 
 19.25 
 19.50 
 19.75 
 20.00 
 20.25 
 20.50 
 20.75 
 21.00 
 21.25 
 21.50 
 21.75 
 22.00 
 22.25 
 22.50 
 22.75 
 23.00 
 23.25 
 23.50 
 23.75 
 24.00 
 24.25 
 24.50 
 24.75 
 25.00 
 25.25 
 25.50 
 25.75 
 26.00 
 26.25 
 26.50 
 26.75 
 27.00 
 27.25 
 27.50 
 27.75 
 28.00 
 28.25 
 28.50 
 28.75 
 29.00 
 29.25 
 29.50 
 29.75 
 30.00 
 30.25 
 30.50 
 30.75 
 31.00 
 31.25 
 31.50 
 31.75 
 32.00 
 32.25 
 32.50 
 32.75 
 33.00 
 33.25 
 33.50 
 33.75 
 34.00 
 34.25 
 34.50 
 34.75 
 35.00 
 35.25 
 35.50 
 35.75 
 36.00 
 36.25 
 36.50 
 36.75 
 37.00 
 37.25 
 37.50 
 37.75 
 38.00 
 38.25 
 38.50 
 38.75 
 39.00 
 39.25 
 39.50 
 39.75 
 40.00 
  Pressure BL Thick 
 Pressure Disp Thick 
Pressure Cf  
Suction BL Thick  
Suction Disp Thick  
Cf Suction  
0.005253 0.003867 0.002443 0.002218 0.005253 0.003867 0.002443 0.002218 0.005253 0.003867 0.002443 0.002218 0.005253 0.003867 0.002443 0.002218 0.005253 0.003867 0.002443 0.002218 0.005253 0.003867 0.002443 0.002218 0.005253 0.003867 0.002443 0.002218 0.005253 0.003867 0.002443 0.002218 0.005253 0.003867 0.002443 0.002218 0.005253 0.003867 0.002443 0.002218 0.005253 0.003867 0.002443 0.002218 0.005253 0.003867 0.002443 0.002218 0.005253 0.003867 0.002443 0.002218 0.005253 0.003867 0.002443 0.002218 0.005253 0.003867 0.002443 0.002218 0.005253 0.003867 0.002443 0.002218 0.005253 0.003867 0.002443 0.002218 0.005253 0.003867 0.002443 0.002218 0.005253 0.003867 0.002443 0.002218 0.005253 0.003867 0.002443 0.002218 0.005253 0.003867 0.002443 0.002218 0.005093 0.003781 0.002402 0.002183 0.004943 0.003697 0.002362 0.002149 0.004802 0.003616 0.002323 0.002115 0.004668 0.003538 0.002284 0.002082 0.004542 0.003462 0.002247 0.002049 0.004420 0.003389 0.002210 0.002017 0.004305 0.003318 0.002174 0.001981 0.004194 0.003249 0.002139 0.001946 0.004089 0.003182 0.002104 0.001916 0.003987 0.003117 0.002070 0.001886 0.003890 0.003054 0.002037 0.001856 0.003796 0.002993 0.002005 0.001827 0.003705 0.002933 0.001972 0.001799 0.003618 0.002874 0.001940 0.001767 0.003534 0.002818 0.001909 0.001740 0.003452 0.002763 0.001870 0.001708 0.003373 0.002708 0.001841 0.001682 0.003296 0.002656 0.001811 0.001651 0.003221 0.002605 0.001781 0.001623 0.003149 0.002554 0.001749 0.001597 0.003079 0.002505 0.001720 0.001564 0.003011 0.002458 0.001688 0.001532 0.002945 0.002410 0.001652 0.001504 0.002880 0.002364 0.001623 0.001473 0.002816 0.002319 0.001596 0.001438 0.002755 0.002275 0.001563 0.001402 0.002694 0.002232 0.001530 0.001370 0.002634 0.002182 0.001494 0.001338 0.002576 0.002141 0.001454 0.001305 0.002520 0.002090 0.001419 0.001276 0.002464 0.002044 0.001383 0.001244 0.002409 0.002002 0.001344 0.001214 0.002350 0.001955 0.001306 0.001185 0.002293 0.001907 0.001264 0.001142 0.002230 0.001854 0.001216 0.001092 0.002166 0.001793 0.001180 0.001066 0.002100 0.001740 0.001146 0.001030 0.002042 0.001683 0.001110 0.000999 0.001984 0.001629 0.001078 0.000942 0.001914 0.001576 0.001053 0.000918 0.001844 0.001515 0.001030 0.000898 0.001795 0.001459 0.001002 0.000880 0.001750 0.001419 0.000982 0.000859 0.001702 0.001375 0.000953 0.000833 0.001655 0.001346 0.000920 0.000803 0.001609 0.001306 0.000900 0.000790 0.001569 0.001270 0.000877 0.000770 0.001530 0.001247 0.000866 0.000754 0.001495 0.001216 0.000841 0.000739 0.001459 0.001184 0.000803 0.000721 0.001424 0.001159 0.000785 0.000690 0.001396 0.001137 0.000783 0.000672 0.001368 0.001113 0.000758 0.000664 0.001332 0.001098 0.000744 0.000650 0.001292 0.001077 0.000735 0.000641 0.001266 0.001044 0.000714 0.000624 0.001238 0.001019 0.000710 0.000617 0.001218 0.001007 0.000696 0.000607 0.001204 0.000991 0.000681 0.000594 0.001175 0.000976 0.000666 0.000580 0.001156 0.000960 0.000646 0.000562 0.001136 0.000938 0.000639 0.000562 0.001114 0.000925 0.000638 0.000556 0.001080 0.000914 0.000637 0.000539 0.001068 0.000911 0.000619 0.000523 0.001054 0.000892 0.000597 0.000513 0.001031 0.000867 0.000593 0.000514 0.001007 0.000849 0.000591 0.000494 0.000987 0.000826 0.000579 0.000481 0.000976 0.000831 0.000560 0.000478 0.000967 0.000818 0.000542 0.000492 0.000950 0.000791 0.000527 0.000482 0.000932 0.000772 0.000518 0.000462 0.000915 0.000754 0.000533 0.000441 0.000903 0.000749 0.000531 0.000433 0.000891 0.000741 0.000518 0.000434 0.000879 0.000731 0.000501 0.000452 0.000870 0.000728 0.000484 0.000443 0.000859 0.000717 0.000476 0.000428 0.000847 0.000706 0.000478 0.000410 0.000826 0.000700 0.000480 0.000402 0.000800 0.000688 0.000486 0.000396 0.000784 0.000658 0.000475 0.000392 0.000779 0.000643 0.000449 0.000396 0.000778 0.000652 0.000434 0.000394 0.000767 0.000646 0.000432 0.000379 0.000749 0.000628 0.000425 0.000365 0.000736 0.000612 0.000427 0.000357 0.000736 0.000605 0.000420 0.000361 0.000730 0.000615 0.000418 0.000365 0.000717 0.000609 0.000411 0.000360 0.000706 0.000593 0.000400 0.000349 0.000700 0.000578 0.000392 0.000347 0.000695 0.000589 0.000399 0.000352 0.000687 0.000581 0.000399 0.000344 0.000684 0.000564 0.000386 0.000346 0.000680 0.000554 0.000371 0.000352 0.000677 0.000547 0.000364 0.000345 0.000677 0.000545 0.000381 0.000336 0.000677 0.000539 0.000369 0.000332 0.000677 0.000524 0.000347 0.000335 0.000677 0.000523 0.000351 0.000329 0.000677 0.000518 0.000354 0.000334 0.000677 0.000507 0.000346 0.000335 0.000677 0.000505 0.000343 0.000334 0.000677 0.000504 0.000327 0.000334 0.000677 0.000504 0.000324 0.000334 0.000677 0.000504 0.000336 0.000334 0.000677 0.000504 0.000326 0.000334 0.000677 0.000504 0.000314 0.000334 0.000677 0.000504 0.000313 0.000334 0.000677 0.000504 0.000329 0.000334 0.000677 0.000504 0.000329 0.000334 0.000677 0.000504 0.000329 0.000334 0.000677 0.000504 0.000329 0.000334 0.000677 0.000504 0.000329 0.000334 0.000677 0.000504 0.000329 0.000334 0.000677 0.000504 0.000329 0.000334 0.000677 0.000504 0.000329 0.000334 0.000677 0.000504 0.000329 0.000334 0.000677 0.000504 0.000329 0.000334 0.000677 0.000504 0.000329 0.000334 0.000677 0.000504 0.000329 0.000334 0.000677 0.000504 0.000329 0.000334 0.000677 0.000504 0.000329 0.000334 0.000677 0.000504 0.000329 0.000334 0.000677 0.000504 0.000329 0.000334 0.000677 0.000504 0.000329 0.000334 0.000677 0.000504 0.000329 0.000334 0.000677 0.000504 0.000329 0.000334 0.000677 0.000504 0.000329 0.000334 0.000677 0.000504 0.000329 0.000334 0.000677 0.000504 0.000329 0.000334 0.000677 0.000504 0.000329 0.000334 0.000677 0.000504 0.000329 0.000334 0.000677 0.000504 0.000329 0.000334 0.000677 0.000504 0.000329 0.000334 0.000677 0.000504 0.000329 0.000334 0.000677 0.000504 0.000329 0.000334 0.000677 0.000504 0.000329 0.000334 0.000677 0.000504 0.000329 0.000334 0.000677 0.000504 0.000329 0.000334 0.000677 0.000504 0.000329 0.000334 0.000677 0.000504 0.000329 0.000334 0.000677 0.000504 0.000329 0.000334 0.000677 0.000504 0.000329 0.000334 0.000677 0.000504 0.000329 0.000334 0.000677 0.000504 0.000329 0.000334 0.000677 0.000504 0.000329 0.000334 0.000677 0.000504 0.000329 0.000334 0.000677 0.000504 0.000329 0.000334 0.000677 0.000504 0.000329 0.000334 0.000677 0.000504 0.000329 0.000334 0.000677 0.000504 0.000329 0.000334 0.000677 0.000504 0.000329 0.000334 0.000677 0.000504 0.000329 0.000334 0.000677 0.000504 0.000329 0.000334 0.000677 0.000504 0.000329 0.000334 0.000677 0.000504 0.000329 0.000334 0.000677 0.000504 0.000329 0.000334  
0.005253 0.003867 0.002443 0.002218 0.005253 0.003867 0.002443 0.002218 0.005253 0.003867 0.002443 0.002218 0.005253 0.003867 0.002443 0.002218 0.005253 0.003867 0.002443 0.002218 0.005253 0.003867 0.002443 0.002218 0.005253 0.003867 0.002443 0.002218 0.005253 0.003867 0.002443 0.002218 0.005253 0.003867 0.002443 0.002218 0.005253 0.003867 0.002443 0.002218 0.005253 0.003867 0.002443 0.002218 0.005253 0.003867 0.002443 0.002218 0.005253 0.003867 0.002443 0.002218 0.005253 0.003867 0.002443 0.002218 0.005253 0.003867 0.002443 0.002218 0.005253 0.003867 0.002443 0.002218 0.005253 0.003867 0.002443 0.002218 0.005253 0.003867 0.002443 0.002218 0.005253 0.003867 0.002443 0.002218 0.005253 0.003867 0.002443 0.002218 0.005253 0.003867 0.002443 0.002218 0.005093 0.003781 0.002402 0.002183 0.004943 0.003697 0.002362 0.002149 0.004802 0.003616 0.002323 0.002115 0.004668 0.003538 0.002284 0.002082 0.004542 0.003462 0.002247 0.002049 0.004420 0.003389 0.002210 0.002017 0.004305 0.003318 0.002174 0.001981 0.004194 0.003249 0.002139 0.001946 0.004089 0.003182 0.002104 0.001916 0.003987 0.003117 0.002070 0.001886 0.003890 0.003054 0.002037 0.001856 0.003796 0.002993 0.002005 0.001827 0.003705 0.002933 0.001972 0.001799 0.003618 0.002874 0.001940 0.001767 0.003534 0.002818 0.001909 0.001740 0.003452 0.002763 0.001870 0.001708 0.003373 0.002708 0.001841 0.001682 0.003296 0.002656 0.001811 0.001651 0.003221 0.002605 0.001781 0.001623 0.003149 0.002554 0.001749 0.001597 0.003079 0.002505 0.001720 0.001564 0.003011 0.002458 0.001688 0.001532 0.002945 0.002410 0.001652 0.001504 0.002880 0.002364 0.001623 0.001473 0.002816 0.002319 0.001596 0.001438 0.002755 0.002275 0.001563 0.001402 0.002694 0.002232 0.001530 0.001370 0.002634 0.002182 0.001494 0.001338 0.002576 0.002141 0.001454 0.001305 0.002520 0.002090 0.001419 0.001276 0.002464 0.002044 0.001383 0.001244 0.002409 0.002002 0.001344 0.001214 0.002350 0.001955 0.001306 0.001185 0.002293 0.001907 0.001264 0.001142 0.002230 0.001854 0.001216 0.001092 0.002166 0.001793 0.001180 0.001066 0.002100 0.001740 0.001146 0.001030 0.002042 0.001683 0.001110 0.000999 0.001984 0.001629 0.001078 0.000942 0.001914 0.001576 0.001053 0.000918 0.001844 0.001515 0.001030 0.000898 0.001795 0.001459 0.001002 0.000880 0.001750 0.001419 0.000982 0.000859 0.001702 0.001375 0.000953 0.000833 0.001655 0.001346 0.000920 0.000803 0.001609 0.001306 0.000900 0.000790 0.001569 0.001270 0.000877 0.000770 0.001530 0.001247 0.000866 0.000754 0.001495 0.001216 0.000841 0.000739 0.001459 0.001184 0.000803 0.000721 0.001424 0.001159 0.000785 0.000690 0.001396 0.001137 0.000783 0.000672 0.001368 0.001113 0.000758 0.000664 0.001332 0.001098 0.000744 0.000650 0.001292 0.001077 0.000735 0.000641 0.001266 0.001044 0.000714 0.000624 0.001238 0.001019 0.000710 0.000617 0.001218 0.001007 0.000696 0.000607 0.001204 0.000991 0.000681 0.000594 0.001175 0.000976 0.000666 0.000580 0.001156 0.000960 0.000646 0.000562 0.001136 0.000938 0.000639 0.000562 0.001114 0.000925 0.000638 0.000556 0.001080 0.000914 0.000637 0.000539 0.001068 0.000911 0.000619 0.000523 0.001054 0.000892 0.000597 0.000513 0.001031 0.000867 0.000593 0.000514 0.001007 0.000849 0.000591 0.000494 0.000987 0.000826 0.000579 0.000481 0.000976 0.000831 0.000560 0.000478 0.000967 0.000818 0.000542 0.000492 0.000950 0.000791 0.000527 0.000482 0.000932 0.000772 0.000518 0.000462 0.000915 0.000754 0.000533 0.000441 0.000903 0.000749 0.000531 0.000433 0.000891 0.000741 0.000518 0.000434 0.000879 0.000731 0.000501 0.000452 0.000870 0.000728 0.000484 0.000443 0.000859 0.000717 0.000476 0.000428 0.000847 0.000706 0.000478 0.000410 0.000826 0.000700 0.000480 0.000402 0.000800 0.000688 0.000486 0.000396 0.000784 0.000658 0.000475 0.000392 0.000779 0.000643 0.000449 0.000396 0.000778 0.000652 0.000434 0.000394 0.000767 0.000646 0.000432 0.000379 0.000749 0.000628 0.000425 0.000365 0.000736 0.000612 0.000427 0.000357 0.000736 0.000605 0.000420 0.000361 0.000730 0.000615 0.000418 0.000365 0.000717 0.000609 0.000411 0.000360 0.000706 0.000593 0.000400 0.000349 0.000700 0.000578 0.000392 0.000347 0.000695 0.000589 0.000399 0.000352 0.000687 0.000581 0.000399 0.000344 0.000684 0.000564 0.000386 0.000346 0.000680 0.000554 0.000371 0.000352 0.000677 0.000547 0.000364 0.000345 0.000677 0.000545 0.000381 0.000336 0.000677 0.000539 0.000369 0.000332 0.000677 0.000524 0.000347 0.000335 0.000677 0.000523 0.000351 0.000329 0.000677 0.000518 0.000354 0.000334 0.000677 0.000507 0.000346 0.000335 0.000677 0.000505 0.000343 0.000334 0.000677 0.000504 0.000327 0.000334 0.000677 0.000504 0.000324 0.000334 0.000677 0.000504 0.000336 0.000334 0.000677 0.000504 0.000326 0.000334 0.000677 0.000504 0.000314 0.000334 0.000677 0.000504 0.000313 0.000334 0.000677 0.000504 0.000329 0.000334 0.000677 0.000504 0.000329 0.000334 0.000677 0.000504 0.000329 0.000334 0.000677 0.000504 0.000329 0.000334 0.000677 0.000504 0.000329 0.000334 0.000677 0.000504 0.000329 0.000334 0.000677 0.000504 0.000329 0.000334 0.000677 0.000504 0.000329 0.000334 0.000677 0.000504 0.000329 0.000334 0.000677 0.000504 0.000329 0.000334 0.000677 0.000504 0.000329 0.000334 0.000677 0.000504 0.000329 0.000334 0.000677 0.000504 0.000329 0.000334 0.000677 0.000504 0.000329 0.000334 0.000677 0.000504 0.000329 0.000334 0.000677 0.000504 0.000329 0.000334 0.000677 0.000504 0.000329 0.000334 0.000677 0.000504 0.000329 0.000334 0.000677 0.000504 0.000329 0.000334 0.000677 0.000504 0.000329 0.000334 0.000677 0.000504 0.000329 0.000334 0.000677 0.000504 0.000329 0.000334 0.000677 0.000504 0.000329 0.000334 0.000677 0.000504 0.000329 0.000334 0.000677 0.000504 0.000329 0.000334 0.000677 0.000504 0.000329 0.000334 0.000677 0.000504 0.000329 0.000334 0.000677 0.000504 0.000329 0.000334 0.000677 0.000504 0.000329 0.000334 0.000677 0.000504 0.000329 0.000334 0.000677 0.000504 0.000329 0.000334 0.000677 0.000504 0.000329 0.000334 0.000677 0.000504 0.000329 0.000334 0.000677 0.000504 0.000329 0.000334 0.000677 0.000504 0.000329 0.000334 0.000677 0.000504 0.000329 0.000334 0.000677 0.000504 0.000329 0.000334 0.000677 0.000504 0.000329 0.000334 0.000677 0.000504 0.000329 0.000334 0.000677 0.000504 0.000329 0.000334 0.000677 0.000504 0.000329 0.000334 0.000677 0.000504 0.000329 0.000334 0.000677 0.000504 0.000329 0.000334 0.000677 0.000504 0.000329 0.000334 0.000677 0.000504 0.000329 0.000334 0.000677 0.000504 0.000329 0.000334 0.000677 0.000504 0.000329 0.000334 0.000677 0.000504 0.000329 0.000334 0.000677 0.000504 0.000329 0.000334  
0.000000 0.000000 0.000000 0.000000 0.000000 0.000000 0.000000 0.000000 0.000000 0.000000 0.000000 0.000000 0.000000 0.000000 0.000000 0.000000 0.000000 0.000000 0.000000 0.000000 0.000000 0.000000 0.000000 0.000000 0.000000 0.000000 0.000000 0.000000 0.000000 0.000000 0.000000 0.000000 0.000000 0.000000 0.000000 0.000000 0.000000 0.000000 0.000000 0.000000 0.000000 0.000000 0.000000 0.000000 0.000000 0.000000 0.000000 0.000000 0.000000 0.000000 0.000000 0.000000 0.000000 0.000000 0.000000 0.000000 0.000000 0.000000 0.000000 0.000000 0.000000 0.000000 0.000000 0.000000 0.000000 0.000000 0.000000 0.000000 0.000000 0.000000 0.000000 0.000000 0.000000 0.000000 0.000000 0.000000 0.000000 0.000000 0.000000 0.000000 0.000000 0.000000 0.000000 0.000000 0.000000 0.000000 0.000000 0.000000 0.000000 0.000000 0.000000 0.000000 0.000000 0.000000 0.000000 0.000000 0.000000 0.000000 0.000000 0.000000 0.000000 0.000000 0.000000 0.000000 0.000000 0.000000 0.000000 0.000000 0.000000 0.000000 0.000000 0.000000 0.000000 0.000000 0.000000 0.000000 0.000000 0.000000 0.000000 0.000000 0.000000 0.000000 0.000000 0.000000 0.000000 0.000000 0.000000 0.000000 0.000000 0.000000 0.000000 0.000000 0.000000 0.000000 0.000000 0.000000 0.000000 0.000000 0.000000 0.000000 0.000000 0.000000 0.000000 0.000000 0.000000 0.000000 0.000000 0.000000 0.000000 0.000000 0.000000 0.000000 0.000000 0.000000 0.000000 0.000000 0.000000 0.000000 0.000000 0.000000 0.000000 0.000000 0.000000 0.000000 0.000000 0.000000 0.000000 0.000000 0.000000 0.000000 0.000000 0.000000 0.000000 0.000000 0.000000 0.000000 0.000000 0.000000 0.000000 0.000000 0.000000 0.000000 0.000000 0.000000 0.000000 0.000000 0.000000 0.000000 0.000000 0.000000 0.000000 0.000000 0.000000 0.000000 0.000000 0.000000 0.000000 0.000000 0.000000 0.000000 0.000000 0.000000 0.000000 0.000000 0.000000 0.000000 0.000000 0.000000 0.000000 0.000000 0.000000 0.000000 0.000000 0.000000 0.000000 0.000000 0.000000 0.000000 0.000000 0.000000 0.000000 0.000000 0.000000 0.000000 0.000000 0.000000 0.000000 0.000000 0.000000 0.000000 0.000000 0.000000 0.000000 0.000000 0.000000 0.000000 0.000000 0.000000 0.000000 0.000000 0.000000 0.000000 0.000000 0.000000 0.000000 0.000000 0.000000 0.000000 0.000000 0.000000 0.000000 0.000000 0.000000 0.000000 0.000000 0.000000 0.000000 0.000000 0.000000 0.000000 0.000000 0.000000 0.000000 0.000000 0.000000 0.000000 0.000000 0.000000 0.000000 0.000000 0.000000 0.000000 0.000000 0.000000 0.000000 0.000000 0.000000 0.000000 0.000000 0.000000 0.000000 0.000000 0.000000 0.000000 0.000000 0.000000 0.000000 0.000000 0.000000 0.000000 0.000000 0.000000 0.000000 0.000000 0.000000 0.000000 0.000000 0.000000 0.000000 0.000000 0.000000 0.000000 0.000000 0.000000 0.000000 0.000000 0.000000 0.000000 0.000000 0.000000 0.000000 0.000000 0.000000 0.000000 0.000000 0.000000 0.000000 0.000000 0.000000 0.000000 0.000000 0.000000 0.000000 0.000000 0.000000 0.000000 0.000000 0.000000 0.000000 0.000000 0.000000 0.000000 0.000000 0.000000 0.000000 0.000000 0.000000 0.000000 0.000000 0.000000 0.000000 0.000000 0.000000 0.000000 0.000000 0.000000 0.000000 0.000000 0.000000 0.000000 0.000000 0.000000 0.000000 0.000000 0.000000 0.000000 0.000000 0.000000 0.000000 0.000000 0.000000 0.000000 0.000000 0.000000 0.000000 0.000000 0.000000 0.000000 0.000000 0.000000 0.000000 0.000000 0.000000 0.000000 0.000000 0.000000 0.000000 0.000000 0.000000 0.000000 0.000000 0.000000 0.000000 0.000000 0.000000 0.000000 0.000000 0.000000 0.000000 0.000000 0.000000 0.000000 0.000000 0.000000 0.000000 0.000000 0.000000 0.000000 0.000000 0.000000 0.000000 0.000000 0.000000 0.000000 0.000000 0.000000 0.000000 0.000000 0.000000 0.000000 0.000000 0.000000 0.000000 0.000000 0.000000 0.000000 0.000000 0.000000 0.000000 0.000000 0.000000 0.000000 0.000000 0.000000 0.000000 0.000000 0.000000 0.000000 0.000000 0.000000 0.000000 0.000000 0.000000 0.000000 0.000000 0.000000 0.000000 0.000000 0.000000 0.000000 0.000000 0.000000 0.000000 0.000000 0.000000 0.000000 0.000000 0.000000 0.000000 0.000000 0.000000 0.000000 0.000000 0.000000 0.000000 0.000000 0.000000 0.000000 0.000000 0.000000 0.000000 0.000000 0.000000 0.000000 0.000000 0.000000 0.000000 0.000000 0.000000 0.000000 0.000000 0.000000 0.000000 0.000000 0.000000 0.000000 0.000000 0.000000 0.000000 0.000000 0.000000 0.000000 0.000000 0.000000 0.000000 0.000000 0.000000 0.000000 0.000000 0.000000 0.000000 0.000000 0.000000 0.000000 0.000000 0.000000 0.000000 0.000000 0.000000 0.000000 0.000000 0.000000 0.000000 0.000000 0.000000 0.000000 0.000000 0.000000 0.000000 0.000000 0.000000 0.000000 0.000000 0.000000 0.000000 0.000000 0.000000 0.000000 0.000000 0.000000 0.000000 0.000000 0.000000 0.000000 0.000000 0.000000 0.000000 0.000000 0.000000 0.000000 0.000000 0.000000 0.000000 0.000000 0.000000 0.000000 0.000000 0.000000 0.000000 0.000000 0.000000 0.000000 0.000000 0.000000 0.000000 0.000000 0.000000 0.000000 0.000000 0.000000 0.000000 0.000000 0.000000 0.000000 0.000000 0.000000 0.000000 0.000000 0.000000 0.000000 0.000000 0.000000 0.000000 0.000000 0.000000 0.000000 0.000000 0.000000 0.000000 0.000000 0.000000 0.000000 0.000000 0.000000 0.000000 0.000000 0.000000 0.000000 0.000000 0.000000 0.000000 0.000000 0.000000 0.000000 0.000000 0.000000 0.000000 0.000000 0.000000 0.000000 0.000000 0.000000 0.000000 0.000000 0.000000 0.000000 0.000000 0.000000 0.000000 0.000000 0.000000 0.000000 0.000000 0.000000 0.000000 0.000000 0.000000 0.000000 0.000000 0.000000 0.000000 0.000000 0.000000 0.000000 0.000000 0.000000 0.000000 0.000000 0.000000 0.000000 0.000000 0.000000 0.000000 0.000000 0.000000 0.000000 0.000000 0.000000 0.000000 0.000000 0.000000 0.000000 0.000000 0.000000 0.000000 0.000000 0.000000 0.000000 0.000000 0.000000 0.000000 0.000000 0.000000 0.000000 0.000000 0.000000 0.000000 0.000000 0.000000 0.000000 0.000000 0.000000 0.000000 0.000000 0.000000 0.000000 0.000000 0.000000 0.000000 0.000000 0.000000 0.000000 0.000000 0.000000 0.000000 0.000000 0.000000 0.000000 0.000000 0.000000 0.000000 0.000000 0.000000 0.000000 0.000000 0.000000 0.000000 0.000000 0.000000 0.000000 0.000000 0.000000 0.000000 0.000000 0.000000 0.000000 0.000000 0.000000 0.000000 0.000000 0.000000 0.000000 0.000000 0.000000 0.000000 0.000000 0.000000 0.000000 0.000000 0.000000 0.000000 0.000000 0.000000 0.000000 0.000000 0.000000 0.000000 0.000000 0.000000 0.000000 0.000000 0.000000 0.000000 0.000000 0.000000 0.000000 0.000000 0.000000 0.000000 0.000000 0.000000 0.000000 0.000000 0.000000  
0.000000 0.000000 0.000000 0.000000 0.000000 0.000000 0.000000 0.000000 0.000000 0.000000 0.000000 0.000000 0.000000 0.000000 0.000000 0.000000 0.000000 0.000000 0.000000 0.000000 0.000000 0.000000 0.000000 0.000000 0.000000 0.000000 0.000000 0.000000 0.000000 0.000000 0.000000 0.000000 0.000000 0.000000 0.000000 0.000000 0.000000 0.000000 0.000000 0.000000 0.000000 0.000000 0.000000 0.000000 0.000000 0.000000 0.000000 0.000000 0.000000 0.000000 0.000000 0.000000 0.000000 0.000000 0.000000 0.000000 0.000000 0.000000 0.000000 0.000000 0.000000 0.000000 0.000000 0.000000 0.000000 0.000000 0.000000 0.000000 0.000000 0.000000 0.000000 0.000000 0.000000 0.000000 0.000000 0.000000 0.000000 0.000000 0.000000 0.000000 0.000000 0.000000 0.000000 0.000000 0.000000 0.000000 0.000000 0.000000 0.000000 0.000000 0.000000 0.000000 0.000000 0.000000 0.000000 0.000000 0.000000 0.000000 0.000000 0.000000 0.000000 0.000000 0.000000 0.000000 0.000000 0.000000 0.000000 0.000000 0.000000 0.000000 0.000000 0.000000 0.000000 0.000000 0.000000 0.000000 0.000000 0.000000 0.000000 0.000000 0.000000 0.000000 0.000000 0.000000 0.000000 0.000000 0.000000 0.000000 0.000000 0.000000 0.000000 0.000000 0.000000 0.000000 0.000000 0.000000 0.000000 0.000000 0.000000 0.000000 0.000000 0.000000 0.000000 0.000000 0.000000 0.000000 0.000000 0.000000 0.000000 0.000000 0.000000 0.000000 0.000000 0.000000 0.000000 0.000000 0.000000 0.000000 0.000000 0.000000 0.000000 0.000000 0.000000 0.000000 0.000000 0.000000 0.000000 0.000000 0.000000 0.000000 0.000000 0.000000 0.000000 0.000000 0.000000 0.000000 0.000000 0.000000 0.000000 0.000000 0.000000 0.000000 0.000000 0.000000 0.000000 0.000000 0.000000 0.000000 0.000000 0.000000 0.000000 0.000000 0.000000 0.000000 0.000000 0.000000 0.000000 0.000000 0.000000 0.000000 0.000000 0.000000 0.000000 0.000000 0.000000 0.000000 0.000000 0.000000 0.000000 0.000000 0.000000 0.000000 0.000000 0.000000 0.000000 0.000000 0.000000 0.000000 0.000000 0.000000 0.000000 0.000000 0.000000 0.000000 0.000000 0.000000 0.000000 0.000000 0.000000 0.000000 0.000000 0.000000 0.000000 0.000000 0.000000 0.000000 0.000000 0.000000 0.000000 0.000000 0.000000 0.000000 0.000000 0.000000 0.000000 0.000000 0.000000 0.000000 0.000000 0.000000 0.000000 0.000000 0.000000 0.000000 0.000000 0.000000 0.000000 0.000000 0.000000 0.000000 0.000000 0.000000 0.000000 0.000000 0.000000 0.000000 0.000000 0.000000 0.000000 0.000000 0.000000 0.000000 0.000000 0.000000 0.000000 0.000000 0.000000 0.000000 0.000000 0.000000 0.000000 0.000000 0.000000 0.000000 0.000000 0.000000 0.000000 0.000000 0.000000 0.000000 0.000000 0.000000 0.000000 0.000000 0.000000 0.000000 0.000000 0.000000 0.000000 0.000000 0.000000 0.000000 0.000000 0.000000 0.000000 0.000000 0.000000 0.000000 0.000000 0.000000 0.000000 0.000000 0.000000 0.000000 0.000000 0.000000 0.000000 0.000000 0.000000 0.000000 0.000000 0.000000 0.000000 0.000000 0.000000 0.000000 0.000000 0.000000 0.000000 0.000000 0.000000 0.000000 0.000000 0.000000 0.000000 0.000000 0.000000 0.000000 0.000000 0.000000 0.000000 0.000000 0.000000 0.000000 0.000000 0.000000 0.000000 0.000000 0.000000 0.000000 0.000000 0.000000 0.000000 0.000000 0.000000 0.000000 0.000000 0.000000 0.000000 0.000000 0.000000 0.000000 0.000000 0.000000 0.000000 0.000000 0.000000 0.000000 0.000000 0.000000 0.000000 0.000000 0.000000 0.000000 0.000000 0.000000 0.000000 0.000000 0.000000 0.000000 0.000000 0.000000 0.000000 0.000000 0.000000 0.000000 0.000000 0.000000 0.000000 0.000000 0.000000 0.000000 0.000000 0.000000 0.000000 0.000000 0.000000 0.000000 0.000000 0.000000 0.000000 0.000000 0.000000 0.000000 0.000000 0.000000 0.000000 0.000000 0.000000 0.000000 0.000000 0.000000 0.000000 0.000000 0.000000 0.000000 0.000000 0.000000 0.000000 0.000000 0.000000 0.000000 0.000000 0.000000 0.000000 0.000000 0.000000 0.000000 0.000000 0.000000 0.000000 0.000000 0.000000 0.000000 0.000000 0.000000 0.000000 0.000000 0.000000 0.000000 0.000000 0.000000 0.000000 0.000000 0.000000 0.000000 0.000000 0.000000 0.000000 0.000000 0.000000 0.000000 0.000000 0.000000 0.000000 0.000000 0.000000 0.000000 0.000000 0.000000 0.000000 0.000000 0.000000 0.000000 0.000000 0.000000 0.000000 0.000000 0.000000 0.000000 0.000000 0.000000 0.000000 0.000000 0.000000 0.000000 0.000000 0.000000 0.000000 0.000000 0.000000 0.000000 0.000000 0.000000 0.000000 0.000000 0.000000 0.000000 0.000000 0.000000 0.000000 0.000000 0.000000 0.000000 0.000000 0.000000 0.000000 0.000000 0.000000 0.000000 0.000000 0.000000 0.000000 0.000000 0.000000 0.000000 0.000000 0.000000 0.000000 0.000000 0.000000 0.000000 0.000000 0.000000 0.000000 0.000000 0.000000 0.000000 0.000000 0.000000 0.000000 0.000000 0.000000 0.000000 0.000000 0.000000 0.000000 0.000000 0.000000 0.000000 0.000000 0.000000 0.000000 0.000000 0.000000 0.000000 0.000000 0.000000 0.000000 0.000000 0.000000 0.000000 0.000000 0.000000 0.000000 0.000000 0.000000 0.000000 0.000000 0.000000 0.000000 0.000000 0.000000 0.000000 0.000000 0.000000 0.000000 0.000000 0.000000 0.000000 0.000000 0.000000 0.000000 0.000000 0.000000 0.000000 0.000000 0.000000 0.000000 0.000000 0.000000 0.000000 0.000000 0.000000 0.000000 0.000000 0.000000 0.000000 0.000000 0.000000 0.000000 0.000000 0.000000 0.000000 0.000000 0.000000 0.000000 0.000000 0.000000 0.000000 0.000000 0.000000 0.000000 0.000000 0.000000 0.000000 0.000000 0.000000 0.000000 0.000000 0.000000 0.000000 0.000000 0.000000 0.000000 0.000000 0.000000 0.000000 0.000000 0.000000 0.000000 0.000000 0.000000 0.000000 0.000000 0.000000 0.000000 0.000000 0.000000 0.000000 0.000000 0.000000 0.000000 0.000000 0.000000 0.000000 0.000000 0.000000 0.000000 0.000000 0.000000 0.000000 0.000000 0.000000 0.000000 0.000000 0.000000 0.000000 0.000000 0.000000 0.000000 0.000000 0.000000 0.000000 0.000000 0.000000 0.000000 0.000000 0.000000 0.000000 0.000000 0.000000 0.000000 0.000000 0.000000 0.000000 0.000000 0.000000 0.000000 0.000000 0.000000 0.000000 0.000000 0.000000 0.000000 0.000000 0.000000 0.000000 0.000000 0.000000 0.000000 0.000000 0.000000 0.000000 0.000000 0.000000 0.000000 0.000000 0.000000 0.000000 0.000000 0.000000 0.000000 0.000000 0.000000 0.000000 0.000000 0.000000 0.000000 0.000000 0.000000 0.000000 0.000000 0.000000 0.000000 0.000000 0.000000 0.000000 0.000000 0.000000 0.000000 0.000000 0.000000 0.000000 0.000000 0.000000 0.000000 0.000000 0.000000 0.000000 0.000000 0.000000 0.000000 0.000000 0.000000 0.000000 0.000000 0.000000 0.000000 0.000000 0.000000 0.000000 0.000000 0.000000  
0.012948 0.010291 0.006594 0.005603 0.012948 0.010291 0.006594 0.005603 0.012948 0.010291 0.006594 0.005603 0.012948 0.010291 0.006594 0.005603 0.012948 0.010291 0.006594 0.005603 0.012948 0.010291 0.006594 0.005603 0.012948 0.010291 0.006594 0.005603 0.012948 0.010291 0.006594 0.005603 0.012948 0.010291 0.006594 0.005603 0.012948 0.010291 0.006594 0.005603 0.012948 0.010291 0.006594 0.005603 0.012948 0.010291 0.006594 0.005603 0.012948 0.010291 0.006594 0.005603 0.012948 0.010291 0.006594 0.005603 0.012948 0.010291 0.006594 0.005603 0.012948 0.010291 0.006594 0.005603 0.012948 0.010291 0.006594 0.005603 0.012948 0.010291 0.006594 0.005603 0.012948 0.010291 0.006594 0.005603 0.012948 0.010291 0.006594 0.005603 0.012948 0.010291 0.006594 0.005603 0.013146 0.010448 0.006686 0.005678 0.013350 0.010608 0.006778 0.005752 0.013562 0.010774 0.006873 0.005829 0.013782 0.010943 0.006969 0.005908 0.014007 0.011115 0.007067 0.005987 0.014240 0.011293 0.007168 0.006069 0.014482 0.011475 0.007269 0.006311 0.014731 0.011662 0.007373 0.006557 0.014988 0.011855 0.007480 0.006648 0.015254 0.012053 0.007588 0.006743 0.015530 0.012256 0.007699 0.006839 0.015815 0.012464 0.007812 0.006936 0.016111 0.012680 0.007927 0.007036 0.016418 0.012901 0.008045 0.007323 0.016736 0.013128 0.008228 0.007430 0.017066 0.013364 0.008722 0.007740 0.017409 0.013607 0.008856 0.007856 0.017767 0.013856 0.008996 0.008183 0.018139 0.014115 0.009209 0.008526 0.018528 0.014382 0.009524 0.008660 0.018933 0.014658 0.009756 0.009261 0.019358 0.014943 0.010179 0.009892 0.019803 0.015239 0.010899 0.010309 0.020270 0.015546 0.011289 0.011002 0.020762 0.015863 0.011490 0.011994 0.021279 0.016195 0.012195 0.013310 0.021827 0.016538 0.012976 0.014332 0.022408 0.017292 0.014126 0.015432 0.023025 0.017676 0.015652 0.016708 0.023683 0.018689 0.016902 0.017764 0.024390 0.019470 0.018432 0.019235 0.025150 0.020116 0.020240 0.020504 0.026249 0.021218 0.022132 0.021926 0.027340 0.022434 0.024547 0.024037 0.028835 0.024144 0.028205 0.026085 0.030659 0.026631 0.030700 0.027740 0.032717 0.029068 0.033623 0.030698 0.034988 0.032771 0.037951 0.033901 0.038155 0.036519 0.042545 0.035977 0.041039 0.042202 0.048132 0.040759 0.046531 0.047362 0.051709 0.043203 0.050654 0.052042 0.057568 0.046872 0.055884 0.059093 0.061946 0.052432 0.061067 0.068126 0.068706 0.058716 0.068696 0.074283 0.074557 0.061152 0.076240 0.085494 0.082522 0.067125 0.082818 0.096741 0.085336 0.069722 0.090276 0.102850 0.094151 0.077728 0.097641 0.111920 0.097646 0.083473 0.109501 0.123007 0.107700 0.085346 0.117739 0.127827 0.110958 0.094098 0.125911 0.134341 0.122469 0.096644 0.134892 0.141842 0.123558 0.108824 0.140052 0.151383 0.132560 0.112734 0.154593 0.158646 0.141568 0.124294 0.163565 0.164129 0.143583 0.126060 0.167947 0.171748 0.152783 0.134970 0.176952 0.179791 0.157564 0.140746 0.186331 0.187924 0.164352 0.145371 0.193250 0.194465 0.174314 0.154103 0.199365 0.199539 0.175284 0.156554 0.204462 0.205124 0.181813 0.167862 0.212060 0.211608 0.190795 0.176196 0.220066 0.216823 0.200386 0.177020 0.225606 0.226725 0.201796 0.179395 0.231133 0.230494 0.202583 0.189992 0.235559 0.233298 0.210448 0.203643 0.240360 0.236382 0.223979 0.203087 0.246252 0.243788 0.231498 0.205393 0.254196 0.255084 0.232127 0.212793 0.261599 0.260575 0.232270 0.232158 0.267198 0.264215 0.235034 0.234994 0.271725 0.267674 0.240704 0.233833 0.276731 0.270571 0.258169 0.234362 0.282165 0.277258 0.265674 0.237714 0.289100 0.284631 0.267652 0.246022 0.296310 0.289550 0.267531 0.267968 0.302503 0.299144 0.267572 0.270435 0.307632 0.303500 0.270848 0.270404 0.315551 0.307970 0.279757 0.268406 0.322077 0.315122 0.289696 0.270526 0.326277 0.319342 0.302357 0.275335 0.331199 0.323280 0.304739 0.286616 0.338718 0.329585 0.307268 0.298709 0.348614 0.343233 0.313910 0.307246 0.355603 0.349915 0.321939 0.308011 0.359368 0.353633 0.325993 0.308100 0.365197 0.356316 0.337340 0.311763 0.375451 0.362388 0.341344 0.324740 0.384968 0.377598 0.349448 0.337195 0.394423 0.384174 0.355021 0.343256 0.403237 0.386946 0.356734 0.344174 0.413179 0.392548 0.360476 0.349351 0.419891 0.408938 0.375194 0.365503 0.425582 0.415768 0.385244 0.366976 0.434444 0.418401 0.387941 0.375564 0.442680 0.428366 0.388676 0.388868 0.448021 0.435843 0.394168 0.391282 0.453021 0.447662 0.419088 0.392518 0.458021 0.458558 0.421780 0.398832 0.463021 0.469863 0.419762 0.412358 0.468021 0.482320 0.434314 0.414007 0.473021 0.488349 0.450021 0.427369 0.478021 0.491706 0.453483 0.437186 0.483021 0.502659 0.463597 0.441661 0.488021 0.508337 0.465911 0.446661 0.493021 0.513337 0.477927 0.451661 0.498021 0.518337 0.503332 0.456661 0.503021 0.523337 0.527961 0.461661 0.508021 0.528337 0.526347 0.466661 0.513021 0.533337 0.531987 0.471661 0.518021 0.538337 0.554509 0.476661 0.523021 0.543337 0.559509 0.481661 0.528021 0.548337 0.564509 0.486660 0.533021 0.553337 0.569509 0.491661 0.538021 0.558337 0.574509 0.496660 0.543021 0.563337 0.579509 0.501660 0.548021 0.568337 0.584509 0.506660 0.553021 0.573337 0.589509 0.511660 0.558021 0.578337 0.594509 0.516660 0.563021 0.583337 0.599509 0.521661 0.568021 0.588337 0.604509 0.526660 0.573021 0.593337 0.609509 0.531660 0.578021 0.598337 0.614509 0.536660 0.583021 0.603337 0.619509 0.541660 0.588021 0.608337 0.624509 0.546660 0.593021 0.613337 0.629509 0.551660 0.598021 0.618337 0.634509 0.556661 0.603021 0.623337 0.639509 0.561661 0.608021 0.628337 0.644509 0.566661 0.613021 0.633337 0.649509 0.571661 0.618021 0.638337 0.654509 0.576661 0.623021 0.643337 0.659509 0.581660 0.628021 0.648337 0.664509 0.586661 0.633021 0.653337 0.669509 0.591660 0.638021 0.658337 0.674509 0.596661 0.643021 0.663337 0.679509 0.601660 0.648021 0.668337 0.684509 0.606661 0.653021 0.673337 0.689509 0.611660 0.658021 0.678337 0.694509 0.616661 0.663021 0.683337 0.699509 0.621660 0.668021 0.688337 0.704509 0.626661 0.673021 0.693337 0.709509 0.631660 0.678021 0.698337 0.714509 0.636661 0.683021 0.703337 0.719509 0.641660 0.688021 0.708337 0.724509 0.646661 0.693021 0.713337 0.729509 0.651660 0.698021 0.718337 0.734509 0.656660 0.703021 0.723337 0.739509 0.661660 0.708021 0.728337 0.744509 0.666660 0.713021 0.733337 0.749509 0.671660 0.718021 0.738337 0.754509 0.676660 0.723021 0.743337 0.759509 0.681661 0.728021 0.748337 0.764509 0.686661 0.733021 0.753337 0.769509 0.691661 0.738021 0.758337 0.774509 0.696661 0.743021 0.763337 0.779509 0.701661 0.748021 0.768337 0.784509 0.706660 0.753021 0.773337 0.789509 0.711661 0.758021 0.778337 0.794509 0.716660  
0.012948 0.010291 0.006594 0.005603 0.012948 0.010291 0.006594 0.005603 0.012948 0.010291 0.006594 0.005603 0.012948 0.010291 0.006594 0.005603 0.012948 0.010291 0.006594 0.005603 0.012948 0.010291 0.006594 0.005603 0.012948 0.010291 0.006594 0.005603 0.012948 0.010291 0.006594 0.005603 0.012948 0.010291 0.006594 0.005603 0.012948 0.010291 0.006594 0.005603 0.012948 0.010291 0.006594 0.005603 0.012948 0.010291 0.006594 0.005603 0.012948 0.010291 0.006594 0.005603 0.012948 0.010291 0.006594 0.005603 0.012948 0.010291 0.006594 0.005603 0.012948 0.010291 0.006594 0.005603 0.012948 0.010291 0.006594 0.005603 0.012948 0.010291 0.006594 0.005603 0.012948 0.010291 0.006594 0.005603 0.012948 0.010291 0.006594 0.005603 0.012948 0.010291 0.006594 0.005603 0.013146 0.010448 0.006686 0.005678 0.013350 0.010608 0.006778 0.005752 0.013562 0.010774 0.006873 0.005829 0.013782 0.010943 0.006969 0.005908 0.014007 0.011115 0.007067 0.005987 0.014240 0.011293 0.007168 0.006069 0.014482 0.011475 0.007269 0.006311 0.014731 0.011662 0.007373 0.006557 0.014988 0.011855 0.007480 0.006648 0.015254 0.012053 0.007588 0.006743 0.015530 0.012256 0.007699 0.006839 0.015815 0.012464 0.007812 0.006936 0.016111 0.012680 0.007927 0.007036 0.016418 0.012901 0.008045 0.007323 0.016736 0.013128 0.008228 0.007430 0.017066 0.013364 0.008722 0.007740 0.017409 0.013607 0.008856 0.007856 0.017767 0.013856 0.008996 0.008183 0.018139 0.014115 0.009209 0.008526 0.018528 0.014382 0.009524 0.008660 0.018933 0.014658 0.009756 0.009261 0.019358 0.014943 0.010179 0.009892 0.019803 0.015239 0.010899 0.010309 0.020270 0.015546 0.011289 0.011002 0.020762 0.015863 0.011490 0.011994 0.021279 0.016195 0.012195 0.013310 0.021827 0.016538 0.012976 0.014332 0.022408 0.017292 0.014126 0.015432 0.023025 0.017676 0.015652 0.016708 0.023683 0.018689 0.016902 0.017764 0.024390 0.019470 0.018432 0.019235 0.025150 0.020116 0.020240 0.020504 0.026249 0.021218 0.022132 0.021926 0.027340 0.022434 0.024547 0.024037 0.028835 0.024144 0.028205 0.026085 0.030659 0.026631 0.030700 0.027740 0.032717 0.029068 0.033623 0.030698 0.034988 0.032771 0.037951 0.033901 0.038155 0.036519 0.042545 0.035977 0.041039 0.042202 0.048132 0.040759 0.046531 0.047362 0.051709 0.043203 0.050654 0.052042 0.057568 0.046872 0.055884 0.059093 0.061946 0.052432 0.061067 0.068126 0.068706 0.058716 0.068696 0.074283 0.074557 0.061152 0.076240 0.085494 0.082522 0.067125 0.082818 0.096741 0.085336 0.069722 0.090276 0.102850 0.094151 0.077728 0.097641 0.111920 0.097646 0.083473 0.109501 0.123007 0.107700 0.085346 0.117739 0.127827 0.110958 0.094098 0.125911 0.134341 0.122469 0.096644 0.134892 0.141842 0.123558 0.108824 0.140052 0.151383 0.132560 0.112734 0.154593 0.158646 0.141568 0.124294 0.163565 0.164129 0.143583 0.126060 0.167947 0.171748 0.152783 0.134970 0.176952 0.179791 0.157564 0.140746 0.186331 0.187924 0.164352 0.145371 0.193250 0.194465 0.174314 0.154103 0.199365 0.199539 0.175284 0.156554 0.204462 0.205124 0.181813 0.167862 0.212060 0.211608 0.190795 0.176196 0.220066 0.216823 0.200386 0.177020 0.225606 0.226725 0.201796 0.179395 0.231133 0.230494 0.202583 0.189992 0.235559 0.233298 0.210448 0.203643 0.240360 0.236382 0.223979 0.203087 0.246252 0.243788 0.231498 0.205393 0.254196 0.255084 0.232127 0.212793 0.261599 0.260575 0.232270 0.232158 0.267198 0.264215 0.235034 0.234994 0.271725 0.267674 0.240704 0.233833 0.276731 0.270571 0.258169 0.234362 0.282165 0.277258 0.265674 0.237714 0.289100 0.284631 0.267652 0.246022 0.296310 0.289550 0.267531 0.267968 0.302503 0.299144 0.267572 0.270435 0.307632 0.303500 0.270848 0.270404 0.315551 0.307970 0.279757 0.268406 0.322077 0.315122 0.289696 0.270526 0.326277 0.319342 0.302357 0.275335 0.331199 0.323280 0.304739 0.286616 0.338718 0.329585 0.307268 0.298709 0.348614 0.343233 0.313910 0.307246 0.355603 0.349915 0.321939 0.308011 0.359368 0.353633 0.325993 0.308100 0.365197 0.356316 0.337340 0.311763 0.375451 0.362388 0.341344 0.324740 0.384968 0.377598 0.349448 0.337195 0.394423 0.384174 0.355021 0.343256 0.403237 0.386946 0.356734 0.344174 0.413179 0.392548 0.360476 0.349351 0.419891 0.408938 0.375194 0.365503 0.425582 0.415768 0.385244 0.366976 0.434444 0.418401 0.387941 0.375564 0.442680 0.428366 0.388676 0.388868 0.448021 0.435843 0.394168 0.391282 0.453021 0.447662 0.419088 0.392518 0.458021 0.458558 0.421780 0.398832 0.463021 0.469863 0.419762 0.412358 0.468021 0.482320 0.434314 0.414007 0.473021 0.488349 0.450021 0.427369 0.478021 0.491706 0.453483 0.437186 0.483021 0.502659 0.463597 0.441661 0.488021 0.508337 0.465911 0.446661 0.493021 0.513337 0.477927 0.451661 0.498021 0.518337 0.503332 0.456661 0.503021 0.523337 0.527961 0.461661 0.508021 0.528337 0.526347 0.466661 0.513021 0.533337 0.531987 0.471661 0.518021 0.538337 0.554509 0.476661 0.523021 0.543337 0.559509 0.481661 0.528021 0.548337 0.564509 0.486660 0.533021 0.553337 0.569509 0.491661 0.538021 0.558337 0.574509 0.496660 0.543021 0.563337 0.579509 0.501660 0.548021 0.568337 0.584509 0.506660 0.553021 0.573337 0.589509 0.511660 0.558021 0.578337 0.594509 0.516660 0.563021 0.583337 0.599509 0.521661 0.568021 0.588337 0.604509 0.526660 0.573021 0.593337 0.609509 0.531660 0.578021 0.598337 0.614509 0.536660 0.583021 0.603337 0.619509 0.541660 0.588021 0.608337 0.624509 0.546660 0.593021 0.613337 0.629509 0.551660 0.598021 0.618337 0.634509 0.556661 0.603021 0.623337 0.639509 0.561661 0.608021 0.628337 0.644509 0.566661 0.613021 0.633337 0.649509 0.571661 0.618021 0.638337 0.654509 0.576661 0.623021 0.643337 0.659509 0.581660 0.628021 0.648337 0.664509 0.586661 0.633021 0.653337 0.669509 0.591660 0.638021 0.658337 0.674509 0.596661 0.643021 0.663337 0.679509 0.601660 0.648021 0.668337 0.684509 0.606661 0.653021 0.673337 0.689509 0.611660 0.658021 0.678337 0.694509 0.616661 0.663021 0.683337 0.699509 0.621660 0.668021 0.688337 0.704509 0.626661 0.673021 0.693337 0.709509 0.631660 0.678021 0.698337 0.714509 0.636661 0.683021 0.703337 0.719509 0.641660 0.688021 0.708337 0.724509 0.646661 0.693021 0.713337 0.729509 0.651660 0.698021 0.718337 0.734509 0.656660 0.703021 0.723337 0.739509 0.661660 0.708021 0.728337 0.744509 0.666660 0.713021 0.733337 0.749509 0.671660 0.718021 0.738337 0.754509 0.676660 0.723021 0.743337 0.759509 0.681661 0.728021 0.748337 0.764509 0.686661 0.733021 0.753337 0.769509 0.691661 0.738021 0.758337 0.774509 0.696661 0.743021 0.763337 0.779509 0.701661 0.748021 0.768337 0.784509 0.706660 0.753021 0.773337 0.789509 0.711661 0.758021 0.778337 0.794509 0.716660  
0.000010 0.000010 0.000010 0.000010 0.000010 0.000010 0.000010 0.000010 0.000010 0.000010 0.000010 0.000010 0.000010 0.000010 0.000010 0.000010 0.000010 0.000010 0.000010 0.000010 0.000010 0.000010 0.000010 0.000010 0.000010 0.000010 0.000010 0.000010 0.000010 0.000010 0.000010 0.000010 0.000010 0.000010 0.000010 0.000010 0.000010 0.000010 0.000010 0.000010 0.000010 0.000010 0.000010 0.000010 0.000010 0.000010 0.000010 0.000010 0.000010 0.000010 0.000010 0.000010 0.000010 0.000010 0.000010 0.000010 0.000010 0.000010 0.000010 0.000010 0.000010 0.000010 0.000010 0.000010 0.000010 0.000010 0.000010 0.000010 0.000010 0.000010 0.000010 0.000010 0.000010 0.000010 0.000010 0.000010 0.000010 0.000010 0.000010 0.000010 0.000010 0.000010 0.000010 0.000010 0.000010 0.000010 0.000010 0.000010 0.000010 0.000010 0.000010 0.000010 0.000010 0.000010 0.000010 0.000010 0.000010 0.000010 0.000010 0.000010 0.000010 0.000010 0.000010 0.000010 0.000010 0.000010 0.000010 0.000010 0.000010 0.000010 0.000010 0.000010 0.000010 0.000010 0.000010 0.000010 0.000010 0.000010 0.000010 0.000010 0.000010 0.000010 0.000010 0.000010 0.000010 0.000010 0.000010 0.000010 0.000010 0.000010 0.000010 0.000010 0.000010 0.000010 0.000010 0.000010 0.000010 0.000010 0.000010 0.000010 0.000010 0.000010 0.000010 0.000010 0.000010 0.000010 0.000010 0.000010 0.000010 0.000010 0.000010 0.000010 0.000010 0.000010 0.000010 0.000010 0.000010 0.000010 0.000010 0.000010 0.000010 0.000010 0.000010 0.000010 0.000010 0.000010 0.000010 0.000010 0.000010 0.000010 0.000010 0.000010 0.000010 0.000010 0.000010 0.000010 0.000010 0.000010 0.000010 0.000010 0.000010 0.000010 0.000010 0.000010 0.000010 0.000010 0.000010 0.000010 0.000010 0.000010 0.000010 0.000010 0.000010 0.000010 0.000010 0.000010 0.000010 0.000010 0.000010 0.000010 0.000010 0.000010 0.000010 0.000010 0.000010 0.000010 0.000010 0.000010 0.000010 0.000010 0.000010 0.000010 0.000010 0.000010 0.000010 0.000010 0.000010 0.000010 0.000010 0.000010 0.000010 0.000010 0.000010 0.000010 0.000010 0.000010 0.000010 0.000010 0.000010 0.000010 0.000010 0.000010 0.000010 0.000010 0.000010 0.000010 0.000010 0.000010 0.000010 0.000010 0.000010 0.000010 0.000010 0.000010 0.000010 0.000010 0.000010 0.000010 0.000010 0.000010 0.000010 0.000010 0.000010 0.000010 0.000010 0.000010 0.000010 0.000010 0.000010 0.000010 0.000010 0.000010 0.000010 0.000010 0.000010 0.000010 0.000010 0.000010 0.000010 0.000010 0.000010 0.000010 0.000010 0.000010 0.000010 0.000010 0.000010 0.000010 0.000010 0.000010 0.000010 0.000010 0.000010 0.000010 0.000010 0.000010 0.000010 0.000010 0.000010 0.000010 0.000010 0.000010 0.000010 0.000010 0.000010 0.000010 0.000010 0.000010 0.000010 0.000010 0.000010 0.000010 0.000010 0.000010 0.000010 0.000010 0.000010 0.000010 0.000010 0.000010 0.000010 0.000010 0.000010 0.000010 0.000010 0.000010 0.000010 0.000010 0.000010 0.000010 0.000010 0.000010 0.000010 0.000010 0.000010 0.000010 0.000010 0.000010 0.000010 0.000010 0.000010 0.000010 0.000010 0.000010 0.000010 0.000010 0.000010 0.000010 0.000010 0.000010 0.000010 0.000010 0.000010 0.000010 0.000010 0.000010 0.000010 0.000010 0.000010 0.000010 0.000010 0.000010 0.000010 0.000010 0.000010 0.000010 0.000010 0.000010 0.000010 0.000010 0.000010 0.000010 0.000010 0.000010 0.000010 0.000010 0.000010 0.000010 0.000010 0.000010 0.000010 0.000010 0.000010 0.000010 0.000010 0.000010 0.000010 0.000010 0.000010 0.000010 0.000010 0.000010 0.000010 0.000010 0.000010 0.000010 0.000010 0.000010 0.000010 0.000010 0.000010 0.000010 0.000010 0.000010 0.000010 0.000010 0.000010 0.000010 0.000010 0.000010 0.000010 0.000010 0.000010 0.000010 0.000010 0.000010 0.000010 0.000010 0.000010 0.000010 0.000010 0.000010 0.000010 0.000010 0.000010 0.000010 0.000010 0.000010 0.000010 0.000010 0.000010 0.000010 0.000010 0.000010 0.000010 0.000010 0.000010 0.000010 0.000010 0.000010 0.000010 0.000010 0.000010 0.000010 0.000010 0.000010 0.000010 0.000010 0.000010 0.000010 0.000010 0.000010 0.000010 0.000010 0.000010 0.000010 0.000010 0.000010 0.000010 0.000010 0.000010 0.000010 0.000010 0.000010 0.000010 0.000010 0.000010 0.000010 0.000010 0.000010 0.000010 0.000010 0.000010 0.000010 0.000010 0.000010 0.000010 0.000010 0.000010 0.000010 0.000010 0.000010 0.000010 0.000010 0.000010 0.000010 0.000010 0.000010 0.000010 0.000010 0.000010 0.000010 0.000010 0.000010 0.000010 0.000010 0.000010 0.000010 0.000010 0.000010 0.000010 0.000010 0.000010 0.000010 0.000010 0.000010 0.000010 0.000010 0.000010 0.000010 0.000010 0.000010 0.000010 0.000010 0.000010 0.000010 0.000010 0.000010 0.000010 0.000010 0.000010 0.000010 0.000010 0.000010 0.000010 0.000010 0.000010 0.000010 0.000010 0.000010 0.000010 0.000010 0.000010 0.000010 0.000010 0.000010 0.000010 0.000010 0.000010 0.000010 0.000010 0.000010 0.000010 0.000010 0.000010 0.000010 0.000010 0.000010 0.000010 0.000010 0.000010 0.000010 0.000010 0.000010 0.000010 0.000010 0.000010 0.000010 0.000010 0.000010 0.000010 0.000010 0.000010 0.000010 0.000010 0.000010 0.000010 0.000010 0.000010 0.000010 0.000010 0.000010 0.000010 0.000010 0.000010 0.000010 0.000010 0.000010 0.000010 0.000010 0.000010 0.000010 0.000010 0.000010 0.000010 0.000010 0.000010 0.000010 0.000010 0.000010 0.000010 0.000010 0.000010 0.000010 0.000010 0.000010 0.000010 0.000010 0.000010 0.000010 0.000010 0.000010 0.000010 0.000010 0.000010 0.000010 0.000010 0.000010 0.000010 0.000010 0.000010 0.000010 0.000010 0.000010 0.000010 0.000010 0.000010 0.000010 0.000010 0.000010 0.000010 0.000010 0.000010 0.000010 0.000010 0.000010 0.000010 0.000010 0.000010 0.000010 0.000010 0.000010 0.000010 0.000010 0.000010 0.000010 0.000010 0.000010 0.000010 0.000010 0.000010 0.000010 0.000010 0.000010 0.000010 0.000010 0.000010 0.000010 0.000010 0.000010 0.000010 0.000010 0.000010 0.000010 0.000010 0.000010 0.000010 0.000010 0.000010 0.000010 0.000010 0.000010 0.000010 0.000010 0.000010 0.000010 0.000010 0.000010 0.000010 0.000010 0.000010 0.000010 0.000010 0.000010 0.000010 0.000010 0.000010 0.000010 0.000010 0.000010 0.000010 0.000010 0.000010 0.000010 0.000010 0.000010 0.000010 0.000010 0.000010 0.000010 0.000010 0.000010 0.000010 0.000010 0.000010 0.000010 0.000010 0.000010 0.000010 0.000010 0.000010 0.000010 0.000010 0.000010 0.000010 0.000010 0.000010 0.000010 0.000010 0.000010 0.000010 0.000010 0.000010 0.000010 0.000010 0.000010 0.000010 0.000010 0.000010 0.000010 0.000010 0.000010 0.000010 0.000010 0.000010 0.000010 0.000010 0.000010 0.000010 0.000010 0.000010 0.000010 0.000010 0.000010  
0.000000 0.000000 0.000000 0.000000 0.000000 0.000000 0.000000 0.000000 0.000000 0.000000 0.000000 0.000000 0.000000 0.000000 0.000000 0.000000 0.000000 0.000000 0.000000 0.000000 0.000000 0.000000 0.000000 0.000000 0.000000 0.000000 0.000000 0.000000 0.000000 0.000000 0.000000 0.000000 0.000000 0.000000 0.000000 0.000000 0.000000 0.000000 0.000000 0.000000 0.000000 0.000000 0.000000 0.000000 0.000000 0.000000 0.000000 0.000000 0.000000 0.000000 0.000000 0.000000 0.000000 0.000000 0.000000 0.000000 0.000000 0.000000 0.000000 0.000000 0.000000 0.000000 0.000000 0.000000 0.000000 0.000000 0.000000 0.000000 0.000000 0.000000 0.000000 0.000000 0.000000 0.000000 0.000000 0.000000 0.000000 0.000000 0.000000 0.000000 0.000000 0.000000 0.000000 0.000000 0.000000 0.000000 0.000000 0.000000 0.000000 0.000000 0.000000 0.000000 0.000000 0.000000 0.000000 0.000000 0.000000 0.000000 0.000000 0.000000 0.000000 0.000000 0.000000 0.000000 0.000000 0.000000 0.000000 0.000000 0.000000 0.000000 0.000000 0.000000 0.000000 0.000000 0.000000 0.000000 0.000000 0.000000 0.000000 0.000000 0.000000 0.000000 0.000000 0.000000 0.000000 0.000000 0.000000 0.000000 0.000000 0.000000 0.000000 0.000000 0.000000 0.000000 0.000000 0.000000 0.000000 0.000000 0.000000 0.000000 0.000000 0.000000 0.000000 0.000000 0.000000 0.000000 0.000000 0.000000 0.000000 0.000000 0.000000 0.000000 0.000000 0.000000 0.000000 0.000000 0.000000 0.000000 0.000000 0.000000 0.000000 0.000000 0.000000 0.000000 0.000000 0.000000 0.000000 0.000000 0.000000 0.000000 0.000000 0.000000 0.000000 0.000000 0.000000 0.000000 0.000000 0.000000 0.000000 0.000000 0.000000 0.000000 0.000000 0.000000 0.000000 0.000000 0.000000 0.000000 0.000000 0.000000 0.000000 0.000000 0.000000 0.000000 0.000000 0.000000 0.000000 0.000000 0.000000 0.000000 0.000000 0.000000 0.000000 0.000000 0.000000 0.000000 0.000000 0.000000 0.000000 0.000000 0.000000 0.000000 0.000000 0.000000 0.000000 0.000000 0.000000 0.000000 0.000000 0.000000 0.000000 0.000000 0.000000 0.000000 0.000000 0.000000 0.000000 0.000000 0.000000 0.000000 0.000000 0.000000 0.000000 0.000000 0.000000 0.000000 0.000000 0.000000 0.000000 0.000000 0.000000 0.000000 0.000000 0.000000 0.000000 0.000000 0.000000 0.000000 0.000000 0.000000 0.000000 0.000000 0.000000 0.000000 0.000000 0.000000 0.000000 0.000000 0.000000 0.000000 0.000000 0.000000 0.000000 0.000000 0.000000 0.000000 0.000000 0.000000 0.000000 0.000000 0.000000 0.000000 0.000000 0.000000 0.000000 0.000000 0.000000 0.000000 0.000000 0.000000 0.000000 0.000000 0.000000 0.000000 0.000000 0.000000 0.000000 0.000000 0.000000 0.000000 0.000000 0.000000 0.000000 0.000000 0.000000 0.000000 0.000000 0.000000 0.000000 0.000000 0.000000 0.000000 0.000000 0.000000 0.000000 0.000000 0.000000 0.000000 0.000000 0.000000 0.000000 0.000000 0.000000 0.000000 0.000000 0.000000 0.000000 0.000000 0.000000 0.000000 0.000000 0.000000 0.000000 0.000000 0.000000 0.000000 0.000000 0.000000 0.000000 0.000000 0.000000 0.000000 0.000000 0.000000 0.000000 0.000000 0.000000 0.000000 0.000000 0.000000 0.000000 0.000000 0.000000 0.000000 0.000000 0.000000 0.000000 0.000000 0.000000 0.000000 0.000000 0.000000 0.000000 0.000000 0.000000 0.000000 0.000000 0.000000 0.000000 0.000000 0.000000 0.000000 0.000000 0.000000 0.000000 0.000000 0.000000 0.000000 0.000000 0.000000 0.000000 0.000000 0.000000 0.000000 0.000000 0.000000 0.000000 0.000000 0.000000 0.000000 0.000000 0.000000 0.000000 0.000000 0.000000 0.000000 0.000000 0.000000 0.000000 0.000000 0.000000 0.000000 0.000000 0.000000 0.000000 0.000000 0.000000 0.000000 0.000000 0.000000 0.000000 0.000000 0.000000 0.000000 0.000000 0.000000 0.000000 0.000000 0.000000 0.000000 0.000000 0.000000 0.000000 0.000000 0.000000 0.000000 0.000000 0.000000 0.000000 0.000000 0.000000 0.000000 0.000000 0.000000 0.000000 0.000000 0.000000 0.000000 0.000000 0.000000 0.000000 0.000000 0.000000 0.000000 0.000000 0.000000 0.000000 0.000000 0.000000 0.000000 0.000000 0.000000 0.000000 0.000000 0.000000 0.000000 0.000000 0.000000 0.000000 0.000000 0.000000 0.000000 0.000000 0.000000 0.000000 0.000000 0.000000 0.000000 0.000000 0.000000 0.000000 0.000000 0.000000 0.000000 0.000000 0.000000 0.000000 0.000000 0.000000 0.000000 0.000000 0.000000 0.000000 0.000000 0.000000 0.000000 0.000000 0.000000 0.000000 0.000000 0.000000 0.000000 0.000000 0.000000 0.000000 0.000000 0.000000 0.000000 0.000000 0.000000 0.000000 0.000000 0.000000 0.000000 0.000000 0.000000 0.000000 0.000000 0.000000 0.000000 0.000000 0.000000 0.000000 0.000000 0.000000 0.000000 0.000000 0.000000 0.000000 0.000000 0.000000 0.000000 0.000000 0.000000 0.000000 0.000000 0.000000 0.000000 0.000000 0.000000 0.000000 0.000000 0.000000 0.000000 0.000000 0.000000 0.000000 0.000000 0.000000 0.000000 0.000000 0.000000 0.000000 0.000000 0.000000 0.000000 0.000000 0.000000 0.000000 0.000000 0.000000 0.000000 0.000000 0.000000 0.000000 0.000000 0.000000 0.000000 0.000000 0.000000 0.000000 0.000000 0.000000 0.000000 0.000000 0.000000 0.000000 0.000000 0.000000 0.000000 0.000000 0.000000 0.000000 0.000000 0.000000 0.000000 0.000000 0.000000 0.000000 0.000000 0.000000 0.000000 0.000000 0.000000 0.000000 0.000000 0.000000 0.000000 0.000000 0.000000 0.000000 0.000000 0.000000 0.000000 0.000000 0.000000 0.000000 0.000000 0.000000 0.000000 0.000000 0.000000 0.000000 0.000000 0.000000 0.000000 0.000000 0.000000 0.000000 0.000000 0.000000 0.000000 0.000000 0.000000 0.000000 0.000000 0.000000 0.000000 0.000000 0.000000 0.000000 0.000000 0.000000 0.000000 0.000000 0.000000 0.000000 0.000000 0.000000 0.000000 0.000000 0.000000 0.000000 0.000000 0.000000 0.000000 0.000000 0.000000 0.000000 0.000000 0.000000 0.000000 0.000000 0.000000 0.000000 0.000000 0.000000 0.000000 0.000000 0.000000 0.000000 0.000000 0.000000 0.000000 0.000000 0.000000 0.000000 0.000000 0.000000 0.000000 0.000000 0.000000 0.000000 0.000000 0.000000 0.000000 0.000000 0.000000 0.000000 0.000000 0.000000 0.000000 0.000000 0.000000 0.000000 0.000000 0.000000 0.000000 0.000000 0.000000 0.000000 0.000000 0.000000 0.000000 0.000000 0.000000 0.000000 0.000000 0.000000 0.000000 0.000000 0.000000 0.000000 0.000000 0.000000 0.000000 0.000000 0.000000 0.000000 0.000000 0.000000 0.000000 0.000000 0.000000 0.000000 0.000000 0.000000 0.000000 0.000000 0.000000 0.000000 0.000000 0.000000 0.000000 0.000000 0.000000 0.000000 0.000000 0.000000 0.000000 0.000000 0.000000 0.000000 0.000000 0.000000 0.000000 0.000000 0.000000 0.000000 0.000000 0.000000 0.000000 0.000000 0.000000 