Reynolds number List -  Side 
4 
      500000.0 
     1000000.0 
     5000000.0 
    10000000.0 
Angle of Attack List -  Downwards 
181 
-5.00 
 -4.75 
 -4.50 
 -4.25 
 -4.00 
 -3.75 
 -3.50 
 -3.25 
 -3.00 
 -2.75 
 -2.50 
 -2.25 
 -2.00 
 -1.75 
 -1.50 
 -1.25 
 -1.00 
 -0.75 
 -0.50 
 -0.25 
 0.00 
 0.25 
 0.50 
 0.75 
 1.00 
 1.25 
 1.50 
 1.75 
 2.00 
 2.25 
 2.50 
 2.75 
 3.00 
 3.25 
 3.50 
 3.75 
 4.00 
 4.25 
 4.50 
 4.75 
 5.00 
 5.25 
 5.50 
 5.75 
 6.00 
 6.25 
 6.50 
 6.75 
 7.00 
 7.25 
 7.50 
 7.75 
 8.00 
 8.25 
 8.50 
 8.75 
 9.00 
 9.25 
 9.50 
 9.75 
 10.00 
 10.25 
 10.50 
 10.75 
 11.00 
 11.25 
 11.50 
 11.75 
 12.00 
 12.25 
 12.50 
 12.75 
 13.00 
 13.25 
 13.50 
 13.75 
 14.00 
 14.25 
 14.50 
 14.75 
 15.00 
 15.25 
 15.50 
 15.75 
 16.00 
 16.25 
 16.50 
 16.75 
 17.00 
 17.25 
 17.50 
 17.75 
 18.00 
 18.25 
 18.50 
 18.75 
 19.00 
 19.25 
 19.50 
 19.75 
 20.00 
 20.25 
 20.50 
 20.75 
 21.00 
 21.25 
 21.50 
 21.75 
 22.00 
 22.25 
 22.50 
 22.75 
 23.00 
 23.25 
 23.50 
 23.75 
 24.00 
 24.25 
 24.50 
 24.75 
 25.00 
 25.25 
 25.50 
 25.75 
 26.00 
 26.25 
 26.50 
 26.75 
 27.00 
 27.25 
 27.50 
 27.75 
 28.00 
 28.25 
 28.50 
 28.75 
 29.00 
 29.25 
 29.50 
 29.75 
 30.00 
 30.25 
 30.50 
 30.75 
 31.00 
 31.25 
 31.50 
 31.75 
 32.00 
 32.25 
 32.50 
 32.75 
 33.00 
 33.25 
 33.50 
 33.75 
 34.00 
 34.25 
 34.50 
 34.75 
 35.00 
 35.25 
 35.50 
 35.75 
 36.00 
 36.25 
 36.50 
 36.75 
 37.00 
 37.25 
 37.50 
 37.75 
 38.00 
 38.25 
 38.50 
 38.75 
 39.00 
 39.25 
 39.50 
 39.75 
 40.00 
  Pressure BL Thick 
 Pressure Disp Thick 
Pressure Cf  
Suction BL Thick  
Suction Disp Thick  
Cf Suction  
0.004275 0.003391 0.002185 0.001986 0.004275 0.003391 0.002185 0.001986 0.004275 0.003391 0.002185 0.001986 0.004275 0.003391 0.002185 0.001986 0.004275 0.003391 0.002185 0.001986 0.004275 0.003391 0.002185 0.001986 0.004275 0.003391 0.002185 0.001986 0.004275 0.003391 0.002185 0.001986 0.004275 0.003391 0.002185 0.001986 0.004275 0.003391 0.002185 0.001986 0.004275 0.003391 0.002185 0.001986 0.004275 0.003391 0.002185 0.001986 0.004275 0.003391 0.002185 0.001986 0.004275 0.003391 0.002185 0.001986 0.004275 0.003391 0.002185 0.001986 0.004275 0.003391 0.002185 0.001986 0.004275 0.003391 0.002185 0.001986 0.004275 0.003391 0.002185 0.001986 0.004275 0.003391 0.002185 0.001986 0.004275 0.003391 0.002185 0.001986 0.004275 0.003391 0.002185 0.001986 0.004180 0.003326 0.002152 0.001957 0.004088 0.003263 0.002119 0.001928 0.003999 0.003202 0.002087 0.001900 0.003913 0.003142 0.002055 0.001873 0.003830 0.003083 0.002024 0.001846 0.003749 0.003026 0.001994 0.001819 0.003671 0.002971 0.001964 0.001793 0.003594 0.002917 0.001935 0.001759 0.003520 0.002864 0.001906 0.001734 0.003448 0.002812 0.001878 0.001709 0.003379 0.002761 0.001850 0.001684 0.003310 0.002712 0.001823 0.001660 0.003244 0.002664 0.001796 0.001636 0.003179 0.002616 0.001769 0.001605 0.003115 0.002570 0.001741 0.001582 0.003054 0.002524 0.001709 0.001559 0.002993 0.002480 0.001684 0.001536 0.002934 0.002436 0.001659 0.001506 0.002876 0.002394 0.001632 0.001477 0.002820 0.002352 0.001601 0.001455 0.002765 0.002310 0.001575 0.001419 0.002710 0.002270 0.001542 0.001390 0.002657 0.002230 0.001511 0.001363 0.002605 0.002191 0.001482 0.001335 0.002553 0.002153 0.001459 0.001301 0.002503 0.002115 0.001432 0.001263 0.002453 0.002078 0.001395 0.001239 0.002404 0.002027 0.001360 0.001209 0.002356 0.001991 0.001318 0.001183 0.002309 0.001941 0.001285 0.001157 0.002262 0.001905 0.001249 0.001131 0.002215 0.001866 0.001218 0.001104 0.002159 0.001815 0.001178 0.001077 0.002107 0.001768 0.001130 0.001029 0.002043 0.001716 0.001101 0.000960 0.001985 0.001642 0.001067 0.000934 0.001938 0.001594 0.001037 0.000910 0.001881 0.001533 0.001008 0.000891 0.001821 0.001493 0.000984 0.000868 0.001743 0.001441 0.000967 0.000849 0.001666 0.001391 0.000949 0.000831 0.001618 0.001316 0.000925 0.000814 0.001579 0.001278 0.000906 0.000801 0.001540 0.001249 0.000878 0.000764 0.001496 0.001230 0.000827 0.000730 0.001455 0.001201 0.000814 0.000718 0.001419 0.001174 0.000797 0.000702 0.001389 0.001151 0.000785 0.000694 0.001358 0.001125 0.000764 0.000676 0.001332 0.001091 0.000754 0.000660 0.001304 0.001074 0.000741 0.000651 0.001284 0.001060 0.000738 0.000636 0.001264 0.001040 0.000716 0.000626 0.001235 0.001034 0.000704 0.000618 0.001190 0.001012 0.000700 0.000613 0.001152 0.000972 0.000678 0.000594 0.001128 0.000933 0.000664 0.000580 0.001121 0.000927 0.000662 0.000582 0.001111 0.000925 0.000648 0.000569 0.001093 0.000904 0.000616 0.000537 0.001064 0.000880 0.000600 0.000524 0.001040 0.000869 0.000603 0.000533 0.001037 0.000872 0.000606 0.000516 0.001031 0.000864 0.000595 0.000501 0.001015 0.000849 0.000577 0.000493 0.000993 0.000828 0.000559 0.000500 0.000969 0.000803 0.000563 0.000499 0.000953 0.000794 0.000568 0.000481 0.000935 0.000793 0.000558 0.000466 0.000922 0.000797 0.000541 0.000460 0.000908 0.000775 0.000524 0.000475 0.000884 0.000735 0.000505 0.000467 0.000866 0.000720 0.000492 0.000448 0.000858 0.000711 0.000499 0.000420 0.000858 0.000717 0.000502 0.000412 0.000851 0.000714 0.000489 0.000411 0.000832 0.000701 0.000473 0.000428 0.000814 0.000680 0.000460 0.000420 0.000802 0.000668 0.000455 0.000405 0.000803 0.000662 0.000464 0.000390 0.000798 0.000672 0.000470 0.000383 0.000769 0.000666 0.000461 0.000382 0.000746 0.000637 0.000445 0.000394 0.000738 0.000614 0.000424 0.000394 0.000739 0.000621 0.000423 0.000378 0.000734 0.000618 0.000428 0.000356 0.000717 0.000607 0.000415 0.000345 0.000704 0.000588 0.000400 0.000344 0.000705 0.000580 0.000392 0.000356 0.000697 0.000590 0.000400 0.000355 0.000690 0.000584 0.000406 0.000338 0.000681 0.000565 0.000392 0.000328 0.000667 0.000556 0.000378 0.000325 0.000667 0.000567 0.000374 0.000334 0.000667 0.000558 0.000381 0.000318 0.000667 0.000539 0.000378 0.000322 0.000667 0.000537 0.000357 0.000334 0.000667 0.000525 0.000346 0.000321 0.000667 0.000512 0.000360 0.000302 0.000667 0.000512 0.000345 0.000294 0.000667 0.000502 0.000335 0.000300 0.000667 0.000502 0.000352 0.000287 0.000667 0.000502 0.000336 0.000298 0.000667 0.000502 0.000325 0.000300 0.000667 0.000502 0.000344 0.000297 0.000667 0.000502 0.000319 0.000297 0.000667 0.000502 0.000315 0.000297 0.000667 0.000502 0.000335 0.000297 0.000667 0.000502 0.000306 0.000297 0.000667 0.000502 0.000306 0.000297 0.000667 0.000502 0.000306 0.000297 0.000667 0.000502 0.000306 0.000297 0.000667 0.000502 0.000306 0.000297 0.000667 0.000502 0.000306 0.000297 0.000667 0.000502 0.000306 0.000297 0.000667 0.000502 0.000306 0.000297 0.000667 0.000502 0.000306 0.000297 0.000667 0.000502 0.000306 0.000297 0.000667 0.000502 0.000306 0.000297 0.000667 0.000502 0.000306 0.000297 0.000667 0.000502 0.000306 0.000297 0.000667 0.000502 0.000306 0.000297 0.000667 0.000502 0.000306 0.000297 0.000667 0.000502 0.000306 0.000297 0.000667 0.000502 0.000306 0.000297 0.000667 0.000502 0.000306 0.000297 0.000667 0.000502 0.000306 0.000297 0.000667 0.000502 0.000306 0.000297 0.000667 0.000502 0.000306 0.000297 0.000667 0.000502 0.000306 0.000297 0.000667 0.000502 0.000306 0.000297 0.000667 0.000502 0.000306 0.000297 0.000667 0.000502 0.000306 0.000297 0.000667 0.000502 0.000306 0.000297 0.000667 0.000502 0.000306 0.000297 0.000667 0.000502 0.000306 0.000297 0.000667 0.000502 0.000306 0.000297 0.000667 0.000502 0.000306 0.000297 0.000667 0.000502 0.000306 0.000297 0.000667 0.000502 0.000306 0.000297 0.000667 0.000502 0.000306 0.000297 0.000667 0.000502 0.000306 0.000297 0.000667 0.000502 0.000306 0.000297 0.000667 0.000502 0.000306 0.000297 0.000667 0.000502 0.000306 0.000297 0.000667 0.000502 0.000306 0.000297 0.000667 0.000502 0.000306 0.000297 0.000667 0.000502 0.000306 0.000297 0.000667 0.000502 0.000306 0.000297 0.000667 0.000502 0.000306 0.000297 0.000667 0.000502 0.000306 0.000297 0.000667 0.000502 0.000306 0.000297 0.000667 0.000502 0.000306 0.000297 0.000667 0.000502 0.000306 0.000297 0.000667 0.000502 0.000306 0.000297 0.000667 0.000502 0.000306 0.000297 0.000667 0.000502 0.000306 0.000297 0.000667 0.000502 0.000306 0.000297 0.000667 0.000502 0.000306 0.000297 0.000667 0.000502 0.000306 0.000297  
0.004275 0.003391 0.002185 0.001986 0.004275 0.003391 0.002185 0.001986 0.004275 0.003391 0.002185 0.001986 0.004275 0.003391 0.002185 0.001986 0.004275 0.003391 0.002185 0.001986 0.004275 0.003391 0.002185 0.001986 0.004275 0.003391 0.002185 0.001986 0.004275 0.003391 0.002185 0.001986 0.004275 0.003391 0.002185 0.001986 0.004275 0.003391 0.002185 0.001986 0.004275 0.003391 0.002185 0.001986 0.004275 0.003391 0.002185 0.001986 0.004275 0.003391 0.002185 0.001986 0.004275 0.003391 0.002185 0.001986 0.004275 0.003391 0.002185 0.001986 0.004275 0.003391 0.002185 0.001986 0.004275 0.003391 0.002185 0.001986 0.004275 0.003391 0.002185 0.001986 0.004275 0.003391 0.002185 0.001986 0.004275 0.003391 0.002185 0.001986 0.004275 0.003391 0.002185 0.001986 0.004180 0.003326 0.002152 0.001957 0.004088 0.003263 0.002119 0.001928 0.003999 0.003202 0.002087 0.001900 0.003913 0.003142 0.002055 0.001873 0.003830 0.003083 0.002024 0.001846 0.003749 0.003026 0.001994 0.001819 0.003671 0.002971 0.001964 0.001793 0.003594 0.002917 0.001935 0.001759 0.003520 0.002864 0.001906 0.001734 0.003448 0.002812 0.001878 0.001709 0.003379 0.002761 0.001850 0.001684 0.003310 0.002712 0.001823 0.001660 0.003244 0.002664 0.001796 0.001636 0.003179 0.002616 0.001769 0.001605 0.003115 0.002570 0.001741 0.001582 0.003054 0.002524 0.001709 0.001559 0.002993 0.002480 0.001684 0.001536 0.002934 0.002436 0.001659 0.001506 0.002876 0.002394 0.001632 0.001477 0.002820 0.002352 0.001601 0.001455 0.002765 0.002310 0.001575 0.001419 0.002710 0.002270 0.001542 0.001390 0.002657 0.002230 0.001511 0.001363 0.002605 0.002191 0.001482 0.001335 0.002553 0.002153 0.001459 0.001301 0.002503 0.002115 0.001432 0.001263 0.002453 0.002078 0.001395 0.001239 0.002404 0.002027 0.001360 0.001209 0.002356 0.001991 0.001318 0.001183 0.002309 0.001941 0.001285 0.001157 0.002262 0.001905 0.001249 0.001131 0.002215 0.001866 0.001218 0.001104 0.002159 0.001815 0.001178 0.001077 0.002107 0.001768 0.001130 0.001029 0.002043 0.001716 0.001101 0.000960 0.001985 0.001642 0.001067 0.000934 0.001938 0.001594 0.001037 0.000910 0.001881 0.001533 0.001008 0.000891 0.001821 0.001493 0.000984 0.000868 0.001743 0.001441 0.000967 0.000849 0.001666 0.001391 0.000949 0.000831 0.001618 0.001316 0.000925 0.000814 0.001579 0.001278 0.000906 0.000801 0.001540 0.001249 0.000878 0.000764 0.001496 0.001230 0.000827 0.000730 0.001455 0.001201 0.000814 0.000718 0.001419 0.001174 0.000797 0.000702 0.001389 0.001151 0.000785 0.000694 0.001358 0.001125 0.000764 0.000676 0.001332 0.001091 0.000754 0.000660 0.001304 0.001074 0.000741 0.000651 0.001284 0.001060 0.000738 0.000636 0.001264 0.001040 0.000716 0.000626 0.001235 0.001034 0.000704 0.000618 0.001190 0.001012 0.000700 0.000613 0.001152 0.000972 0.000678 0.000594 0.001128 0.000933 0.000664 0.000580 0.001121 0.000927 0.000662 0.000582 0.001111 0.000925 0.000648 0.000569 0.001093 0.000904 0.000616 0.000537 0.001064 0.000880 0.000600 0.000524 0.001040 0.000869 0.000603 0.000533 0.001037 0.000872 0.000606 0.000516 0.001031 0.000864 0.000595 0.000501 0.001015 0.000849 0.000577 0.000493 0.000993 0.000828 0.000559 0.000500 0.000969 0.000803 0.000563 0.000499 0.000953 0.000794 0.000568 0.000481 0.000935 0.000793 0.000558 0.000466 0.000922 0.000797 0.000541 0.000460 0.000908 0.000775 0.000524 0.000475 0.000884 0.000735 0.000505 0.000467 0.000866 0.000720 0.000492 0.000448 0.000858 0.000711 0.000499 0.000420 0.000858 0.000717 0.000502 0.000412 0.000851 0.000714 0.000489 0.000411 0.000832 0.000701 0.000473 0.000428 0.000814 0.000680 0.000460 0.000420 0.000802 0.000668 0.000455 0.000405 0.000803 0.000662 0.000464 0.000390 0.000798 0.000672 0.000470 0.000383 0.000769 0.000666 0.000461 0.000382 0.000746 0.000637 0.000445 0.000394 0.000738 0.000614 0.000424 0.000394 0.000739 0.000621 0.000423 0.000378 0.000734 0.000618 0.000428 0.000356 0.000717 0.000607 0.000415 0.000345 0.000704 0.000588 0.000400 0.000344 0.000705 0.000580 0.000392 0.000356 0.000697 0.000590 0.000400 0.000355 0.000690 0.000584 0.000406 0.000338 0.000681 0.000565 0.000392 0.000328 0.000667 0.000556 0.000378 0.000325 0.000667 0.000567 0.000374 0.000334 0.000667 0.000558 0.000381 0.000318 0.000667 0.000539 0.000378 0.000322 0.000667 0.000537 0.000357 0.000334 0.000667 0.000525 0.000346 0.000321 0.000667 0.000512 0.000360 0.000302 0.000667 0.000512 0.000345 0.000294 0.000667 0.000502 0.000335 0.000300 0.000667 0.000502 0.000352 0.000287 0.000667 0.000502 0.000336 0.000298 0.000667 0.000502 0.000325 0.000300 0.000667 0.000502 0.000344 0.000297 0.000667 0.000502 0.000319 0.000297 0.000667 0.000502 0.000315 0.000297 0.000667 0.000502 0.000335 0.000297 0.000667 0.000502 0.000306 0.000297 0.000667 0.000502 0.000306 0.000297 0.000667 0.000502 0.000306 0.000297 0.000667 0.000502 0.000306 0.000297 0.000667 0.000502 0.000306 0.000297 0.000667 0.000502 0.000306 0.000297 0.000667 0.000502 0.000306 0.000297 0.000667 0.000502 0.000306 0.000297 0.000667 0.000502 0.000306 0.000297 0.000667 0.000502 0.000306 0.000297 0.000667 0.000502 0.000306 0.000297 0.000667 0.000502 0.000306 0.000297 0.000667 0.000502 0.000306 0.000297 0.000667 0.000502 0.000306 0.000297 0.000667 0.000502 0.000306 0.000297 0.000667 0.000502 0.000306 0.000297 0.000667 0.000502 0.000306 0.000297 0.000667 0.000502 0.000306 0.000297 0.000667 0.000502 0.000306 0.000297 0.000667 0.000502 0.000306 0.000297 0.000667 0.000502 0.000306 0.000297 0.000667 0.000502 0.000306 0.000297 0.000667 0.000502 0.000306 0.000297 0.000667 0.000502 0.000306 0.000297 0.000667 0.000502 0.000306 0.000297 0.000667 0.000502 0.000306 0.000297 0.000667 0.000502 0.000306 0.000297 0.000667 0.000502 0.000306 0.000297 0.000667 0.000502 0.000306 0.000297 0.000667 0.000502 0.000306 0.000297 0.000667 0.000502 0.000306 0.000297 0.000667 0.000502 0.000306 0.000297 0.000667 0.000502 0.000306 0.000297 0.000667 0.000502 0.000306 0.000297 0.000667 0.000502 0.000306 0.000297 0.000667 0.000502 0.000306 0.000297 0.000667 0.000502 0.000306 0.000297 0.000667 0.000502 0.000306 0.000297 0.000667 0.000502 0.000306 0.000297 0.000667 0.000502 0.000306 0.000297 0.000667 0.000502 0.000306 0.000297 0.000667 0.000502 0.000306 0.000297 0.000667 0.000502 0.000306 0.000297 0.000667 0.000502 0.000306 0.000297 0.000667 0.000502 0.000306 0.000297 0.000667 0.000502 0.000306 0.000297 0.000667 0.000502 0.000306 0.000297 0.000667 0.000502 0.000306 0.000297 0.000667 0.000502 0.000306 0.000297 0.000667 0.000502 0.000306 0.000297 0.000667 0.000502 0.000306 0.000297 0.000667 0.000502 0.000306 0.000297  
0.000000 0.000000 0.000000 0.000000 0.000000 0.000000 0.000000 0.000000 0.000000 0.000000 0.000000 0.000000 0.000000 0.000000 0.000000 0.000000 0.000000 0.000000 0.000000 0.000000 0.000000 0.000000 0.000000 0.000000 0.000000 0.000000 0.000000 0.000000 0.000000 0.000000 0.000000 0.000000 0.000000 0.000000 0.000000 0.000000 0.000000 0.000000 0.000000 0.000000 0.000000 0.000000 0.000000 0.000000 0.000000 0.000000 0.000000 0.000000 0.000000 0.000000 0.000000 0.000000 0.000000 0.000000 0.000000 0.000000 0.000000 0.000000 0.000000 0.000000 0.000000 0.000000 0.000000 0.000000 0.000000 0.000000 0.000000 0.000000 0.000000 0.000000 0.000000 0.000000 0.000000 0.000000 0.000000 0.000000 0.000000 0.000000 0.000000 0.000000 0.000000 0.000000 0.000000 0.000000 0.000000 0.000000 0.000000 0.000000 0.000000 0.000000 0.000000 0.000000 0.000000 0.000000 0.000000 0.000000 0.000000 0.000000 0.000000 0.000000 0.000000 0.000000 0.000000 0.000000 0.000000 0.000000 0.000000 0.000000 0.000000 0.000000 0.000000 0.000000 0.000000 0.000000 0.000000 0.000000 0.000000 0.000000 0.000000 0.000000 0.000000 0.000000 0.000000 0.000000 0.000000 0.000000 0.000000 0.000000 0.000000 0.000000 0.000000 0.000000 0.000000 0.000000 0.000000 0.000000 0.000000 0.000000 0.000000 0.000000 0.000000 0.000000 0.000000 0.000000 0.000000 0.000000 0.000000 0.000000 0.000000 0.000000 0.000000 0.000000 0.000000 0.000000 0.000000 0.000000 0.000000 0.000000 0.000000 0.000000 0.000000 0.000000 0.000000 0.000000 0.000000 0.000000 0.000000 0.000000 0.000000 0.000000 0.000000 0.000000 0.000000 0.000000 0.000000 0.000000 0.000000 0.000000 0.000000 0.000000 0.000000 0.000000 0.000000 0.000000 0.000000 0.000000 0.000000 0.000000 0.000000 0.000000 0.000000 0.000000 0.000000 0.000000 0.000000 0.000000 0.000000 0.000000 0.000000 0.000000 0.000000 0.000000 0.000000 0.000000 0.000000 0.000000 0.000000 0.000000 0.000000 0.000000 0.000000 0.000000 0.000000 0.000000 0.000000 0.000000 0.000000 0.000000 0.000000 0.000000 0.000000 0.000000 0.000000 0.000000 0.000000 0.000000 0.000000 0.000000 0.000000 0.000000 0.000000 0.000000 0.000000 0.000000 0.000000 0.000000 0.000000 0.000000 0.000000 0.000000 0.000000 0.000000 0.000000 0.000000 0.000000 0.000000 0.000000 0.000000 0.000000 0.000000 0.000000 0.000000 0.000000 0.000000 0.000000 0.000000 0.000000 0.000000 0.000000 0.000000 0.000000 0.000000 0.000000 0.000000 0.000000 0.000000 0.000000 0.000000 0.000000 0.000000 0.000000 0.000000 0.000000 0.000000 0.000000 0.000000 0.000000 0.000000 0.000000 0.000000 0.000000 0.000000 0.000000 0.000000 0.000000 0.000000 0.000000 0.000000 0.000000 0.000000 0.000000 0.000000 0.000000 0.000000 0.000000 0.000000 0.000000 0.000000 0.000000 0.000000 0.000000 0.000000 0.000000 0.000000 0.000000 0.000000 0.000000 0.000000 0.000000 0.000000 0.000000 0.000000 0.000000 0.000000 0.000000 0.000000 0.000000 0.000000 0.000000 0.000000 0.000000 0.000000 0.000000 0.000000 0.000000 0.000000 0.000000 0.000000 0.000000 0.000000 0.000000 0.000000 0.000000 0.000000 0.000000 0.000000 0.000000 0.000000 0.000000 0.000000 0.000000 0.000000 0.000000 0.000000 0.000000 0.000000 0.000000 0.000000 0.000000 0.000000 0.000000 0.000000 0.000000 0.000000 0.000000 0.000000 0.000000 0.000000 0.000000 0.000000 0.000000 0.000000 0.000000 0.000000 0.000000 0.000000 0.000000 0.000000 0.000000 0.000000 0.000000 0.000000 0.000000 0.000000 0.000000 0.000000 0.000000 0.000000 0.000000 0.000000 0.000000 0.000000 0.000000 0.000000 0.000000 0.000000 0.000000 0.000000 0.000000 0.000000 0.000000 0.000000 0.000000 0.000000 0.000000 0.000000 0.000000 0.000000 0.000000 0.000000 0.000000 0.000000 0.000000 0.000000 0.000000 0.000000 0.000000 0.000000 0.000000 0.000000 0.000000 0.000000 0.000000 0.000000 0.000000 0.000000 0.000000 0.000000 0.000000 0.000000 0.000000 0.000000 0.000000 0.000000 0.000000 0.000000 0.000000 0.000000 0.000000 0.000000 0.000000 0.000000 0.000000 0.000000 0.000000 0.000000 0.000000 0.000000 0.000000 0.000000 0.000000 0.000000 0.000000 0.000000 0.000000 0.000000 0.000000 0.000000 0.000000 0.000000 0.000000 0.000000 0.000000 0.000000 0.000000 0.000000 0.000000 0.000000 0.000000 0.000000 0.000000 0.000000 0.000000 0.000000 0.000000 0.000000 0.000000 0.000000 0.000000 0.000000 0.000000 0.000000 0.000000 0.000000 0.000000 0.000000 0.000000 0.000000 0.000000 0.000000 0.000000 0.000000 0.000000 0.000000 0.000000 0.000000 0.000000 0.000000 0.000000 0.000000 0.000000 0.000000 0.000000 0.000000 0.000000 0.000000 0.000000 0.000000 0.000000 0.000000 0.000000 0.000000 0.000000 0.000000 0.000000 0.000000 0.000000 0.000000 0.000000 0.000000 0.000000 0.000000 0.000000 0.000000 0.000000 0.000000 0.000000 0.000000 0.000000 0.000000 0.000000 0.000000 0.000000 0.000000 0.000000 0.000000 0.000000 0.000000 0.000000 0.000000 0.000000 0.000000 0.000000 0.000000 0.000000 0.000000 0.000000 0.000000 0.000000 0.000000 0.000000 0.000000 0.000000 0.000000 0.000000 0.000000 0.000000 0.000000 0.000000 0.000000 0.000000 0.000000 0.000000 0.000000 0.000000 0.000000 0.000000 0.000000 0.000000 0.000000 0.000000 0.000000 0.000000 0.000000 0.000000 0.000000 0.000000 0.000000 0.000000 0.000000 0.000000 0.000000 0.000000 0.000000 0.000000 0.000000 0.000000 0.000000 0.000000 0.000000 0.000000 0.000000 0.000000 0.000000 0.000000 0.000000 0.000000 0.000000 0.000000 0.000000 0.000000 0.000000 0.000000 0.000000 0.000000 0.000000 0.000000 0.000000 0.000000 0.000000 0.000000 0.000000 0.000000 0.000000 0.000000 0.000000 0.000000 0.000000 0.000000 0.000000 0.000000 0.000000 0.000000 0.000000 0.000000 0.000000 0.000000 0.000000 0.000000 0.000000 0.000000 0.000000 0.000000 0.000000 0.000000 0.000000 0.000000 0.000000 0.000000 0.000000 0.000000 0.000000 0.000000 0.000000 0.000000 0.000000 0.000000 0.000000 0.000000 0.000000 0.000000 0.000000 0.000000 0.000000 0.000000 0.000000 0.000000 0.000000 0.000000 0.000000 0.000000 0.000000 0.000000 0.000000 0.000000 0.000000 0.000000 0.000000 0.000000 0.000000 0.000000 0.000000 0.000000 0.000000 0.000000 0.000000 0.000000 0.000000 0.000000 0.000000 0.000000 0.000000 0.000000 0.000000 0.000000 0.000000 0.000000 0.000000 0.000000 0.000000 0.000000 0.000000 0.000000 0.000000 0.000000 0.000000 0.000000 0.000000 0.000000 0.000000 0.000000 0.000000 0.000000 0.000000 0.000000 0.000000 0.000000 0.000000 0.000000 0.000000 0.000000 0.000000 0.000000 0.000000 0.000000 0.000000 0.000000 0.000000 0.000000 0.000000 0.000000 0.000000 0.000000 0.000000 0.000000 0.000000 0.000000 0.000000 0.000000 0.000000 0.000000 0.000000 0.000000 0.000000  
0.000000 0.000000 0.000000 0.000000 0.000000 0.000000 0.000000 0.000000 0.000000 0.000000 0.000000 0.000000 0.000000 0.000000 0.000000 0.000000 0.000000 0.000000 0.000000 0.000000 0.000000 0.000000 0.000000 0.000000 0.000000 0.000000 0.000000 0.000000 0.000000 0.000000 0.000000 0.000000 0.000000 0.000000 0.000000 0.000000 0.000000 0.000000 0.000000 0.000000 0.000000 0.000000 0.000000 0.000000 0.000000 0.000000 0.000000 0.000000 0.000000 0.000000 0.000000 0.000000 0.000000 0.000000 0.000000 0.000000 0.000000 0.000000 0.000000 0.000000 0.000000 0.000000 0.000000 0.000000 0.000000 0.000000 0.000000 0.000000 0.000000 0.000000 0.000000 0.000000 0.000000 0.000000 0.000000 0.000000 0.000000 0.000000 0.000000 0.000000 0.000000 0.000000 0.000000 0.000000 0.000000 0.000000 0.000000 0.000000 0.000000 0.000000 0.000000 0.000000 0.000000 0.000000 0.000000 0.000000 0.000000 0.000000 0.000000 0.000000 0.000000 0.000000 0.000000 0.000000 0.000000 0.000000 0.000000 0.000000 0.000000 0.000000 0.000000 0.000000 0.000000 0.000000 0.000000 0.000000 0.000000 0.000000 0.000000 0.000000 0.000000 0.000000 0.000000 0.000000 0.000000 0.000000 0.000000 0.000000 0.000000 0.000000 0.000000 0.000000 0.000000 0.000000 0.000000 0.000000 0.000000 0.000000 0.000000 0.000000 0.000000 0.000000 0.000000 0.000000 0.000000 0.000000 0.000000 0.000000 0.000000 0.000000 0.000000 0.000000 0.000000 0.000000 0.000000 0.000000 0.000000 0.000000 0.000000 0.000000 0.000000 0.000000 0.000000 0.000000 0.000000 0.000000 0.000000 0.000000 0.000000 0.000000 0.000000 0.000000 0.000000 0.000000 0.000000 0.000000 0.000000 0.000000 0.000000 0.000000 0.000000 0.000000 0.000000 0.000000 0.000000 0.000000 0.000000 0.000000 0.000000 0.000000 0.000000 0.000000 0.000000 0.000000 0.000000 0.000000 0.000000 0.000000 0.000000 0.000000 0.000000 0.000000 0.000000 0.000000 0.000000 0.000000 0.000000 0.000000 0.000000 0.000000 0.000000 0.000000 0.000000 0.000000 0.000000 0.000000 0.000000 0.000000 0.000000 0.000000 0.000000 0.000000 0.000000 0.000000 0.000000 0.000000 0.000000 0.000000 0.000000 0.000000 0.000000 0.000000 0.000000 0.000000 0.000000 0.000000 0.000000 0.000000 0.000000 0.000000 0.000000 0.000000 0.000000 0.000000 0.000000 0.000000 0.000000 0.000000 0.000000 0.000000 0.000000 0.000000 0.000000 0.000000 0.000000 0.000000 0.000000 0.000000 0.000000 0.000000 0.000000 0.000000 0.000000 0.000000 0.000000 0.000000 0.000000 0.000000 0.000000 0.000000 0.000000 0.000000 0.000000 0.000000 0.000000 0.000000 0.000000 0.000000 0.000000 0.000000 0.000000 0.000000 0.000000 0.000000 0.000000 0.000000 0.000000 0.000000 0.000000 0.000000 0.000000 0.000000 0.000000 0.000000 0.000000 0.000000 0.000000 0.000000 0.000000 0.000000 0.000000 0.000000 0.000000 0.000000 0.000000 0.000000 0.000000 0.000000 0.000000 0.000000 0.000000 0.000000 0.000000 0.000000 0.000000 0.000000 0.000000 0.000000 0.000000 0.000000 0.000000 0.000000 0.000000 0.000000 0.000000 0.000000 0.000000 0.000000 0.000000 0.000000 0.000000 0.000000 0.000000 0.000000 0.000000 0.000000 0.000000 0.000000 0.000000 0.000000 0.000000 0.000000 0.000000 0.000000 0.000000 0.000000 0.000000 0.000000 0.000000 0.000000 0.000000 0.000000 0.000000 0.000000 0.000000 0.000000 0.000000 0.000000 0.000000 0.000000 0.000000 0.000000 0.000000 0.000000 0.000000 0.000000 0.000000 0.000000 0.000000 0.000000 0.000000 0.000000 0.000000 0.000000 0.000000 0.000000 0.000000 0.000000 0.000000 0.000000 0.000000 0.000000 0.000000 0.000000 0.000000 0.000000 0.000000 0.000000 0.000000 0.000000 0.000000 0.000000 0.000000 0.000000 0.000000 0.000000 0.000000 0.000000 0.000000 0.000000 0.000000 0.000000 0.000000 0.000000 0.000000 0.000000 0.000000 0.000000 0.000000 0.000000 0.000000 0.000000 0.000000 0.000000 0.000000 0.000000 0.000000 0.000000 0.000000 0.000000 0.000000 0.000000 0.000000 0.000000 0.000000 0.000000 0.000000 0.000000 0.000000 0.000000 0.000000 0.000000 0.000000 0.000000 0.000000 0.000000 0.000000 0.000000 0.000000 0.000000 0.000000 0.000000 0.000000 0.000000 0.000000 0.000000 0.000000 0.000000 0.000000 0.000000 0.000000 0.000000 0.000000 0.000000 0.000000 0.000000 0.000000 0.000000 0.000000 0.000000 0.000000 0.000000 0.000000 0.000000 0.000000 0.000000 0.000000 0.000000 0.000000 0.000000 0.000000 0.000000 0.000000 0.000000 0.000000 0.000000 0.000000 0.000000 0.000000 0.000000 0.000000 0.000000 0.000000 0.000000 0.000000 0.000000 0.000000 0.000000 0.000000 0.000000 0.000000 0.000000 0.000000 0.000000 0.000000 0.000000 0.000000 0.000000 0.000000 0.000000 0.000000 0.000000 0.000000 0.000000 0.000000 0.000000 0.000000 0.000000 0.000000 0.000000 0.000000 0.000000 0.000000 0.000000 0.000000 0.000000 0.000000 0.000000 0.000000 0.000000 0.000000 0.000000 0.000000 0.000000 0.000000 0.000000 0.000000 0.000000 0.000000 0.000000 0.000000 0.000000 0.000000 0.000000 0.000000 0.000000 0.000000 0.000000 0.000000 0.000000 0.000000 0.000000 0.000000 0.000000 0.000000 0.000000 0.000000 0.000000 0.000000 0.000000 0.000000 0.000000 0.000000 0.000000 0.000000 0.000000 0.000000 0.000000 0.000000 0.000000 0.000000 0.000000 0.000000 0.000000 0.000000 0.000000 0.000000 0.000000 0.000000 0.000000 0.000000 0.000000 0.000000 0.000000 0.000000 0.000000 0.000000 0.000000 0.000000 0.000000 0.000000 0.000000 0.000000 0.000000 0.000000 0.000000 0.000000 0.000000 0.000000 0.000000 0.000000 0.000000 0.000000 0.000000 0.000000 0.000000 0.000000 0.000000 0.000000 0.000000 0.000000 0.000000 0.000000 0.000000 0.000000 0.000000 0.000000 0.000000 0.000000 0.000000 0.000000 0.000000 0.000000 0.000000 0.000000 0.000000 0.000000 0.000000 0.000000 0.000000 0.000000 0.000000 0.000000 0.000000 0.000000 0.000000 0.000000 0.000000 0.000000 0.000000 0.000000 0.000000 0.000000 0.000000 0.000000 0.000000 0.000000 0.000000 0.000000 0.000000 0.000000 0.000000 0.000000 0.000000 0.000000 0.000000 0.000000 0.000000 0.000000 0.000000 0.000000 0.000000 0.000000 0.000000 0.000000 0.000000 0.000000 0.000000 0.000000 0.000000 0.000000 0.000000 0.000000 0.000000 0.000000 0.000000 0.000000 0.000000 0.000000 0.000000 0.000000 0.000000 0.000000 0.000000 0.000000 0.000000 0.000000 0.000000 0.000000 0.000000 0.000000 0.000000 0.000000 0.000000 0.000000 0.000000 0.000000 0.000000 0.000000 0.000000 0.000000 0.000000 0.000000 0.000000 0.000000 0.000000 0.000000 0.000000 0.000000 0.000000 0.000000 0.000000 0.000000 0.000000 0.000000 0.000000 0.000000 0.000000 0.000000 0.000000 0.000000 0.000000 0.000000 0.000000 0.000000 0.000000 0.000000 0.000000 0.000000 0.000000 0.000000 0.000000 0.000000 0.000000  
0.012367 0.010020 0.006521 0.005555 0.012367 0.010020 0.006521 0.005555 0.012367 0.010020 0.006521 0.005555 0.012367 0.010020 0.006521 0.005555 0.012367 0.010020 0.006521 0.005555 0.012367 0.010020 0.006521 0.005555 0.012367 0.010020 0.006521 0.005555 0.012367 0.010020 0.006521 0.005555 0.012367 0.010020 0.006521 0.005555 0.012367 0.010020 0.006521 0.005555 0.012367 0.010020 0.006521 0.005555 0.012367 0.010020 0.006521 0.005555 0.012367 0.010020 0.006521 0.005555 0.012367 0.010020 0.006521 0.005555 0.012367 0.010020 0.006521 0.005555 0.012367 0.010020 0.006521 0.005555 0.012367 0.010020 0.006521 0.005555 0.012367 0.010020 0.006521 0.005555 0.012367 0.010020 0.006521 0.005555 0.012367 0.010020 0.006521 0.005555 0.012367 0.010020 0.006521 0.005555 0.012573 0.010176 0.006611 0.005628 0.012784 0.010336 0.006702 0.005702 0.013002 0.010500 0.006795 0.005778 0.013226 0.010668 0.006890 0.005855 0.013455 0.010839 0.006986 0.005933 0.013691 0.011015 0.007085 0.006013 0.013934 0.011196 0.007185 0.006094 0.014184 0.011381 0.007288 0.006495 0.014443 0.011572 0.007392 0.006585 0.014709 0.011767 0.007499 0.006678 0.014986 0.011968 0.007608 0.006772 0.015271 0.012174 0.007719 0.006867 0.015566 0.012387 0.007832 0.006965 0.015871 0.012605 0.007948 0.007436 0.016188 0.012830 0.008193 0.007545 0.016517 0.013063 0.008612 0.007657 0.016858 0.013302 0.008745 0.007771 0.017214 0.013548 0.008882 0.008302 0.017584 0.013804 0.009165 0.008864 0.017971 0.014067 0.009645 0.009006 0.018374 0.014340 0.009958 0.010078 0.018798 0.014622 0.010650 0.010733 0.019241 0.014914 0.011388 0.011421 0.019708 0.015218 0.011992 0.012145 0.020199 0.015533 0.012213 0.013434 0.020717 0.015860 0.012828 0.015327 0.021266 0.016201 0.014183 0.016026 0.021849 0.017348 0.015610 0.017384 0.022470 0.017740 0.017723 0.018437 0.023134 0.019080 0.019215 0.019578 0.023848 0.019541 0.021190 0.020827 0.024621 0.020371 0.022791 0.022212 0.026009 0.022090 0.025243 0.023800 0.027313 0.023635 0.028605 0.025859 0.029334 0.025622 0.030817 0.028328 0.031307 0.029495 0.034403 0.030705 0.032790 0.032559 0.038493 0.033874 0.035743 0.038284 0.043133 0.036294 0.040296 0.042871 0.047980 0.038896 0.043415 0.050742 0.052528 0.043563 0.050366 0.054435 0.058114 0.046049 0.056252 0.061855 0.063802 0.049385 0.062853 0.070289 0.067420 0.054739 0.068062 0.078714 0.073376 0.061633 0.079241 0.086843 0.077859 0.065259 0.087469 0.097541 0.084131 0.070571 0.094982 0.105959 0.088231 0.074357 0.102047 0.112074 0.096189 0.081704 0.109879 0.121910 0.101737 0.084529 0.121705 0.126954 0.109412 0.086521 0.128292 0.133510 0.114422 0.094453 0.137260 0.143557 0.124189 0.097854 0.144742 0.148972 0.125683 0.110664 0.147489 0.160174 0.131867 0.117255 0.160526 0.164433 0.144141 0.126353 0.169975 0.167913 0.145108 0.127290 0.172897 0.171481 0.147926 0.129787 0.182372 0.179289 0.156785 0.141286 0.190318 0.190176 0.166630 0.146447 0.193980 0.192528 0.167666 0.147778 0.197935 0.195236 0.169340 0.152658 0.202070 0.202774 0.179885 0.169009 0.211909 0.212352 0.190670 0.169503 0.220059 0.217835 0.193652 0.170357 0.223955 0.221238 0.194476 0.174300 0.226806 0.224144 0.196856 0.187732 0.231078 0.227565 0.209389 0.196506 0.236208 0.232351 0.220937 0.196417 0.243551 0.240301 0.223989 0.198891 0.250717 0.249961 0.224895 0.205168 0.257113 0.253959 0.225323 0.223731 0.262533 0.257287 0.227999 0.227719 0.267119 0.259958 0.233699 0.226641 0.272754 0.264761 0.246371 0.227273 0.281250 0.275702 0.256603 0.230500 0.289952 0.286401 0.258363 0.237158 0.294617 0.290249 0.258455 0.258602 0.297860 0.291710 0.259680 0.261124 0.302674 0.295252 0.264106 0.260738 0.314569 0.301272 0.278007 0.260231 0.323888 0.314501 0.290670 0.263105 0.327468 0.320500 0.293412 0.269727 0.331387 0.324105 0.293414 0.287125 0.337874 0.329535 0.296590 0.296271 0.347858 0.342985 0.311961 0.295317 0.355824 0.350798 0.324741 0.294785 0.360056 0.355183 0.325840 0.297402 0.365739 0.356957 0.325802 0.304173 0.376953 0.362664 0.329019 0.323314 0.385694 0.377873 0.343976 0.331636 0.398513 0.384641 0.357974 0.329052 0.410192 0.386673 0.358359 0.329625 0.418328 0.392229 0.358285 0.335072 0.423328 0.408795 0.364103 0.362375 0.428328 0.415376 0.379865 0.360320 0.433328 0.417816 0.389559 0.372498 0.438328 0.435688 0.388931 0.394104 0.443328 0.442312 0.393653 0.393932 0.448328 0.449392 0.416767 0.391405 0.453328 0.466272 0.418002 0.399032 0.458328 0.487366 0.419562 0.421085 0.463328 0.492366 0.445560 0.419383 0.468328 0.497366 0.446376 0.441106 0.473328 0.502366 0.447563 0.455741 0.478328 0.507366 0.476017 0.459690 0.483328 0.512366 0.471828 0.464690 0.488328 0.517366 0.476817 0.469690 0.493328 0.522366 0.513763 0.474690 0.498328 0.527366 0.539935 0.479690 0.503328 0.532366 0.544935 0.484690 0.508328 0.537366 0.549935 0.489690 0.513328 0.542366 0.554935 0.494690 0.518328 0.547366 0.559935 0.499690 0.523328 0.552366 0.564935 0.504690 0.528328 0.557366 0.569935 0.509690 0.533328 0.562366 0.574935 0.514690 0.538328 0.567366 0.579935 0.519690 0.543328 0.572366 0.584935 0.524690 0.548328 0.577366 0.589935 0.529690 0.553328 0.582366 0.594935 0.534690 0.558328 0.587366 0.599935 0.539690 0.563328 0.592366 0.604935 0.544690 0.568328 0.597366 0.609935 0.549690 0.573328 0.602366 0.614935 0.554690 0.578328 0.607366 0.619935 0.559690 0.583328 0.612366 0.624935 0.564690 0.588328 0.617366 0.629935 0.569690 0.593328 0.622366 0.634935 0.574690 0.598328 0.627366 0.639935 0.579690 0.603328 0.632366 0.644935 0.584690 0.608328 0.637366 0.649935 0.589690 0.613328 0.642366 0.654935 0.594690 0.618328 0.647366 0.659935 0.599690 0.623328 0.652366 0.664935 0.604690 0.628328 0.657366 0.669935 0.609690 0.633328 0.662366 0.674935 0.614690 0.638328 0.667366 0.679935 0.619690 0.643328 0.672366 0.684935 0.624690 0.648328 0.677366 0.689935 0.629690 0.653328 0.682366 0.694935 0.634690 0.658328 0.687366 0.699935 0.639690 0.663328 0.692366 0.704935 0.644690 0.668328 0.697366 0.709935 0.649690 0.673328 0.702366 0.714935 0.654690 0.678328 0.707366 0.719935 0.659690 0.683328 0.712366 0.724935 0.664690 0.688328 0.717366 0.729935 0.669690 0.693328 0.722366 0.734935 0.674690 0.698328 0.727366 0.739935 0.679690 0.703328 0.732366 0.744935 0.684690 0.708328 0.737366 0.749935 0.689690 0.713328 0.742366 0.754935 0.694690 0.718328 0.747366 0.759935 0.699690 0.723328 0.752366 0.764935 0.704690 0.728328 0.757366 0.769935 0.709690 0.733328 0.762366 0.774935 0.714690 0.738328 0.767366 0.779935 0.719690 0.743328 0.772366 0.784935 0.724690 0.748328 0.777366 0.789935 0.729690 0.753328 0.782366 0.794935 0.734690  
0.012367 0.010020 0.006521 0.005555 0.012367 0.010020 0.006521 0.005555 0.012367 0.010020 0.006521 0.005555 0.012367 0.010020 0.006521 0.005555 0.012367 0.010020 0.006521 0.005555 0.012367 0.010020 0.006521 0.005555 0.012367 0.010020 0.006521 0.005555 0.012367 0.010020 0.006521 0.005555 0.012367 0.010020 0.006521 0.005555 0.012367 0.010020 0.006521 0.005555 0.012367 0.010020 0.006521 0.005555 0.012367 0.010020 0.006521 0.005555 0.012367 0.010020 0.006521 0.005555 0.012367 0.010020 0.006521 0.005555 0.012367 0.010020 0.006521 0.005555 0.012367 0.010020 0.006521 0.005555 0.012367 0.010020 0.006521 0.005555 0.012367 0.010020 0.006521 0.005555 0.012367 0.010020 0.006521 0.005555 0.012367 0.010020 0.006521 0.005555 0.012367 0.010020 0.006521 0.005555 0.012573 0.010176 0.006611 0.005628 0.012784 0.010336 0.006702 0.005702 0.013002 0.010500 0.006795 0.005778 0.013226 0.010668 0.006890 0.005855 0.013455 0.010839 0.006986 0.005933 0.013691 0.011015 0.007085 0.006013 0.013934 0.011196 0.007185 0.006094 0.014184 0.011381 0.007288 0.006495 0.014443 0.011572 0.007392 0.006585 0.014709 0.011767 0.007499 0.006678 0.014986 0.011968 0.007608 0.006772 0.015271 0.012174 0.007719 0.006867 0.015566 0.012387 0.007832 0.006965 0.015871 0.012605 0.007948 0.007436 0.016188 0.012830 0.008193 0.007545 0.016517 0.013063 0.008612 0.007657 0.016858 0.013302 0.008745 0.007771 0.017214 0.013548 0.008882 0.008302 0.017584 0.013804 0.009165 0.008864 0.017971 0.014067 0.009645 0.009006 0.018374 0.014340 0.009958 0.010078 0.018798 0.014622 0.010650 0.010733 0.019241 0.014914 0.011388 0.011421 0.019708 0.015218 0.011992 0.012145 0.020199 0.015533 0.012213 0.013434 0.020717 0.015860 0.012828 0.015327 0.021266 0.016201 0.014183 0.016026 0.021849 0.017348 0.015610 0.017384 0.022470 0.017740 0.017723 0.018437 0.023134 0.019080 0.019215 0.019578 0.023848 0.019541 0.021190 0.020827 0.024621 0.020371 0.022791 0.022212 0.026009 0.022090 0.025243 0.023800 0.027313 0.023635 0.028605 0.025859 0.029334 0.025622 0.030817 0.028328 0.031307 0.029495 0.034403 0.030705 0.032790 0.032559 0.038493 0.033874 0.035743 0.038284 0.043133 0.036294 0.040296 0.042871 0.047980 0.038896 0.043415 0.050742 0.052528 0.043563 0.050366 0.054435 0.058114 0.046049 0.056252 0.061855 0.063802 0.049385 0.062853 0.070289 0.067420 0.054739 0.068062 0.078714 0.073376 0.061633 0.079241 0.086843 0.077859 0.065259 0.087469 0.097541 0.084131 0.070571 0.094982 0.105959 0.088231 0.074357 0.102047 0.112074 0.096189 0.081704 0.109879 0.121910 0.101737 0.084529 0.121705 0.126954 0.109412 0.086521 0.128292 0.133510 0.114422 0.094453 0.137260 0.143557 0.124189 0.097854 0.144742 0.148972 0.125683 0.110664 0.147489 0.160174 0.131867 0.117255 0.160526 0.164433 0.144141 0.126353 0.169975 0.167913 0.145108 0.127290 0.172897 0.171481 0.147926 0.129787 0.182372 0.179289 0.156785 0.141286 0.190318 0.190176 0.166630 0.146447 0.193980 0.192528 0.167666 0.147778 0.197935 0.195236 0.169340 0.152658 0.202070 0.202774 0.179885 0.169009 0.211909 0.212352 0.190670 0.169503 0.220059 0.217835 0.193652 0.170357 0.223955 0.221238 0.194476 0.174300 0.226806 0.224144 0.196856 0.187732 0.231078 0.227565 0.209389 0.196506 0.236208 0.232351 0.220937 0.196417 0.243551 0.240301 0.223989 0.198891 0.250717 0.249961 0.224895 0.205168 0.257113 0.253959 0.225323 0.223731 0.262533 0.257287 0.227999 0.227719 0.267119 0.259958 0.233699 0.226641 0.272754 0.264761 0.246371 0.227273 0.281250 0.275702 0.256603 0.230500 0.289952 0.286401 0.258363 0.237158 0.294617 0.290249 0.258455 0.258602 0.297860 0.291710 0.259680 0.261124 0.302674 0.295252 0.264106 0.260738 0.314569 0.301272 0.278007 0.260231 0.323888 0.314501 0.290670 0.263105 0.327468 0.320500 0.293412 0.269727 0.331387 0.324105 0.293414 0.287125 0.337874 0.329535 0.296590 0.296271 0.347858 0.342985 0.311961 0.295317 0.355824 0.350798 0.324741 0.294785 0.360056 0.355183 0.325840 0.297402 0.365739 0.356957 0.325802 0.304173 0.376953 0.362664 0.329019 0.323314 0.385694 0.377873 0.343976 0.331636 0.398513 0.384641 0.357974 0.329052 0.410192 0.386673 0.358359 0.329625 0.418328 0.392229 0.358285 0.335072 0.423328 0.408795 0.364103 0.362375 0.428328 0.415376 0.379865 0.360320 0.433328 0.417816 0.389559 0.372498 0.438328 0.435688 0.388931 0.394104 0.443328 0.442312 0.393653 0.393932 0.448328 0.449392 0.416767 0.391405 0.453328 0.466272 0.418002 0.399032 0.458328 0.487366 0.419562 0.421085 0.463328 0.492366 0.445560 0.419383 0.468328 0.497366 0.446376 0.441106 0.473328 0.502366 0.447563 0.455741 0.478328 0.507366 0.476017 0.459690 0.483328 0.512366 0.471828 0.464690 0.488328 0.517366 0.476817 0.469690 0.493328 0.522366 0.513763 0.474690 0.498328 0.527366 0.539935 0.479690 0.503328 0.532366 0.544935 0.484690 0.508328 0.537366 0.549935 0.489690 0.513328 0.542366 0.554935 0.494690 0.518328 0.547366 0.559935 0.499690 0.523328 0.552366 0.564935 0.504690 0.528328 0.557366 0.569935 0.509690 0.533328 0.562366 0.574935 0.514690 0.538328 0.567366 0.579935 0.519690 0.543328 0.572366 0.584935 0.524690 0.548328 0.577366 0.589935 0.529690 0.553328 0.582366 0.594935 0.534690 0.558328 0.587366 0.599935 0.539690 0.563328 0.592366 0.604935 0.544690 0.568328 0.597366 0.609935 0.549690 0.573328 0.602366 0.614935 0.554690 0.578328 0.607366 0.619935 0.559690 0.583328 0.612366 0.624935 0.564690 0.588328 0.617366 0.629935 0.569690 0.593328 0.622366 0.634935 0.574690 0.598328 0.627366 0.639935 0.579690 0.603328 0.632366 0.644935 0.584690 0.608328 0.637366 0.649935 0.589690 0.613328 0.642366 0.654935 0.594690 0.618328 0.647366 0.659935 0.599690 0.623328 0.652366 0.664935 0.604690 0.628328 0.657366 0.669935 0.609690 0.633328 0.662366 0.674935 0.614690 0.638328 0.667366 0.679935 0.619690 0.643328 0.672366 0.684935 0.624690 0.648328 0.677366 0.689935 0.629690 0.653328 0.682366 0.694935 0.634690 0.658328 0.687366 0.699935 0.639690 0.663328 0.692366 0.704935 0.644690 0.668328 0.697366 0.709935 0.649690 0.673328 0.702366 0.714935 0.654690 0.678328 0.707366 0.719935 0.659690 0.683328 0.712366 0.724935 0.664690 0.688328 0.717366 0.729935 0.669690 0.693328 0.722366 0.734935 0.674690 0.698328 0.727366 0.739935 0.679690 0.703328 0.732366 0.744935 0.684690 0.708328 0.737366 0.749935 0.689690 0.713328 0.742366 0.754935 0.694690 0.718328 0.747366 0.759935 0.699690 0.723328 0.752366 0.764935 0.704690 0.728328 0.757366 0.769935 0.709690 0.733328 0.762366 0.774935 0.714690 0.738328 0.767366 0.779935 0.719690 0.743328 0.772366 0.784935 0.724690 0.748328 0.777366 0.789935 0.729690 0.753328 0.782366 0.794935 0.734690  
0.000010 0.000010 0.000010 0.000010 0.000010 0.000010 0.000010 0.000010 0.000010 0.000010 0.000010 0.000010 0.000010 0.000010 0.000010 0.000010 0.000010 0.000010 0.000010 0.000010 0.000010 0.000010 0.000010 0.000010 0.000010 0.000010 0.000010 0.000010 0.000010 0.000010 0.000010 0.000010 0.000010 0.000010 0.000010 0.000010 0.000010 0.000010 0.000010 0.000010 0.000010 0.000010 0.000010 0.000010 0.000010 0.000010 0.000010 0.000010 0.000010 0.000010 0.000010 0.000010 0.000010 0.000010 0.000010 0.000010 0.000010 0.000010 0.000010 0.000010 0.000010 0.000010 0.000010 0.000010 0.000010 0.000010 0.000010 0.000010 0.000010 0.000010 0.000010 0.000010 0.000010 0.000010 0.000010 0.000010 0.000010 0.000010 0.000010 0.000010 0.000010 0.000010 0.000010 0.000010 0.000010 0.000010 0.000010 0.000010 0.000010 0.000010 0.000010 0.000010 0.000010 0.000010 0.000010 0.000010 0.000010 0.000010 0.000010 0.000010 0.000010 0.000010 0.000010 0.000010 0.000010 0.000010 0.000010 0.000010 0.000010 0.000010 0.000010 0.000010 0.000010 0.000010 0.000010 0.000010 0.000010 0.000010 0.000010 0.000010 0.000010 0.000010 0.000010 0.000010 0.000010 0.000010 0.000010 0.000010 0.000010 0.000010 0.000010 0.000010 0.000010 0.000010 0.000010 0.000010 0.000010 0.000010 0.000010 0.000010 0.000010 0.000010 0.000010 0.000010 0.000010 0.000010 0.000010 0.000010 0.000010 0.000010 0.000010 0.000010 0.000010 0.000010 0.000010 0.000010 0.000010 0.000010 0.000010 0.000010 0.000010 0.000010 0.000010 0.000010 0.000010 0.000010 0.000010 0.000010 0.000010 0.000010 0.000010 0.000010 0.000010 0.000010 0.000010 0.000010 0.000010 0.000010 0.000010 0.000010 0.000010 0.000010 0.000010 0.000010 0.000010 0.000010 0.000010 0.000010 0.000010 0.000010 0.000010 0.000010 0.000010 0.000010 0.000010 0.000010 0.000010 0.000010 0.000010 0.000010 0.000010 0.000010 0.000010 0.000010 0.000010 0.000010 0.000010 0.000010 0.000010 0.000010 0.000010 0.000010 0.000010 0.000010 0.000010 0.000010 0.000010 0.000010 0.000010 0.000010 0.000010 0.000010 0.000010 0.000010 0.000010 0.000010 0.000010 0.000010 0.000010 0.000010 0.000010 0.000010 0.000010 0.000010 0.000010 0.000010 0.000010 0.000010 0.000010 0.000010 0.000010 0.000010 0.000010 0.000010 0.000010 0.000010 0.000010 0.000010 0.000010 0.000010 0.000010 0.000010 0.000010 0.000010 0.000010 0.000010 0.000010 0.000010 0.000010 0.000010 0.000010 0.000010 0.000010 0.000010 0.000010 0.000010 0.000010 0.000010 0.000010 0.000010 0.000010 0.000010 0.000010 0.000010 0.000010 0.000010 0.000010 0.000010 0.000010 0.000010 0.000010 0.000010 0.000010 0.000010 0.000010 0.000010 0.000010 0.000010 0.000010 0.000010 0.000010 0.000010 0.000010 0.000010 0.000010 0.000010 0.000010 0.000010 0.000010 0.000010 0.000010 0.000010 0.000010 0.000010 0.000010 0.000010 0.000010 0.000010 0.000010 0.000010 0.000010 0.000010 0.000010 0.000010 0.000010 0.000010 0.000010 0.000010 0.000010 0.000010 0.000010 0.000010 0.000010 0.000010 0.000010 0.000010 0.000010 0.000010 0.000010 0.000010 0.000010 0.000010 0.000010 0.000010 0.000010 0.000010 0.000010 0.000010 0.000010 0.000010 0.000010 0.000010 0.000010 0.000010 0.000010 0.000010 0.000010 0.000010 0.000010 0.000010 0.000010 0.000010 0.000010 0.000010 0.000010 0.000010 0.000010 0.000010 0.000010 0.000010 0.000010 0.000010 0.000010 0.000010 0.000010 0.000010 0.000010 0.000010 0.000010 0.000010 0.000010 0.000010 0.000010 0.000010 0.000010 0.000010 0.000010 0.000010 0.000010 0.000010 0.000010 0.000010 0.000010 0.000010 0.000010 0.000010 0.000010 0.000010 0.000010 0.000010 0.000010 0.000010 0.000010 0.000010 0.000010 0.000010 0.000010 0.000010 0.000010 0.000010 0.000010 0.000010 0.000010 0.000010 0.000010 0.000010 0.000010 0.000010 0.000010 0.000010 0.000010 0.000010 0.000010 0.000010 0.000010 0.000010 0.000010 0.000010 0.000010 0.000010 0.000010 0.000010 0.000010 0.000010 0.000010 0.000010 0.000010 0.000010 0.000010 0.000010 0.000010 0.000010 0.000010 0.000010 0.000010 0.000010 0.000010 0.000010 0.000010 0.000010 0.000010 0.000010 0.000010 0.000010 0.000010 0.000010 0.000010 0.000010 0.000010 0.000010 0.000010 0.000010 0.000010 0.000010 0.000010 0.000010 0.000010 0.000010 0.000010 0.000010 0.000010 0.000010 0.000010 0.000010 0.000010 0.000010 0.000010 0.000010 0.000010 0.000010 0.000010 0.000010 0.000010 0.000010 0.000010 0.000010 0.000010 0.000010 0.000010 0.000010 0.000010 0.000010 0.000010 0.000010 0.000010 0.000010 0.000010 0.000010 0.000010 0.000010 0.000010 0.000010 0.000010 0.000010 0.000010 0.000010 0.000010 0.000010 0.000010 0.000010 0.000010 0.000010 0.000010 0.000010 0.000010 0.000010 0.000010 0.000010 0.000010 0.000010 0.000010 0.000010 0.000010 0.000010 0.000010 0.000010 0.000010 0.000010 0.000010 0.000010 0.000010 0.000010 0.000010 0.000010 0.000010 0.000010 0.000010 0.000010 0.000010 0.000010 0.000010 0.000010 0.000010 0.000010 0.000010 0.000010 0.000010 0.000010 0.000010 0.000010 0.000010 0.000010 0.000010 0.000010 0.000010 0.000010 0.000010 0.000010 0.000010 0.000010 0.000010 0.000010 0.000010 0.000010 0.000010 0.000010 0.000010 0.000010 0.000010 0.000010 0.000010 0.000010 0.000010 0.000010 0.000010 0.000010 0.000010 0.000010 0.000010 0.000010 0.000010 0.000010 0.000010 0.000010 0.000010 0.000010 0.000010 0.000010 0.000010 0.000010 0.000010 0.000010 0.000010 0.000010 0.000010 0.000010 0.000010 0.000010 0.000010 0.000010 0.000010 0.000010 0.000010 0.000010 0.000010 0.000010 0.000010 0.000010 0.000010 0.000010 0.000010 0.000010 0.000010 0.000010 0.000010 0.000010 0.000010 0.000010 0.000010 0.000010 0.000010 0.000010 0.000010 0.000010 0.000010 0.000010 0.000010 0.000010 0.000010 0.000010 0.000010 0.000010 0.000010 0.000010 0.000010 0.000010 0.000010 0.000010 0.000010 0.000010 0.000010 0.000010 0.000010 0.000010 0.000010 0.000010 0.000010 0.000010 0.000010 0.000010 0.000010 0.000010 0.000010 0.000010 0.000010 0.000010 0.000010 0.000010 0.000010 0.000010 0.000010 0.000010 0.000010 0.000010 0.000010 0.000010 0.000010 0.000010 0.000010 0.000010 0.000010 0.000010 0.000010 0.000010 0.000010 0.000010 0.000010 0.000010 0.000010 0.000010 0.000010 0.000010 0.000010 0.000010 0.000010 0.000010 0.000010 0.000010 0.000010 0.000010 0.000010 0.000010 0.000010 0.000010 0.000010 0.000010 0.000010 0.000010 0.000010 0.000010 0.000010 0.000010 0.000010 0.000010 0.000010 0.000010 0.000010 0.000010 0.000010 0.000010 0.000010 0.000010 0.000010 0.000010 0.000010 0.000010 0.000010 0.000010 0.000010 0.000010 0.000010 0.000010 0.000010 0.000010 0.000010 0.000010 0.000010 0.000010 0.000010 0.000010 0.000010 0.000010 0.000010 0.000010  
0.000000 0.000000 0.000000 0.000000 0.000000 0.000000 0.000000 0.000000 0.000000 0.000000 0.000000 0.000000 0.000000 0.000000 0.000000 0.000000 0.000000 0.000000 0.000000 0.000000 0.000000 0.000000 0.000000 0.000000 0.000000 0.000000 0.000000 0.000000 0.000000 0.000000 0.000000 0.000000 0.000000 0.000000 0.000000 0.000000 0.000000 0.000000 0.000000 0.000000 0.000000 0.000000 0.000000 0.000000 0.000000 0.000000 0.000000 0.000000 0.000000 0.000000 0.000000 0.000000 0.000000 0.000000 0.000000 0.000000 0.000000 0.000000 0.000000 0.000000 0.000000 0.000000 0.000000 0.000000 0.000000 0.000000 0.000000 0.000000 0.000000 0.000000 0.000000 0.000000 0.000000 0.000000 0.000000 0.000000 0.000000 0.000000 0.000000 0.000000 0.000000 0.000000 0.000000 0.000000 0.000000 0.000000 0.000000 0.000000 0.000000 0.000000 0.000000 0.000000 0.000000 0.000000 0.000000 0.000000 0.000000 0.000000 0.000000 0.000000 0.000000 0.000000 0.000000 0.000000 0.000000 0.000000 0.000000 0.000000 0.000000 0.000000 0.000000 0.000000 0.000000 0.000000 0.000000 0.000000 0.000000 0.000000 0.000000 0.000000 0.000000 0.000000 0.000000 0.000000 0.000000 0.000000 0.000000 0.000000 0.000000 0.000000 0.000000 0.000000 0.000000 0.000000 0.000000 0.000000 0.000000 0.000000 0.000000 0.000000 0.000000 0.000000 0.000000 0.000000 0.000000 0.000000 0.000000 0.000000 0.000000 0.000000 0.000000 0.000000 0.000000 0.000000 0.000000 0.000000 0.000000 0.000000 0.000000 0.000000 0.000000 0.000000 0.000000 0.000000 0.000000 0.000000 0.000000 0.000000 0.000000 0.000000 0.000000 0.000000 0.000000 0.000000 0.000000 0.000000 0.000000 0.000000 0.000000 0.000000 0.000000 0.000000 0.000000 0.000000 0.000000 0.000000 0.000000 0.000000 0.000000 0.000000 0.000000 0.000000 0.000000 0.000000 0.000000 0.000000 0.000000 0.000000 0.000000 0.000000 0.000000 0.000000 0.000000 0.000000 0.000000 0.000000 0.000000 0.000000 0.000000 0.000000 0.000000 0.000000 0.000000 0.000000 0.000000 0.000000 0.000000 0.000000 0.000000 0.000000 0.000000 0.000000 0.000000 0.000000 0.000000 0.000000 0.000000 0.000000 0.000000 0.000000 0.000000 0.000000 0.000000 0.000000 0.000000 0.000000 0.000000 0.000000 0.000000 0.000000 0.000000 0.000000 0.000000 0.000000 0.000000 0.000000 0.000000 0.000000 0.000000 0.000000 0.000000 0.000000 0.000000 0.000000 0.000000 0.000000 0.000000 0.000000 0.000000 0.000000 0.000000 0.000000 0.000000 0.000000 0.000000 0.000000 0.000000 0.000000 0.000000 0.000000 0.000000 0.000000 0.000000 0.000000 0.000000 0.000000 0.000000 0.000000 0.000000 0.000000 0.000000 0.000000 0.000000 0.000000 0.000000 0.000000 0.000000 0.000000 0.000000 0.000000 0.000000 0.000000 0.000000 0.000000 0.000000 0.000000 0.000000 0.000000 0.000000 0.000000 0.000000 0.000000 0.000000 0.000000 0.000000 0.000000 0.000000 0.000000 0.000000 0.000000 0.000000 0.000000 0.000000 0.000000 0.000000 0.000000 0.000000 0.000000 0.000000 0.000000 0.000000 0.000000 0.000000 0.000000 0.000000 0.000000 0.000000 0.000000 0.000000 0.000000 0.000000 0.000000 0.000000 0.000000 0.000000 0.000000 0.000000 0.000000 0.000000 0.000000 0.000000 0.000000 0.000000 0.000000 0.000000 0.000000 0.000000 0.000000 0.000000 0.000000 0.000000 0.000000 0.000000 0.000000 0.000000 0.000000 0.000000 0.000000 0.000000 0.000000 0.000000 0.000000 0.000000 0.000000 0.000000 0.000000 0.000000 0.000000 0.000000 0.000000 0.000000 0.000000 0.000000 0.000000 0.000000 0.000000 0.000000 0.000000 0.000000 0.000000 0.000000 0.000000 0.000000 0.000000 0.000000 0.000000 0.000000 0.000000 0.000000 0.000000 0.000000 0.000000 0.000000 0.000000 0.000000 0.000000 0.000000 0.000000 0.000000 0.000000 0.000000 0.000000 0.000000 0.000000 0.000000 0.000000 0.000000 0.000000 0.000000 0.000000 0.000000 0.000000 0.000000 0.000000 0.000000 0.000000 0.000000 0.000000 0.000000 0.000000 0.000000 0.000000 0.000000 0.000000 0.000000 0.000000 0.000000 0.000000 0.000000 0.000000 0.000000 0.000000 0.000000 0.000000 0.000000 0.000000 0.000000 0.000000 0.000000 0.000000 0.000000 0.000000 0.000000 0.000000 0.000000 0.000000 0.000000 0.000000 0.000000 0.000000 0.000000 0.000000 0.000000 0.000000 0.000000 0.000000 0.000000 0.000000 0.000000 0.000000 0.000000 0.000000 0.000000 0.000000 0.000000 0.000000 0.000000 0.000000 0.000000 0.000000 0.000000 0.000000 0.000000 0.000000 0.000000 0.000000 0.000000 0.000000 0.000000 0.000000 0.000000 0.000000 0.000000 0.000000 0.000000 0.000000 0.000000 0.000000 0.000000 0.000000 0.000000 0.000000 0.000000 0.000000 0.000000 0.000000 0.000000 0.000000 0.000000 0.000000 0.000000 0.000000 0.000000 0.000000 0.000000 0.000000 0.000000 0.000000 0.000000 0.000000 0.000000 0.000000 0.000000 0.000000 0.000000 0.000000 0.000000 0.000000 0.000000 0.000000 0.000000 0.000000 0.000000 0.000000 0.000000 0.000000 0.000000 0.000000 0.000000 0.000000 0.000000 0.000000 0.000000 0.000000 0.000000 0.000000 0.000000 0.000000 0.000000 0.000000 0.000000 0.000000 0.000000 0.000000 0.000000 0.000000 0.000000 0.000000 0.000000 0.000000 0.000000 0.000000 0.000000 0.000000 0.000000 0.000000 0.000000 0.000000 0.000000 0.000000 0.000000 0.000000 0.000000 0.000000 0.000000 0.000000 0.000000 0.000000 0.000000 0.000000 0.000000 0.000000 0.000000 0.000000 0.000000 0.000000 0.000000 0.000000 0.000000 0.000000 0.000000 0.000000 0.000000 0.000000 0.000000 0.000000 0.000000 0.000000 0.000000 0.000000 0.000000 0.000000 0.000000 0.000000 0.000000 0.000000 0.000000 0.000000 0.000000 0.000000 0.000000 0.000000 0.000000 0.000000 0.000000 0.000000 0.000000 0.000000 0.000000 0.000000 0.000000 0.000000 0.000000 0.000000 0.000000 0.000000 0.000000 0.000000 0.000000 0.000000 0.000000 0.000000 0.000000 0.000000 0.000000 0.000000 0.000000 0.000000 0.000000 0.000000 0.000000 0.000000 0.000000 0.000000 0.000000 0.000000 0.000000 0.000000 0.000000 0.000000 0.000000 0.000000 0.000000 0.000000 0.000000 0.000000 0.000000 0.000000 0.000000 0.000000 0.000000 0.000000 0.000000 0.000000 0.000000 0.000000 0.000000 0.000000 0.000000 0.000000 0.000000 0.000000 0.000000 0.000000 0.000000 0.000000 0.000000 0.000000 0.000000 0.000000 0.000000 0.000000 0.000000 0.000000 0.000000 0.000000 0.000000 0.000000 0.000000 0.000000 0.000000 0.000000 0.000000 0.000000 0.000000 0.000000 0.000000 0.000000 0.000000 0.000000 0.000000 0.000000 0.000000 0.000000 0.000000 0.000000 0.000000 0.000000 0.000000 0.000000 0.000000 0.000000 0.000000 0.000000 0.000000 0.000000 0.000000 0.000000 0.000000 0.000000 0.000000 0.000000 0.000000 0.000000 0.000000 0.000000 0.000000 0.000000 0.000000 0.000000 0.000000 0.000000 0.000000 0.000000 