Reynolds number List -  Side 
4 
      500000.0 
     1000000.0 
     5000000.0 
    10000000.0 
Angle of Attack List -  Downwards 
181 
-5.00 
 -4.75 
 -4.50 
 -4.25 
 -4.00 
 -3.75 
 -3.50 
 -3.25 
 -3.00 
 -2.75 
 -2.50 
 -2.25 
 -2.00 
 -1.75 
 -1.50 
 -1.25 
 -1.00 
 -0.75 
 -0.50 
 -0.25 
 0.00 
 0.25 
 0.50 
 0.75 
 1.00 
 1.25 
 1.50 
 1.75 
 2.00 
 2.25 
 2.50 
 2.75 
 3.00 
 3.25 
 3.50 
 3.75 
 4.00 
 4.25 
 4.50 
 4.75 
 5.00 
 5.25 
 5.50 
 5.75 
 6.00 
 6.25 
 6.50 
 6.75 
 7.00 
 7.25 
 7.50 
 7.75 
 8.00 
 8.25 
 8.50 
 8.75 
 9.00 
 9.25 
 9.50 
 9.75 
 10.00 
 10.25 
 10.50 
 10.75 
 11.00 
 11.25 
 11.50 
 11.75 
 12.00 
 12.25 
 12.50 
 12.75 
 13.00 
 13.25 
 13.50 
 13.75 
 14.00 
 14.25 
 14.50 
 14.75 
 15.00 
 15.25 
 15.50 
 15.75 
 16.00 
 16.25 
 16.50 
 16.75 
 17.00 
 17.25 
 17.50 
 17.75 
 18.00 
 18.25 
 18.50 
 18.75 
 19.00 
 19.25 
 19.50 
 19.75 
 20.00 
 20.25 
 20.50 
 20.75 
 21.00 
 21.25 
 21.50 
 21.75 
 22.00 
 22.25 
 22.50 
 22.75 
 23.00 
 23.25 
 23.50 
 23.75 
 24.00 
 24.25 
 24.50 
 24.75 
 25.00 
 25.25 
 25.50 
 25.75 
 26.00 
 26.25 
 26.50 
 26.75 
 27.00 
 27.25 
 27.50 
 27.75 
 28.00 
 28.25 
 28.50 
 28.75 
 29.00 
 29.25 
 29.50 
 29.75 
 30.00 
 30.25 
 30.50 
 30.75 
 31.00 
 31.25 
 31.50 
 31.75 
 32.00 
 32.25 
 32.50 
 32.75 
 33.00 
 33.25 
 33.50 
 33.75 
 34.00 
 34.25 
 34.50 
 34.75 
 35.00 
 35.25 
 35.50 
 35.75 
 36.00 
 36.25 
 36.50 
 36.75 
 37.00 
 37.25 
 37.50 
 37.75 
 38.00 
 38.25 
 38.50 
 38.75 
 39.00 
 39.25 
 39.50 
 39.75 
 40.00 
  Pressure BL Thick 
 Pressure Disp Thick 
Pressure Cf  
Suction BL Thick  
Suction Disp Thick  
Cf Suction  
0.004259 0.003395 0.002198 0.001977 0.004259 0.003395 0.002198 0.001977 0.004259 0.003395 0.002198 0.001977 0.004259 0.003395 0.002198 0.001977 0.004259 0.003395 0.002198 0.001977 0.004259 0.003395 0.002198 0.001977 0.004259 0.003395 0.002198 0.001977 0.004259 0.003395 0.002198 0.001977 0.004259 0.003395 0.002198 0.001977 0.004259 0.003395 0.002198 0.001977 0.004259 0.003395 0.002198 0.001977 0.004259 0.003395 0.002198 0.001977 0.004259 0.003395 0.002198 0.001977 0.004259 0.003395 0.002198 0.001977 0.004259 0.003395 0.002198 0.001977 0.004259 0.003395 0.002198 0.001977 0.004259 0.003395 0.002198 0.001977 0.004259 0.003395 0.002198 0.001977 0.004259 0.003395 0.002198 0.001977 0.004259 0.003395 0.002198 0.001977 0.004259 0.003395 0.002198 0.001977 0.004165 0.003330 0.002164 0.001948 0.004074 0.003267 0.002131 0.001919 0.003986 0.003206 0.002098 0.001891 0.003901 0.003146 0.002066 0.001864 0.003819 0.003087 0.002035 0.001837 0.003738 0.003030 0.002004 0.001810 0.003661 0.002975 0.001974 0.001784 0.003585 0.002921 0.001945 0.001752 0.003511 0.002868 0.001915 0.001725 0.003440 0.002816 0.001887 0.001700 0.003371 0.002765 0.001859 0.001675 0.003303 0.002716 0.001831 0.001651 0.003237 0.002668 0.001804 0.001628 0.003173 0.002620 0.001777 0.001596 0.003109 0.002574 0.001749 0.001573 0.003048 0.002528 0.001716 0.001550 0.002988 0.002484 0.001691 0.001526 0.002929 0.002440 0.001665 0.001497 0.002871 0.002397 0.001637 0.001470 0.002815 0.002355 0.001607 0.001445 0.002760 0.002313 0.001579 0.001409 0.002705 0.002273 0.001547 0.001377 0.002652 0.002233 0.001516 0.001350 0.002600 0.002194 0.001486 0.001320 0.002549 0.002153 0.001457 0.001287 0.002498 0.002115 0.001427 0.001250 0.002448 0.002075 0.001390 0.001226 0.002399 0.002026 0.001354 0.001196 0.002350 0.001987 0.001312 0.001170 0.002301 0.001939 0.001278 0.001144 0.002254 0.001900 0.001242 0.001118 0.002206 0.001861 0.001208 0.001093 0.002149 0.001806 0.001168 0.001065 0.002096 0.001751 0.001125 0.001020 0.002031 0.001697 0.001095 0.000958 0.001974 0.001624 0.001062 0.000932 0.001922 0.001576 0.001033 0.000908 0.001859 0.001516 0.001005 0.000889 0.001799 0.001477 0.000982 0.000867 0.001720 0.001427 0.000964 0.000847 0.001651 0.001378 0.000945 0.000829 0.001604 0.001305 0.000922 0.000813 0.001564 0.001269 0.000902 0.000799 0.001524 0.001240 0.000877 0.000766 0.001480 0.001221 0.000832 0.000735 0.001442 0.001193 0.000813 0.000722 0.001407 0.001166 0.000797 0.000701 0.001376 0.001143 0.000783 0.000693 0.001347 0.001118 0.000764 0.000675 0.001320 0.001087 0.000754 0.000661 0.001289 0.001069 0.000740 0.000651 0.001268 0.001049 0.000735 0.000636 0.001247 0.001029 0.000711 0.000622 0.001221 0.001022 0.000699 0.000613 0.001179 0.001001 0.000693 0.000607 0.001145 0.000965 0.000674 0.000591 0.001121 0.000929 0.000660 0.000577 0.001109 0.000919 0.000652 0.000573 0.001097 0.000915 0.000640 0.000562 0.001077 0.000892 0.000612 0.000534 0.001047 0.000868 0.000597 0.000521 0.001026 0.000857 0.000598 0.000524 0.001021 0.000858 0.000595 0.000509 0.001014 0.000847 0.000586 0.000496 0.000996 0.000831 0.000570 0.000488 0.000972 0.000811 0.000553 0.000492 0.000951 0.000789 0.000551 0.000491 0.000935 0.000779 0.000555 0.000472 0.000915 0.000774 0.000546 0.000458 0.000902 0.000776 0.000527 0.000452 0.000887 0.000754 0.000512 0.000461 0.000863 0.000718 0.000495 0.000454 0.000847 0.000704 0.000481 0.000437 0.000837 0.000694 0.000486 0.000410 0.000833 0.000696 0.000488 0.000403 0.000825 0.000692 0.000476 0.000402 0.000806 0.000680 0.000459 0.000413 0.000788 0.000659 0.000447 0.000405 0.000777 0.000647 0.000442 0.000392 0.000776 0.000641 0.000450 0.000377 0.000771 0.000647 0.000451 0.000370 0.000743 0.000639 0.000443 0.000369 0.000722 0.000614 0.000429 0.000379 0.000713 0.000595 0.000411 0.000376 0.000711 0.000598 0.000408 0.000362 0.000706 0.000591 0.000411 0.000343 0.000689 0.000580 0.000395 0.000332 0.000674 0.000563 0.000382 0.000331 0.000673 0.000553 0.000375 0.000338 0.000666 0.000559 0.000379 0.000334 0.000660 0.000552 0.000381 0.000318 0.000653 0.000533 0.000367 0.000308 0.000641 0.000523 0.000354 0.000302 0.000641 0.000529 0.000348 0.000304 0.000641 0.000517 0.000352 0.000287 0.000641 0.000497 0.000347 0.000289 0.000641 0.000491 0.000328 0.000297 0.000641 0.000481 0.000317 0.000284 0.000641 0.000471 0.000325 0.000268 0.000641 0.000471 0.000311 0.000260 0.000641 0.000462 0.000301 0.000264 0.000641 0.000462 0.000313 0.000254 0.000641 0.000462 0.000299 0.000262 0.000641 0.000462 0.000298 0.000263 0.000641 0.000462 0.000303 0.000260 0.000641 0.000462 0.000283 0.000260 0.000641 0.000462 0.000280 0.000260 0.000641 0.000462 0.000296 0.000261 0.000641 0.000462 0.000272 0.000261 0.000641 0.000462 0.000272 0.000261 0.000641 0.000462 0.000272 0.000261 0.000641 0.000462 0.000272 0.000261 0.000641 0.000462 0.000272 0.000261 0.000641 0.000462 0.000272 0.000261 0.000641 0.000462 0.000272 0.000261 0.000641 0.000462 0.000272 0.000261 0.000641 0.000462 0.000272 0.000261 0.000641 0.000462 0.000272 0.000261 0.000641 0.000462 0.000272 0.000261 0.000641 0.000462 0.000272 0.000261 0.000641 0.000462 0.000272 0.000261 0.000641 0.000462 0.000272 0.000261 0.000641 0.000462 0.000272 0.000261 0.000641 0.000462 0.000272 0.000261 0.000641 0.000462 0.000272 0.000261 0.000641 0.000462 0.000272 0.000261 0.000641 0.000462 0.000272 0.000261 0.000641 0.000462 0.000272 0.000261 0.000641 0.000462 0.000272 0.000261 0.000641 0.000462 0.000272 0.000261 0.000641 0.000462 0.000272 0.000261 0.000641 0.000462 0.000272 0.000261 0.000641 0.000462 0.000272 0.000261 0.000641 0.000462 0.000272 0.000261 0.000641 0.000462 0.000272 0.000261 0.000641 0.000462 0.000272 0.000261 0.000641 0.000462 0.000272 0.000261 0.000641 0.000462 0.000272 0.000261 0.000641 0.000462 0.000272 0.000261 0.000641 0.000462 0.000272 0.000261 0.000641 0.000462 0.000272 0.000261 0.000641 0.000462 0.000272 0.000261 0.000641 0.000462 0.000272 0.000261 0.000641 0.000462 0.000272 0.000261 0.000641 0.000462 0.000272 0.000261 0.000641 0.000462 0.000272 0.000261 0.000641 0.000462 0.000272 0.000261 0.000641 0.000462 0.000272 0.000261 0.000641 0.000462 0.000272 0.000261 0.000641 0.000462 0.000272 0.000261 0.000641 0.000462 0.000272 0.000261 0.000641 0.000462 0.000272 0.000261 0.000641 0.000462 0.000272 0.000261 0.000641 0.000462 0.000272 0.000261 0.000641 0.000462 0.000272 0.000261 0.000641 0.000462 0.000272 0.000261 0.000641 0.000462 0.000272 0.000261 0.000641 0.000462 0.000272 0.000261 0.000641 0.000462 0.000272 0.000261 0.000641 0.000462 0.000272 0.000261  
0.004259 0.003395 0.002198 0.001977 0.004259 0.003395 0.002198 0.001977 0.004259 0.003395 0.002198 0.001977 0.004259 0.003395 0.002198 0.001977 0.004259 0.003395 0.002198 0.001977 0.004259 0.003395 0.002198 0.001977 0.004259 0.003395 0.002198 0.001977 0.004259 0.003395 0.002198 0.001977 0.004259 0.003395 0.002198 0.001977 0.004259 0.003395 0.002198 0.001977 0.004259 0.003395 0.002198 0.001977 0.004259 0.003395 0.002198 0.001977 0.004259 0.003395 0.002198 0.001977 0.004259 0.003395 0.002198 0.001977 0.004259 0.003395 0.002198 0.001977 0.004259 0.003395 0.002198 0.001977 0.004259 0.003395 0.002198 0.001977 0.004259 0.003395 0.002198 0.001977 0.004259 0.003395 0.002198 0.001977 0.004259 0.003395 0.002198 0.001977 0.004259 0.003395 0.002198 0.001977 0.004165 0.003330 0.002164 0.001948 0.004074 0.003267 0.002131 0.001919 0.003986 0.003206 0.002098 0.001891 0.003901 0.003146 0.002066 0.001864 0.003819 0.003087 0.002035 0.001837 0.003738 0.003030 0.002004 0.001810 0.003661 0.002975 0.001974 0.001784 0.003585 0.002921 0.001945 0.001752 0.003511 0.002868 0.001915 0.001725 0.003440 0.002816 0.001887 0.001700 0.003371 0.002765 0.001859 0.001675 0.003303 0.002716 0.001831 0.001651 0.003237 0.002668 0.001804 0.001628 0.003173 0.002620 0.001777 0.001596 0.003109 0.002574 0.001749 0.001573 0.003048 0.002528 0.001716 0.001550 0.002988 0.002484 0.001691 0.001526 0.002929 0.002440 0.001665 0.001497 0.002871 0.002397 0.001637 0.001470 0.002815 0.002355 0.001607 0.001445 0.002760 0.002313 0.001579 0.001409 0.002705 0.002273 0.001547 0.001377 0.002652 0.002233 0.001516 0.001350 0.002600 0.002194 0.001486 0.001320 0.002549 0.002153 0.001457 0.001287 0.002498 0.002115 0.001427 0.001250 0.002448 0.002075 0.001390 0.001226 0.002399 0.002026 0.001354 0.001196 0.002350 0.001987 0.001312 0.001170 0.002301 0.001939 0.001278 0.001144 0.002254 0.001900 0.001242 0.001118 0.002206 0.001861 0.001208 0.001093 0.002149 0.001806 0.001168 0.001065 0.002096 0.001751 0.001125 0.001020 0.002031 0.001697 0.001095 0.000958 0.001974 0.001624 0.001062 0.000932 0.001922 0.001576 0.001033 0.000908 0.001859 0.001516 0.001005 0.000889 0.001799 0.001477 0.000982 0.000867 0.001720 0.001427 0.000964 0.000847 0.001651 0.001378 0.000945 0.000829 0.001604 0.001305 0.000922 0.000813 0.001564 0.001269 0.000902 0.000799 0.001524 0.001240 0.000877 0.000766 0.001480 0.001221 0.000832 0.000735 0.001442 0.001193 0.000813 0.000722 0.001407 0.001166 0.000797 0.000701 0.001376 0.001143 0.000783 0.000693 0.001347 0.001118 0.000764 0.000675 0.001320 0.001087 0.000754 0.000661 0.001289 0.001069 0.000740 0.000651 0.001268 0.001049 0.000735 0.000636 0.001247 0.001029 0.000711 0.000622 0.001221 0.001022 0.000699 0.000613 0.001179 0.001001 0.000693 0.000607 0.001145 0.000965 0.000674 0.000591 0.001121 0.000929 0.000660 0.000577 0.001109 0.000919 0.000652 0.000573 0.001097 0.000915 0.000640 0.000562 0.001077 0.000892 0.000612 0.000534 0.001047 0.000868 0.000597 0.000521 0.001026 0.000857 0.000598 0.000524 0.001021 0.000858 0.000595 0.000509 0.001014 0.000847 0.000586 0.000496 0.000996 0.000831 0.000570 0.000488 0.000972 0.000811 0.000553 0.000492 0.000951 0.000789 0.000551 0.000491 0.000935 0.000779 0.000555 0.000472 0.000915 0.000774 0.000546 0.000458 0.000902 0.000776 0.000527 0.000452 0.000887 0.000754 0.000512 0.000461 0.000863 0.000718 0.000495 0.000454 0.000847 0.000704 0.000481 0.000437 0.000837 0.000694 0.000486 0.000410 0.000833 0.000696 0.000488 0.000403 0.000825 0.000692 0.000476 0.000402 0.000806 0.000680 0.000459 0.000413 0.000788 0.000659 0.000447 0.000405 0.000777 0.000647 0.000442 0.000392 0.000776 0.000641 0.000450 0.000377 0.000771 0.000647 0.000451 0.000370 0.000743 0.000639 0.000443 0.000369 0.000722 0.000614 0.000429 0.000379 0.000713 0.000595 0.000411 0.000376 0.000711 0.000598 0.000408 0.000362 0.000706 0.000591 0.000411 0.000343 0.000689 0.000580 0.000395 0.000332 0.000674 0.000563 0.000382 0.000331 0.000673 0.000553 0.000375 0.000338 0.000666 0.000559 0.000379 0.000334 0.000660 0.000552 0.000381 0.000318 0.000653 0.000533 0.000367 0.000308 0.000641 0.000523 0.000354 0.000302 0.000641 0.000529 0.000348 0.000304 0.000641 0.000517 0.000352 0.000287 0.000641 0.000497 0.000347 0.000289 0.000641 0.000491 0.000328 0.000297 0.000641 0.000481 0.000317 0.000284 0.000641 0.000471 0.000325 0.000268 0.000641 0.000471 0.000311 0.000260 0.000641 0.000462 0.000301 0.000264 0.000641 0.000462 0.000313 0.000254 0.000641 0.000462 0.000299 0.000262 0.000641 0.000462 0.000298 0.000263 0.000641 0.000462 0.000303 0.000260 0.000641 0.000462 0.000283 0.000260 0.000641 0.000462 0.000280 0.000260 0.000641 0.000462 0.000296 0.000261 0.000641 0.000462 0.000272 0.000261 0.000641 0.000462 0.000272 0.000261 0.000641 0.000462 0.000272 0.000261 0.000641 0.000462 0.000272 0.000261 0.000641 0.000462 0.000272 0.000261 0.000641 0.000462 0.000272 0.000261 0.000641 0.000462 0.000272 0.000261 0.000641 0.000462 0.000272 0.000261 0.000641 0.000462 0.000272 0.000261 0.000641 0.000462 0.000272 0.000261 0.000641 0.000462 0.000272 0.000261 0.000641 0.000462 0.000272 0.000261 0.000641 0.000462 0.000272 0.000261 0.000641 0.000462 0.000272 0.000261 0.000641 0.000462 0.000272 0.000261 0.000641 0.000462 0.000272 0.000261 0.000641 0.000462 0.000272 0.000261 0.000641 0.000462 0.000272 0.000261 0.000641 0.000462 0.000272 0.000261 0.000641 0.000462 0.000272 0.000261 0.000641 0.000462 0.000272 0.000261 0.000641 0.000462 0.000272 0.000261 0.000641 0.000462 0.000272 0.000261 0.000641 0.000462 0.000272 0.000261 0.000641 0.000462 0.000272 0.000261 0.000641 0.000462 0.000272 0.000261 0.000641 0.000462 0.000272 0.000261 0.000641 0.000462 0.000272 0.000261 0.000641 0.000462 0.000272 0.000261 0.000641 0.000462 0.000272 0.000261 0.000641 0.000462 0.000272 0.000261 0.000641 0.000462 0.000272 0.000261 0.000641 0.000462 0.000272 0.000261 0.000641 0.000462 0.000272 0.000261 0.000641 0.000462 0.000272 0.000261 0.000641 0.000462 0.000272 0.000261 0.000641 0.000462 0.000272 0.000261 0.000641 0.000462 0.000272 0.000261 0.000641 0.000462 0.000272 0.000261 0.000641 0.000462 0.000272 0.000261 0.000641 0.000462 0.000272 0.000261 0.000641 0.000462 0.000272 0.000261 0.000641 0.000462 0.000272 0.000261 0.000641 0.000462 0.000272 0.000261 0.000641 0.000462 0.000272 0.000261 0.000641 0.000462 0.000272 0.000261 0.000641 0.000462 0.000272 0.000261 0.000641 0.000462 0.000272 0.000261 0.000641 0.000462 0.000272 0.000261 0.000641 0.000462 0.000272 0.000261 0.000641 0.000462 0.000272 0.000261 0.000641 0.000462 0.000272 0.000261  
0.000000 0.000000 0.000000 0.000000 0.000000 0.000000 0.000000 0.000000 0.000000 0.000000 0.000000 0.000000 0.000000 0.000000 0.000000 0.000000 0.000000 0.000000 0.000000 0.000000 0.000000 0.000000 0.000000 0.000000 0.000000 0.000000 0.000000 0.000000 0.000000 0.000000 0.000000 0.000000 0.000000 0.000000 0.000000 0.000000 0.000000 0.000000 0.000000 0.000000 0.000000 0.000000 0.000000 0.000000 0.000000 0.000000 0.000000 0.000000 0.000000 0.000000 0.000000 0.000000 0.000000 0.000000 0.000000 0.000000 0.000000 0.000000 0.000000 0.000000 0.000000 0.000000 0.000000 0.000000 0.000000 0.000000 0.000000 0.000000 0.000000 0.000000 0.000000 0.000000 0.000000 0.000000 0.000000 0.000000 0.000000 0.000000 0.000000 0.000000 0.000000 0.000000 0.000000 0.000000 0.000000 0.000000 0.000000 0.000000 0.000000 0.000000 0.000000 0.000000 0.000000 0.000000 0.000000 0.000000 0.000000 0.000000 0.000000 0.000000 0.000000 0.000000 0.000000 0.000000 0.000000 0.000000 0.000000 0.000000 0.000000 0.000000 0.000000 0.000000 0.000000 0.000000 0.000000 0.000000 0.000000 0.000000 0.000000 0.000000 0.000000 0.000000 0.000000 0.000000 0.000000 0.000000 0.000000 0.000000 0.000000 0.000000 0.000000 0.000000 0.000000 0.000000 0.000000 0.000000 0.000000 0.000000 0.000000 0.000000 0.000000 0.000000 0.000000 0.000000 0.000000 0.000000 0.000000 0.000000 0.000000 0.000000 0.000000 0.000000 0.000000 0.000000 0.000000 0.000000 0.000000 0.000000 0.000000 0.000000 0.000000 0.000000 0.000000 0.000000 0.000000 0.000000 0.000000 0.000000 0.000000 0.000000 0.000000 0.000000 0.000000 0.000000 0.000000 0.000000 0.000000 0.000000 0.000000 0.000000 0.000000 0.000000 0.000000 0.000000 0.000000 0.000000 0.000000 0.000000 0.000000 0.000000 0.000000 0.000000 0.000000 0.000000 0.000000 0.000000 0.000000 0.000000 0.000000 0.000000 0.000000 0.000000 0.000000 0.000000 0.000000 0.000000 0.000000 0.000000 0.000000 0.000000 0.000000 0.000000 0.000000 0.000000 0.000000 0.000000 0.000000 0.000000 0.000000 0.000000 0.000000 0.000000 0.000000 0.000000 0.000000 0.000000 0.000000 0.000000 0.000000 0.000000 0.000000 0.000000 0.000000 0.000000 0.000000 0.000000 0.000000 0.000000 0.000000 0.000000 0.000000 0.000000 0.000000 0.000000 0.000000 0.000000 0.000000 0.000000 0.000000 0.000000 0.000000 0.000000 0.000000 0.000000 0.000000 0.000000 0.000000 0.000000 0.000000 0.000000 0.000000 0.000000 0.000000 0.000000 0.000000 0.000000 0.000000 0.000000 0.000000 0.000000 0.000000 0.000000 0.000000 0.000000 0.000000 0.000000 0.000000 0.000000 0.000000 0.000000 0.000000 0.000000 0.000000 0.000000 0.000000 0.000000 0.000000 0.000000 0.000000 0.000000 0.000000 0.000000 0.000000 0.000000 0.000000 0.000000 0.000000 0.000000 0.000000 0.000000 0.000000 0.000000 0.000000 0.000000 0.000000 0.000000 0.000000 0.000000 0.000000 0.000000 0.000000 0.000000 0.000000 0.000000 0.000000 0.000000 0.000000 0.000000 0.000000 0.000000 0.000000 0.000000 0.000000 0.000000 0.000000 0.000000 0.000000 0.000000 0.000000 0.000000 0.000000 0.000000 0.000000 0.000000 0.000000 0.000000 0.000000 0.000000 0.000000 0.000000 0.000000 0.000000 0.000000 0.000000 0.000000 0.000000 0.000000 0.000000 0.000000 0.000000 0.000000 0.000000 0.000000 0.000000 0.000000 0.000000 0.000000 0.000000 0.000000 0.000000 0.000000 0.000000 0.000000 0.000000 0.000000 0.000000 0.000000 0.000000 0.000000 0.000000 0.000000 0.000000 0.000000 0.000000 0.000000 0.000000 0.000000 0.000000 0.000000 0.000000 0.000000 0.000000 0.000000 0.000000 0.000000 0.000000 0.000000 0.000000 0.000000 0.000000 0.000000 0.000000 0.000000 0.000000 0.000000 0.000000 0.000000 0.000000 0.000000 0.000000 0.000000 0.000000 0.000000 0.000000 0.000000 0.000000 0.000000 0.000000 0.000000 0.000000 0.000000 0.000000 0.000000 0.000000 0.000000 0.000000 0.000000 0.000000 0.000000 0.000000 0.000000 0.000000 0.000000 0.000000 0.000000 0.000000 0.000000 0.000000 0.000000 0.000000 0.000000 0.000000 0.000000 0.000000 0.000000 0.000000 0.000000 0.000000 0.000000 0.000000 0.000000 0.000000 0.000000 0.000000 0.000000 0.000000 0.000000 0.000000 0.000000 0.000000 0.000000 0.000000 0.000000 0.000000 0.000000 0.000000 0.000000 0.000000 0.000000 0.000000 0.000000 0.000000 0.000000 0.000000 0.000000 0.000000 0.000000 0.000000 0.000000 0.000000 0.000000 0.000000 0.000000 0.000000 0.000000 0.000000 0.000000 0.000000 0.000000 0.000000 0.000000 0.000000 0.000000 0.000000 0.000000 0.000000 0.000000 0.000000 0.000000 0.000000 0.000000 0.000000 0.000000 0.000000 0.000000 0.000000 0.000000 0.000000 0.000000 0.000000 0.000000 0.000000 0.000000 0.000000 0.000000 0.000000 0.000000 0.000000 0.000000 0.000000 0.000000 0.000000 0.000000 0.000000 0.000000 0.000000 0.000000 0.000000 0.000000 0.000000 0.000000 0.000000 0.000000 0.000000 0.000000 0.000000 0.000000 0.000000 0.000000 0.000000 0.000000 0.000000 0.000000 0.000000 0.000000 0.000000 0.000000 0.000000 0.000000 0.000000 0.000000 0.000000 0.000000 0.000000 0.000000 0.000000 0.000000 0.000000 0.000000 0.000000 0.000000 0.000000 0.000000 0.000000 0.000000 0.000000 0.000000 0.000000 0.000000 0.000000 0.000000 0.000000 0.000000 0.000000 0.000000 0.000000 0.000000 0.000000 0.000000 0.000000 0.000000 0.000000 0.000000 0.000000 0.000000 0.000000 0.000000 0.000000 0.000000 0.000000 0.000000 0.000000 0.000000 0.000000 0.000000 0.000000 0.000000 0.000000 0.000000 0.000000 0.000000 0.000000 0.000000 0.000000 0.000000 0.000000 0.000000 0.000000 0.000000 0.000000 0.000000 0.000000 0.000000 0.000000 0.000000 0.000000 0.000000 0.000000 0.000000 0.000000 0.000000 0.000000 0.000000 0.000000 0.000000 0.000000 0.000000 0.000000 0.000000 0.000000 0.000000 0.000000 0.000000 0.000000 0.000000 0.000000 0.000000 0.000000 0.000000 0.000000 0.000000 0.000000 0.000000 0.000000 0.000000 0.000000 0.000000 0.000000 0.000000 0.000000 0.000000 0.000000 0.000000 0.000000 0.000000 0.000000 0.000000 0.000000 0.000000 0.000000 0.000000 0.000000 0.000000 0.000000 0.000000 0.000000 0.000000 0.000000 0.000000 0.000000 0.000000 0.000000 0.000000 0.000000 0.000000 0.000000 0.000000 0.000000 0.000000 0.000000 0.000000 0.000000 0.000000 0.000000 0.000000 0.000000 0.000000 0.000000 0.000000 0.000000 0.000000 0.000000 0.000000 0.000000 0.000000 0.000000 0.000000 0.000000 0.000000 0.000000 0.000000 0.000000 0.000000 0.000000 0.000000 0.000000 0.000000 0.000000 0.000000 0.000000 0.000000 0.000000 0.000000 0.000000 0.000000 0.000000 0.000000 0.000000 0.000000 0.000000 0.000000 0.000000 0.000000 0.000000 0.000000 0.000000 0.000000 0.000000 0.000000 0.000000 0.000000 0.000000 0.000000 0.000000  
0.000000 0.000000 0.000000 0.000000 0.000000 0.000000 0.000000 0.000000 0.000000 0.000000 0.000000 0.000000 0.000000 0.000000 0.000000 0.000000 0.000000 0.000000 0.000000 0.000000 0.000000 0.000000 0.000000 0.000000 0.000000 0.000000 0.000000 0.000000 0.000000 0.000000 0.000000 0.000000 0.000000 0.000000 0.000000 0.000000 0.000000 0.000000 0.000000 0.000000 0.000000 0.000000 0.000000 0.000000 0.000000 0.000000 0.000000 0.000000 0.000000 0.000000 0.000000 0.000000 0.000000 0.000000 0.000000 0.000000 0.000000 0.000000 0.000000 0.000000 0.000000 0.000000 0.000000 0.000000 0.000000 0.000000 0.000000 0.000000 0.000000 0.000000 0.000000 0.000000 0.000000 0.000000 0.000000 0.000000 0.000000 0.000000 0.000000 0.000000 0.000000 0.000000 0.000000 0.000000 0.000000 0.000000 0.000000 0.000000 0.000000 0.000000 0.000000 0.000000 0.000000 0.000000 0.000000 0.000000 0.000000 0.000000 0.000000 0.000000 0.000000 0.000000 0.000000 0.000000 0.000000 0.000000 0.000000 0.000000 0.000000 0.000000 0.000000 0.000000 0.000000 0.000000 0.000000 0.000000 0.000000 0.000000 0.000000 0.000000 0.000000 0.000000 0.000000 0.000000 0.000000 0.000000 0.000000 0.000000 0.000000 0.000000 0.000000 0.000000 0.000000 0.000000 0.000000 0.000000 0.000000 0.000000 0.000000 0.000000 0.000000 0.000000 0.000000 0.000000 0.000000 0.000000 0.000000 0.000000 0.000000 0.000000 0.000000 0.000000 0.000000 0.000000 0.000000 0.000000 0.000000 0.000000 0.000000 0.000000 0.000000 0.000000 0.000000 0.000000 0.000000 0.000000 0.000000 0.000000 0.000000 0.000000 0.000000 0.000000 0.000000 0.000000 0.000000 0.000000 0.000000 0.000000 0.000000 0.000000 0.000000 0.000000 0.000000 0.000000 0.000000 0.000000 0.000000 0.000000 0.000000 0.000000 0.000000 0.000000 0.000000 0.000000 0.000000 0.000000 0.000000 0.000000 0.000000 0.000000 0.000000 0.000000 0.000000 0.000000 0.000000 0.000000 0.000000 0.000000 0.000000 0.000000 0.000000 0.000000 0.000000 0.000000 0.000000 0.000000 0.000000 0.000000 0.000000 0.000000 0.000000 0.000000 0.000000 0.000000 0.000000 0.000000 0.000000 0.000000 0.000000 0.000000 0.000000 0.000000 0.000000 0.000000 0.000000 0.000000 0.000000 0.000000 0.000000 0.000000 0.000000 0.000000 0.000000 0.000000 0.000000 0.000000 0.000000 0.000000 0.000000 0.000000 0.000000 0.000000 0.000000 0.000000 0.000000 0.000000 0.000000 0.000000 0.000000 0.000000 0.000000 0.000000 0.000000 0.000000 0.000000 0.000000 0.000000 0.000000 0.000000 0.000000 0.000000 0.000000 0.000000 0.000000 0.000000 0.000000 0.000000 0.000000 0.000000 0.000000 0.000000 0.000000 0.000000 0.000000 0.000000 0.000000 0.000000 0.000000 0.000000 0.000000 0.000000 0.000000 0.000000 0.000000 0.000000 0.000000 0.000000 0.000000 0.000000 0.000000 0.000000 0.000000 0.000000 0.000000 0.000000 0.000000 0.000000 0.000000 0.000000 0.000000 0.000000 0.000000 0.000000 0.000000 0.000000 0.000000 0.000000 0.000000 0.000000 0.000000 0.000000 0.000000 0.000000 0.000000 0.000000 0.000000 0.000000 0.000000 0.000000 0.000000 0.000000 0.000000 0.000000 0.000000 0.000000 0.000000 0.000000 0.000000 0.000000 0.000000 0.000000 0.000000 0.000000 0.000000 0.000000 0.000000 0.000000 0.000000 0.000000 0.000000 0.000000 0.000000 0.000000 0.000000 0.000000 0.000000 0.000000 0.000000 0.000000 0.000000 0.000000 0.000000 0.000000 0.000000 0.000000 0.000000 0.000000 0.000000 0.000000 0.000000 0.000000 0.000000 0.000000 0.000000 0.000000 0.000000 0.000000 0.000000 0.000000 0.000000 0.000000 0.000000 0.000000 0.000000 0.000000 0.000000 0.000000 0.000000 0.000000 0.000000 0.000000 0.000000 0.000000 0.000000 0.000000 0.000000 0.000000 0.000000 0.000000 0.000000 0.000000 0.000000 0.000000 0.000000 0.000000 0.000000 0.000000 0.000000 0.000000 0.000000 0.000000 0.000000 0.000000 0.000000 0.000000 0.000000 0.000000 0.000000 0.000000 0.000000 0.000000 0.000000 0.000000 0.000000 0.000000 0.000000 0.000000 0.000000 0.000000 0.000000 0.000000 0.000000 0.000000 0.000000 0.000000 0.000000 0.000000 0.000000 0.000000 0.000000 0.000000 0.000000 0.000000 0.000000 0.000000 0.000000 0.000000 0.000000 0.000000 0.000000 0.000000 0.000000 0.000000 0.000000 0.000000 0.000000 0.000000 0.000000 0.000000 0.000000 0.000000 0.000000 0.000000 0.000000 0.000000 0.000000 0.000000 0.000000 0.000000 0.000000 0.000000 0.000000 0.000000 0.000000 0.000000 0.000000 0.000000 0.000000 0.000000 0.000000 0.000000 0.000000 0.000000 0.000000 0.000000 0.000000 0.000000 0.000000 0.000000 0.000000 0.000000 0.000000 0.000000 0.000000 0.000000 0.000000 0.000000 0.000000 0.000000 0.000000 0.000000 0.000000 0.000000 0.000000 0.000000 0.000000 0.000000 0.000000 0.000000 0.000000 0.000000 0.000000 0.000000 0.000000 0.000000 0.000000 0.000000 0.000000 0.000000 0.000000 0.000000 0.000000 0.000000 0.000000 0.000000 0.000000 0.000000 0.000000 0.000000 0.000000 0.000000 0.000000 0.000000 0.000000 0.000000 0.000000 0.000000 0.000000 0.000000 0.000000 0.000000 0.000000 0.000000 0.000000 0.000000 0.000000 0.000000 0.000000 0.000000 0.000000 0.000000 0.000000 0.000000 0.000000 0.000000 0.000000 0.000000 0.000000 0.000000 0.000000 0.000000 0.000000 0.000000 0.000000 0.000000 0.000000 0.000000 0.000000 0.000000 0.000000 0.000000 0.000000 0.000000 0.000000 0.000000 0.000000 0.000000 0.000000 0.000000 0.000000 0.000000 0.000000 0.000000 0.000000 0.000000 0.000000 0.000000 0.000000 0.000000 0.000000 0.000000 0.000000 0.000000 0.000000 0.000000 0.000000 0.000000 0.000000 0.000000 0.000000 0.000000 0.000000 0.000000 0.000000 0.000000 0.000000 0.000000 0.000000 0.000000 0.000000 0.000000 0.000000 0.000000 0.000000 0.000000 0.000000 0.000000 0.000000 0.000000 0.000000 0.000000 0.000000 0.000000 0.000000 0.000000 0.000000 0.000000 0.000000 0.000000 0.000000 0.000000 0.000000 0.000000 0.000000 0.000000 0.000000 0.000000 0.000000 0.000000 0.000000 0.000000 0.000000 0.000000 0.000000 0.000000 0.000000 0.000000 0.000000 0.000000 0.000000 0.000000 0.000000 0.000000 0.000000 0.000000 0.000000 0.000000 0.000000 0.000000 0.000000 0.000000 0.000000 0.000000 0.000000 0.000000 0.000000 0.000000 0.000000 0.000000 0.000000 0.000000 0.000000 0.000000 0.000000 0.000000 0.000000 0.000000 0.000000 0.000000 0.000000 0.000000 0.000000 0.000000 0.000000 0.000000 0.000000 0.000000 0.000000 0.000000 0.000000 0.000000 0.000000 0.000000 0.000000 0.000000 0.000000 0.000000 0.000000 0.000000 0.000000 0.000000 0.000000 0.000000 0.000000 0.000000 0.000000 0.000000 0.000000 0.000000 0.000000 0.000000 0.000000 0.000000 0.000000 0.000000 0.000000 0.000000 0.000000 0.000000 0.000000 0.000000 0.000000 0.000000 0.000000  
0.012366 0.010016 0.006568 0.005594 0.012366 0.010016 0.006568 0.005594 0.012366 0.010016 0.006568 0.005594 0.012366 0.010016 0.006568 0.005594 0.012366 0.010016 0.006568 0.005594 0.012366 0.010016 0.006568 0.005594 0.012366 0.010016 0.006568 0.005594 0.012366 0.010016 0.006568 0.005594 0.012366 0.010016 0.006568 0.005594 0.012366 0.010016 0.006568 0.005594 0.012366 0.010016 0.006568 0.005594 0.012366 0.010016 0.006568 0.005594 0.012366 0.010016 0.006568 0.005594 0.012366 0.010016 0.006568 0.005594 0.012366 0.010016 0.006568 0.005594 0.012366 0.010016 0.006568 0.005594 0.012366 0.010016 0.006568 0.005594 0.012366 0.010016 0.006568 0.005594 0.012366 0.010016 0.006568 0.005594 0.012366 0.010016 0.006568 0.005594 0.012366 0.010016 0.006568 0.005594 0.012570 0.010170 0.006656 0.005666 0.012779 0.010327 0.006746 0.005739 0.012994 0.010488 0.006838 0.005814 0.013215 0.010653 0.006932 0.005890 0.013442 0.010822 0.007027 0.005967 0.013675 0.010995 0.007125 0.006046 0.013915 0.011173 0.007224 0.006126 0.014163 0.011355 0.007325 0.006468 0.014419 0.011543 0.007428 0.006614 0.014682 0.011735 0.007534 0.006706 0.014956 0.011932 0.007642 0.006799 0.015238 0.012135 0.007751 0.006892 0.015531 0.012344 0.007863 0.006989 0.015833 0.012559 0.007978 0.007457 0.016147 0.012781 0.008198 0.007565 0.016474 0.013010 0.008638 0.007676 0.016812 0.013245 0.008769 0.007860 0.017166 0.013488 0.008904 0.008316 0.017534 0.013740 0.009244 0.008797 0.017919 0.013999 0.009663 0.009093 0.018320 0.014268 0.010037 0.010157 0.018742 0.014546 0.010633 0.010969 0.019184 0.014834 0.011364 0.011654 0.019650 0.015134 0.011993 0.012542 0.020141 0.015556 0.012528 0.013737 0.020660 0.015894 0.013301 0.015520 0.021210 0.016361 0.014699 0.016252 0.021795 0.017380 0.016180 0.017626 0.022456 0.017916 0.018254 0.018676 0.023208 0.019107 0.019861 0.019815 0.023927 0.019735 0.021785 0.021064 0.024757 0.020527 0.023521 0.022336 0.026176 0.022464 0.026015 0.023935 0.027512 0.024558 0.029073 0.025866 0.029563 0.026848 0.031505 0.028365 0.031527 0.031234 0.035140 0.030855 0.033357 0.034691 0.038854 0.033795 0.036343 0.040929 0.043472 0.036181 0.041142 0.045451 0.048043 0.038783 0.045792 0.053031 0.052200 0.043405 0.052211 0.057178 0.057815 0.045867 0.058299 0.064361 0.063032 0.049259 0.064994 0.072078 0.067067 0.054082 0.071097 0.080713 0.072749 0.060487 0.082615 0.088200 0.077082 0.064546 0.089945 0.097717 0.082710 0.069511 0.097159 0.105850 0.087053 0.073095 0.104689 0.112203 0.094597 0.080091 0.111723 0.121038 0.100167 0.082974 0.122142 0.126551 0.107196 0.085611 0.128503 0.132624 0.111919 0.092809 0.137161 0.141562 0.120920 0.096183 0.144509 0.147169 0.122980 0.107778 0.147762 0.157452 0.128737 0.114353 0.159509 0.162052 0.140367 0.122537 0.167898 0.165568 0.142031 0.124543 0.171250 0.169391 0.145081 0.127319 0.180325 0.177233 0.152975 0.137375 0.187685 0.186870 0.162260 0.142972 0.191716 0.189474 0.164012 0.144809 0.195648 0.192376 0.166156 0.149566 0.200062 0.199765 0.175501 0.163649 0.209449 0.208851 0.185056 0.165522 0.216838 0.214078 0.188934 0.166977 0.220885 0.217575 0.190384 0.171022 0.224301 0.220685 0.193149 0.182756 0.228662 0.224660 0.204684 0.191490 0.234002 0.229850 0.215607 0.192170 0.241206 0.237215 0.218947 0.195068 0.247837 0.245900 0.220420 0.201612 0.253828 0.249927 0.221626 0.218390 0.259285 0.253719 0.224584 0.222467 0.264513 0.257192 0.230094 0.222369 0.270091 0.262189 0.241983 0.223769 0.277898 0.272048 0.251149 0.227205 0.285894 0.281657 0.253371 0.233642 0.290580 0.285666 0.254298 0.252697 0.294836 0.287727 0.256090 0.255542 0.300267 0.291630 0.260619 0.256195 0.311066 0.297779 0.273571 0.256521 0.319751 0.309733 0.284717 0.259720 0.323828 0.315631 0.287770 0.266881 0.328398 0.319611 0.289561 0.281960 0.335022 0.325313 0.293193 0.290214 0.344444 0.338211 0.307455 0.290453 0.352508 0.346339 0.318878 0.290823 0.357557 0.351379 0.320844 0.293856 0.363765 0.354334 0.321849 0.301294 0.374904 0.360298 0.326377 0.317863 0.383726 0.374350 0.339685 0.325812 0.395123 0.381576 0.352367 0.324619 0.405588 0.384743 0.353905 0.326212 0.413154 0.391102 0.355810 0.332547 0.418154 0.406593 0.361953 0.356136 0.423154 0.414086 0.376181 0.355481 0.428154 0.418448 0.386253 0.367612 0.433154 0.434427 0.387274 0.386438 0.438154 0.440756 0.393561 0.387793 0.443154 0.447458 0.414162 0.387609 0.448154 0.462177 0.417805 0.395745 0.453154 0.480345 0.420950 0.415986 0.458154 0.485345 0.445137 0.416796 0.463154 0.490345 0.449457 0.437071 0.468154 0.495345 0.454621 0.451141 0.473154 0.500345 0.482188 0.456639 0.478154 0.505345 0.479670 0.464289 0.483154 0.510345 0.484661 0.471819 0.488154 0.515345 0.515798 0.480465 0.493154 0.520345 0.538120 0.488208 0.498154 0.525345 0.543120 0.493208 0.503154 0.530345 0.548120 0.498208 0.508154 0.535345 0.553120 0.503208 0.513154 0.540345 0.558120 0.508208 0.518154 0.545345 0.563120 0.513208 0.523154 0.550345 0.568120 0.518208 0.528154 0.555345 0.573120 0.523208 0.533154 0.560345 0.578120 0.528208 0.538154 0.565345 0.583120 0.533208 0.543154 0.570345 0.588120 0.538208 0.548154 0.575345 0.593120 0.543208 0.553154 0.580345 0.598120 0.548208 0.558154 0.585345 0.603120 0.553208 0.563154 0.590345 0.608120 0.558208 0.568154 0.595345 0.613120 0.563208 0.573154 0.600345 0.618120 0.568208 0.578154 0.605345 0.623120 0.573208 0.583154 0.610345 0.628120 0.578208 0.588154 0.615345 0.633120 0.583208 0.593154 0.620345 0.638120 0.588208 0.598154 0.625345 0.643120 0.593208 0.603154 0.630345 0.648120 0.598208 0.608154 0.635345 0.653120 0.603208 0.613154 0.640345 0.658120 0.608208 0.618154 0.645345 0.663120 0.613208 0.623154 0.650345 0.668120 0.618208 0.628154 0.655345 0.673120 0.623208 0.633154 0.660345 0.678120 0.628208 0.638154 0.665345 0.683120 0.633208 0.643154 0.670345 0.688120 0.638208 0.648154 0.675345 0.693120 0.643208 0.653154 0.680345 0.698120 0.648208 0.658154 0.685345 0.703120 0.653208 0.663154 0.690345 0.708120 0.658208 0.668154 0.695345 0.713120 0.663208 0.673154 0.700345 0.718120 0.668208 0.678154 0.705345 0.723120 0.673208 0.683154 0.710345 0.728120 0.678208 0.688154 0.715345 0.733120 0.683208 0.693154 0.720345 0.738120 0.688208 0.698154 0.725345 0.743120 0.693208 0.703154 0.730345 0.748120 0.698208 0.708154 0.735345 0.753120 0.703208 0.713154 0.740345 0.758120 0.708208 0.718154 0.745345 0.763120 0.713208 0.723154 0.750345 0.768120 0.718208 0.728154 0.755345 0.773120 0.723208 0.733154 0.760345 0.778120 0.728208 0.738154 0.765345 0.783120 0.733208 0.743154 0.770345 0.788120 0.738208 0.748154 0.775345 0.793120 0.743208  
0.012366 0.010016 0.006568 0.005594 0.012366 0.010016 0.006568 0.005594 0.012366 0.010016 0.006568 0.005594 0.012366 0.010016 0.006568 0.005594 0.012366 0.010016 0.006568 0.005594 0.012366 0.010016 0.006568 0.005594 0.012366 0.010016 0.006568 0.005594 0.012366 0.010016 0.006568 0.005594 0.012366 0.010016 0.006568 0.005594 0.012366 0.010016 0.006568 0.005594 0.012366 0.010016 0.006568 0.005594 0.012366 0.010016 0.006568 0.005594 0.012366 0.010016 0.006568 0.005594 0.012366 0.010016 0.006568 0.005594 0.012366 0.010016 0.006568 0.005594 0.012366 0.010016 0.006568 0.005594 0.012366 0.010016 0.006568 0.005594 0.012366 0.010016 0.006568 0.005594 0.012366 0.010016 0.006568 0.005594 0.012366 0.010016 0.006568 0.005594 0.012366 0.010016 0.006568 0.005594 0.012570 0.010170 0.006656 0.005666 0.012779 0.010327 0.006746 0.005739 0.012994 0.010488 0.006838 0.005814 0.013215 0.010653 0.006932 0.005890 0.013442 0.010822 0.007027 0.005967 0.013675 0.010995 0.007125 0.006046 0.013915 0.011173 0.007224 0.006126 0.014163 0.011355 0.007325 0.006468 0.014419 0.011543 0.007428 0.006614 0.014682 0.011735 0.007534 0.006706 0.014956 0.011932 0.007642 0.006799 0.015238 0.012135 0.007751 0.006892 0.015531 0.012344 0.007863 0.006989 0.015833 0.012559 0.007978 0.007457 0.016147 0.012781 0.008198 0.007565 0.016474 0.013010 0.008638 0.007676 0.016812 0.013245 0.008769 0.007860 0.017166 0.013488 0.008904 0.008316 0.017534 0.013740 0.009244 0.008797 0.017919 0.013999 0.009663 0.009093 0.018320 0.014268 0.010037 0.010157 0.018742 0.014546 0.010633 0.010969 0.019184 0.014834 0.011364 0.011654 0.019650 0.015134 0.011993 0.012542 0.020141 0.015556 0.012528 0.013737 0.020660 0.015894 0.013301 0.015520 0.021210 0.016361 0.014699 0.016252 0.021795 0.017380 0.016180 0.017626 0.022456 0.017916 0.018254 0.018676 0.023208 0.019107 0.019861 0.019815 0.023927 0.019735 0.021785 0.021064 0.024757 0.020527 0.023521 0.022336 0.026176 0.022464 0.026015 0.023935 0.027512 0.024558 0.029073 0.025866 0.029563 0.026848 0.031505 0.028365 0.031527 0.031234 0.035140 0.030855 0.033357 0.034691 0.038854 0.033795 0.036343 0.040929 0.043472 0.036181 0.041142 0.045451 0.048043 0.038783 0.045792 0.053031 0.052200 0.043405 0.052211 0.057178 0.057815 0.045867 0.058299 0.064361 0.063032 0.049259 0.064994 0.072078 0.067067 0.054082 0.071097 0.080713 0.072749 0.060487 0.082615 0.088200 0.077082 0.064546 0.089945 0.097717 0.082710 0.069511 0.097159 0.105850 0.087053 0.073095 0.104689 0.112203 0.094597 0.080091 0.111723 0.121038 0.100167 0.082974 0.122142 0.126551 0.107196 0.085611 0.128503 0.132624 0.111919 0.092809 0.137161 0.141562 0.120920 0.096183 0.144509 0.147169 0.122980 0.107778 0.147762 0.157452 0.128737 0.114353 0.159509 0.162052 0.140367 0.122537 0.167898 0.165568 0.142031 0.124543 0.171250 0.169391 0.145081 0.127319 0.180325 0.177233 0.152975 0.137375 0.187685 0.186870 0.162260 0.142972 0.191716 0.189474 0.164012 0.144809 0.195648 0.192376 0.166156 0.149566 0.200062 0.199765 0.175501 0.163649 0.209449 0.208851 0.185056 0.165522 0.216838 0.214078 0.188934 0.166977 0.220885 0.217575 0.190384 0.171022 0.224301 0.220685 0.193149 0.182756 0.228662 0.224660 0.204684 0.191490 0.234002 0.229850 0.215607 0.192170 0.241206 0.237215 0.218947 0.195068 0.247837 0.245900 0.220420 0.201612 0.253828 0.249927 0.221626 0.218390 0.259285 0.253719 0.224584 0.222467 0.264513 0.257192 0.230094 0.222369 0.270091 0.262189 0.241983 0.223769 0.277898 0.272048 0.251149 0.227205 0.285894 0.281657 0.253371 0.233642 0.290580 0.285666 0.254298 0.252697 0.294836 0.287727 0.256090 0.255542 0.300267 0.291630 0.260619 0.256195 0.311066 0.297779 0.273571 0.256521 0.319751 0.309733 0.284717 0.259720 0.323828 0.315631 0.287770 0.266881 0.328398 0.319611 0.289561 0.281960 0.335022 0.325313 0.293193 0.290214 0.344444 0.338211 0.307455 0.290453 0.352508 0.346339 0.318878 0.290823 0.357557 0.351379 0.320844 0.293856 0.363765 0.354334 0.321849 0.301294 0.374904 0.360298 0.326377 0.317863 0.383726 0.374350 0.339685 0.325812 0.395123 0.381576 0.352367 0.324619 0.405588 0.384743 0.353905 0.326212 0.413154 0.391102 0.355810 0.332547 0.418154 0.406593 0.361953 0.356136 0.423154 0.414086 0.376181 0.355481 0.428154 0.418448 0.386253 0.367612 0.433154 0.434427 0.387274 0.386438 0.438154 0.440756 0.393561 0.387793 0.443154 0.447458 0.414162 0.387609 0.448154 0.462177 0.417805 0.395745 0.453154 0.480345 0.420950 0.415986 0.458154 0.485345 0.445137 0.416796 0.463154 0.490345 0.449457 0.437071 0.468154 0.495345 0.454621 0.451141 0.473154 0.500345 0.482188 0.456639 0.478154 0.505345 0.479670 0.464289 0.483154 0.510345 0.484661 0.471819 0.488154 0.515345 0.515798 0.480465 0.493154 0.520345 0.538120 0.488208 0.498154 0.525345 0.543120 0.493208 0.503154 0.530345 0.548120 0.498208 0.508154 0.535345 0.553120 0.503208 0.513154 0.540345 0.558120 0.508208 0.518154 0.545345 0.563120 0.513208 0.523154 0.550345 0.568120 0.518208 0.528154 0.555345 0.573120 0.523208 0.533154 0.560345 0.578120 0.528208 0.538154 0.565345 0.583120 0.533208 0.543154 0.570345 0.588120 0.538208 0.548154 0.575345 0.593120 0.543208 0.553154 0.580345 0.598120 0.548208 0.558154 0.585345 0.603120 0.553208 0.563154 0.590345 0.608120 0.558208 0.568154 0.595345 0.613120 0.563208 0.573154 0.600345 0.618120 0.568208 0.578154 0.605345 0.623120 0.573208 0.583154 0.610345 0.628120 0.578208 0.588154 0.615345 0.633120 0.583208 0.593154 0.620345 0.638120 0.588208 0.598154 0.625345 0.643120 0.593208 0.603154 0.630345 0.648120 0.598208 0.608154 0.635345 0.653120 0.603208 0.613154 0.640345 0.658120 0.608208 0.618154 0.645345 0.663120 0.613208 0.623154 0.650345 0.668120 0.618208 0.628154 0.655345 0.673120 0.623208 0.633154 0.660345 0.678120 0.628208 0.638154 0.665345 0.683120 0.633208 0.643154 0.670345 0.688120 0.638208 0.648154 0.675345 0.693120 0.643208 0.653154 0.680345 0.698120 0.648208 0.658154 0.685345 0.703120 0.653208 0.663154 0.690345 0.708120 0.658208 0.668154 0.695345 0.713120 0.663208 0.673154 0.700345 0.718120 0.668208 0.678154 0.705345 0.723120 0.673208 0.683154 0.710345 0.728120 0.678208 0.688154 0.715345 0.733120 0.683208 0.693154 0.720345 0.738120 0.688208 0.698154 0.725345 0.743120 0.693208 0.703154 0.730345 0.748120 0.698208 0.708154 0.735345 0.753120 0.703208 0.713154 0.740345 0.758120 0.708208 0.718154 0.745345 0.763120 0.713208 0.723154 0.750345 0.768120 0.718208 0.728154 0.755345 0.773120 0.723208 0.733154 0.760345 0.778120 0.728208 0.738154 0.765345 0.783120 0.733208 0.743154 0.770345 0.788120 0.738208 0.748154 0.775345 0.793120 0.743208  
0.000010 0.000010 0.000010 0.000010 0.000010 0.000010 0.000010 0.000010 0.000010 0.000010 0.000010 0.000010 0.000010 0.000010 0.000010 0.000010 0.000010 0.000010 0.000010 0.000010 0.000010 0.000010 0.000010 0.000010 0.000010 0.000010 0.000010 0.000010 0.000010 0.000010 0.000010 0.000010 0.000010 0.000010 0.000010 0.000010 0.000010 0.000010 0.000010 0.000010 0.000010 0.000010 0.000010 0.000010 0.000010 0.000010 0.000010 0.000010 0.000010 0.000010 0.000010 0.000010 0.000010 0.000010 0.000010 0.000010 0.000010 0.000010 0.000010 0.000010 0.000010 0.000010 0.000010 0.000010 0.000010 0.000010 0.000010 0.000010 0.000010 0.000010 0.000010 0.000010 0.000010 0.000010 0.000010 0.000010 0.000010 0.000010 0.000010 0.000010 0.000010 0.000010 0.000010 0.000010 0.000010 0.000010 0.000010 0.000010 0.000010 0.000010 0.000010 0.000010 0.000010 0.000010 0.000010 0.000010 0.000010 0.000010 0.000010 0.000010 0.000010 0.000010 0.000010 0.000010 0.000010 0.000010 0.000010 0.000010 0.000010 0.000010 0.000010 0.000010 0.000010 0.000010 0.000010 0.000010 0.000010 0.000010 0.000010 0.000010 0.000010 0.000010 0.000010 0.000010 0.000010 0.000010 0.000010 0.000010 0.000010 0.000010 0.000010 0.000010 0.000010 0.000010 0.000010 0.000010 0.000010 0.000010 0.000010 0.000010 0.000010 0.000010 0.000010 0.000010 0.000010 0.000010 0.000010 0.000010 0.000010 0.000010 0.000010 0.000010 0.000010 0.000010 0.000010 0.000010 0.000010 0.000010 0.000010 0.000010 0.000010 0.000010 0.000010 0.000010 0.000010 0.000010 0.000010 0.000010 0.000010 0.000010 0.000010 0.000010 0.000010 0.000010 0.000010 0.000010 0.000010 0.000010 0.000010 0.000010 0.000010 0.000010 0.000010 0.000010 0.000010 0.000010 0.000010 0.000010 0.000010 0.000010 0.000010 0.000010 0.000010 0.000010 0.000010 0.000010 0.000010 0.000010 0.000010 0.000010 0.000010 0.000010 0.000010 0.000010 0.000010 0.000010 0.000010 0.000010 0.000010 0.000010 0.000010 0.000010 0.000010 0.000010 0.000010 0.000010 0.000010 0.000010 0.000010 0.000010 0.000010 0.000010 0.000010 0.000010 0.000010 0.000010 0.000010 0.000010 0.000010 0.000010 0.000010 0.000010 0.000010 0.000010 0.000010 0.000010 0.000010 0.000010 0.000010 0.000010 0.000010 0.000010 0.000010 0.000010 0.000010 0.000010 0.000010 0.000010 0.000010 0.000010 0.000010 0.000010 0.000010 0.000010 0.000010 0.000010 0.000010 0.000010 0.000010 0.000010 0.000010 0.000010 0.000010 0.000010 0.000010 0.000010 0.000010 0.000010 0.000010 0.000010 0.000010 0.000010 0.000010 0.000010 0.000010 0.000010 0.000010 0.000010 0.000010 0.000010 0.000010 0.000010 0.000010 0.000010 0.000010 0.000010 0.000010 0.000010 0.000010 0.000010 0.000010 0.000010 0.000010 0.000010 0.000010 0.000010 0.000010 0.000010 0.000010 0.000010 0.000010 0.000010 0.000010 0.000010 0.000010 0.000010 0.000010 0.000010 0.000010 0.000010 0.000010 0.000010 0.000010 0.000010 0.000010 0.000010 0.000010 0.000010 0.000010 0.000010 0.000010 0.000010 0.000010 0.000010 0.000010 0.000010 0.000010 0.000010 0.000010 0.000010 0.000010 0.000010 0.000010 0.000010 0.000010 0.000010 0.000010 0.000010 0.000010 0.000010 0.000010 0.000010 0.000010 0.000010 0.000010 0.000010 0.000010 0.000010 0.000010 0.000010 0.000010 0.000010 0.000010 0.000010 0.000010 0.000010 0.000010 0.000010 0.000010 0.000010 0.000010 0.000010 0.000010 0.000010 0.000010 0.000010 0.000010 0.000010 0.000010 0.000010 0.000010 0.000010 0.000010 0.000010 0.000010 0.000010 0.000010 0.000010 0.000010 0.000010 0.000010 0.000010 0.000010 0.000010 0.000010 0.000010 0.000010 0.000010 0.000010 0.000010 0.000010 0.000010 0.000010 0.000010 0.000010 0.000010 0.000010 0.000010 0.000010 0.000010 0.000010 0.000010 0.000010 0.000010 0.000010 0.000010 0.000010 0.000010 0.000010 0.000010 0.000010 0.000010 0.000010 0.000010 0.000010 0.000010 0.000010 0.000010 0.000010 0.000010 0.000010 0.000010 0.000010 0.000010 0.000010 0.000010 0.000010 0.000010 0.000010 0.000010 0.000010 0.000010 0.000010 0.000010 0.000010 0.000010 0.000010 0.000010 0.000010 0.000010 0.000010 0.000010 0.000010 0.000010 0.000010 0.000010 0.000010 0.000010 0.000010 0.000010 0.000010 0.000010 0.000010 0.000010 0.000010 0.000010 0.000010 0.000010 0.000010 0.000010 0.000010 0.000010 0.000010 0.000010 0.000010 0.000010 0.000010 0.000010 0.000010 0.000010 0.000010 0.000010 0.000010 0.000010 0.000010 0.000010 0.000010 0.000010 0.000010 0.000010 0.000010 0.000010 0.000010 0.000010 0.000010 0.000010 0.000010 0.000010 0.000010 0.000010 0.000010 0.000010 0.000010 0.000010 0.000010 0.000010 0.000010 0.000010 0.000010 0.000010 0.000010 0.000010 0.000010 0.000010 0.000010 0.000010 0.000010 0.000010 0.000010 0.000010 0.000010 0.000010 0.000010 0.000010 0.000010 0.000010 0.000010 0.000010 0.000010 0.000010 0.000010 0.000010 0.000010 0.000010 0.000010 0.000010 0.000010 0.000010 0.000010 0.000010 0.000010 0.000010 0.000010 0.000010 0.000010 0.000010 0.000010 0.000010 0.000010 0.000010 0.000010 0.000010 0.000010 0.000010 0.000010 0.000010 0.000010 0.000010 0.000010 0.000010 0.000010 0.000010 0.000010 0.000010 0.000010 0.000010 0.000010 0.000010 0.000010 0.000010 0.000010 0.000010 0.000010 0.000010 0.000010 0.000010 0.000010 0.000010 0.000010 0.000010 0.000010 0.000010 0.000010 0.000010 0.000010 0.000010 0.000010 0.000010 0.000010 0.000010 0.000010 0.000010 0.000010 0.000010 0.000010 0.000010 0.000010 0.000010 0.000010 0.000010 0.000010 0.000010 0.000010 0.000010 0.000010 0.000010 0.000010 0.000010 0.000010 0.000010 0.000010 0.000010 0.000010 0.000010 0.000010 0.000010 0.000010 0.000010 0.000010 0.000010 0.000010 0.000010 0.000010 0.000010 0.000010 0.000010 0.000010 0.000010 0.000010 0.000010 0.000010 0.000010 0.000010 0.000010 0.000010 0.000010 0.000010 0.000010 0.000010 0.000010 0.000010 0.000010 0.000010 0.000010 0.000010 0.000010 0.000010 0.000010 0.000010 0.000010 0.000010 0.000010 0.000010 0.000010 0.000010 0.000010 0.000010 0.000010 0.000010 0.000010 0.000010 0.000010 0.000010 0.000010 0.000010 0.000010 0.000010 0.000010 0.000010 0.000010 0.000010 0.000010 0.000010 0.000010 0.000010 0.000010 0.000010 0.000010 0.000010 0.000010 0.000010 0.000010 0.000010 0.000010 0.000010 0.000010 0.000010 0.000010 0.000010 0.000010 0.000010 0.000010 0.000010 0.000010 0.000010 0.000010 0.000010 0.000010 0.000010 0.000010 0.000010 0.000010 0.000010 0.000010 0.000010 0.000010 0.000010 0.000010 0.000010 0.000010 0.000010 0.000010 0.000010 0.000010 0.000010 0.000010 0.000010 0.000010 0.000010 0.000010 0.000010 0.000010 0.000010 0.000010 0.000010 0.000010 0.000010 0.000010 0.000010 0.000010 0.000010 0.000010 0.000010 0.000010  
0.000000 0.000000 0.000000 0.000000 0.000000 0.000000 0.000000 0.000000 0.000000 0.000000 0.000000 0.000000 0.000000 0.000000 0.000000 0.000000 0.000000 0.000000 0.000000 0.000000 0.000000 0.000000 0.000000 0.000000 0.000000 0.000000 0.000000 0.000000 0.000000 0.000000 0.000000 0.000000 0.000000 0.000000 0.000000 0.000000 0.000000 0.000000 0.000000 0.000000 0.000000 0.000000 0.000000 0.000000 0.000000 0.000000 0.000000 0.000000 0.000000 0.000000 0.000000 0.000000 0.000000 0.000000 0.000000 0.000000 0.000000 0.000000 0.000000 0.000000 0.000000 0.000000 0.000000 0.000000 0.000000 0.000000 0.000000 0.000000 0.000000 0.000000 0.000000 0.000000 0.000000 0.000000 0.000000 0.000000 0.000000 0.000000 0.000000 0.000000 0.000000 0.000000 0.000000 0.000000 0.000000 0.000000 0.000000 0.000000 0.000000 0.000000 0.000000 0.000000 0.000000 0.000000 0.000000 0.000000 0.000000 0.000000 0.000000 0.000000 0.000000 0.000000 0.000000 0.000000 0.000000 0.000000 0.000000 0.000000 0.000000 0.000000 0.000000 0.000000 0.000000 0.000000 0.000000 0.000000 0.000000 0.000000 0.000000 0.000000 0.000000 0.000000 0.000000 0.000000 0.000000 0.000000 0.000000 0.000000 0.000000 0.000000 0.000000 0.000000 0.000000 0.000000 0.000000 0.000000 0.000000 0.000000 0.000000 0.000000 0.000000 0.000000 0.000000 0.000000 0.000000 0.000000 0.000000 0.000000 0.000000 0.000000 0.000000 0.000000 0.000000 0.000000 0.000000 0.000000 0.000000 0.000000 0.000000 0.000000 0.000000 0.000000 0.000000 0.000000 0.000000 0.000000 0.000000 0.000000 0.000000 0.000000 0.000000 0.000000 0.000000 0.000000 0.000000 0.000000 0.000000 0.000000 0.000000 0.000000 0.000000 0.000000 0.000000 0.000000 0.000000 0.000000 0.000000 0.000000 0.000000 0.000000 0.000000 0.000000 0.000000 0.000000 0.000000 0.000000 0.000000 0.000000 0.000000 0.000000 0.000000 0.000000 0.000000 0.000000 0.000000 0.000000 0.000000 0.000000 0.000000 0.000000 0.000000 0.000000 0.000000 0.000000 0.000000 0.000000 0.000000 0.000000 0.000000 0.000000 0.000000 0.000000 0.000000 0.000000 0.000000 0.000000 0.000000 0.000000 0.000000 0.000000 0.000000 0.000000 0.000000 0.000000 0.000000 0.000000 0.000000 0.000000 0.000000 0.000000 0.000000 0.000000 0.000000 0.000000 0.000000 0.000000 0.000000 0.000000 0.000000 0.000000 0.000000 0.000000 0.000000 0.000000 0.000000 0.000000 0.000000 0.000000 0.000000 0.000000 0.000000 0.000000 0.000000 0.000000 0.000000 0.000000 0.000000 0.000000 0.000000 0.000000 0.000000 0.000000 0.000000 0.000000 0.000000 0.000000 0.000000 0.000000 0.000000 0.000000 0.000000 0.000000 0.000000 0.000000 0.000000 0.000000 0.000000 0.000000 0.000000 0.000000 0.000000 0.000000 0.000000 0.000000 0.000000 0.000000 0.000000 0.000000 0.000000 0.000000 0.000000 0.000000 0.000000 0.000000 0.000000 0.000000 0.000000 0.000000 0.000000 0.000000 0.000000 0.000000 0.000000 0.000000 0.000000 0.000000 0.000000 0.000000 0.000000 0.000000 0.000000 0.000000 0.000000 0.000000 0.000000 0.000000 0.000000 0.000000 0.000000 0.000000 0.000000 0.000000 0.000000 0.000000 0.000000 0.000000 0.000000 0.000000 0.000000 0.000000 0.000000 0.000000 0.000000 0.000000 0.000000 0.000000 0.000000 0.000000 0.000000 0.000000 0.000000 0.000000 0.000000 0.000000 0.000000 0.000000 0.000000 0.000000 0.000000 0.000000 0.000000 0.000000 0.000000 0.000000 0.000000 0.000000 0.000000 0.000000 0.000000 0.000000 0.000000 0.000000 0.000000 0.000000 0.000000 0.000000 0.000000 0.000000 0.000000 0.000000 0.000000 0.000000 0.000000 0.000000 0.000000 0.000000 0.000000 0.000000 0.000000 0.000000 0.000000 0.000000 0.000000 0.000000 0.000000 0.000000 0.000000 0.000000 0.000000 0.000000 0.000000 0.000000 0.000000 0.000000 0.000000 0.000000 0.000000 0.000000 0.000000 0.000000 0.000000 0.000000 0.000000 0.000000 0.000000 0.000000 0.000000 0.000000 0.000000 0.000000 0.000000 0.000000 0.000000 0.000000 0.000000 0.000000 0.000000 0.000000 0.000000 0.000000 0.000000 0.000000 0.000000 0.000000 0.000000 0.000000 0.000000 0.000000 0.000000 0.000000 0.000000 0.000000 0.000000 0.000000 0.000000 0.000000 0.000000 0.000000 0.000000 0.000000 0.000000 0.000000 0.000000 0.000000 0.000000 0.000000 0.000000 0.000000 0.000000 0.000000 0.000000 0.000000 0.000000 0.000000 0.000000 0.000000 0.000000 0.000000 0.000000 0.000000 0.000000 0.000000 0.000000 0.000000 0.000000 0.000000 0.000000 0.000000 0.000000 0.000000 0.000000 0.000000 0.000000 0.000000 0.000000 0.000000 0.000000 0.000000 0.000000 0.000000 0.000000 0.000000 0.000000 0.000000 0.000000 0.000000 0.000000 0.000000 0.000000 0.000000 0.000000 0.000000 0.000000 0.000000 0.000000 0.000000 0.000000 0.000000 0.000000 0.000000 0.000000 0.000000 0.000000 0.000000 0.000000 0.000000 0.000000 0.000000 0.000000 0.000000 0.000000 0.000000 0.000000 0.000000 0.000000 0.000000 0.000000 0.000000 0.000000 0.000000 0.000000 0.000000 0.000000 0.000000 0.000000 0.000000 0.000000 0.000000 0.000000 0.000000 0.000000 0.000000 0.000000 0.000000 0.000000 0.000000 0.000000 0.000000 0.000000 0.000000 0.000000 0.000000 0.000000 0.000000 0.000000 0.000000 0.000000 0.000000 0.000000 0.000000 0.000000 0.000000 0.000000 0.000000 0.000000 0.000000 0.000000 0.000000 0.000000 0.000000 0.000000 0.000000 0.000000 0.000000 0.000000 0.000000 0.000000 0.000000 0.000000 0.000000 0.000000 0.000000 0.000000 0.000000 0.000000 0.000000 0.000000 0.000000 0.000000 0.000000 0.000000 0.000000 0.000000 0.000000 0.000000 0.000000 0.000000 0.000000 0.000000 0.000000 0.000000 0.000000 0.000000 0.000000 0.000000 0.000000 0.000000 0.000000 0.000000 0.000000 0.000000 0.000000 0.000000 0.000000 0.000000 0.000000 0.000000 0.000000 0.000000 0.000000 0.000000 0.000000 0.000000 0.000000 0.000000 0.000000 0.000000 0.000000 0.000000 0.000000 0.000000 0.000000 0.000000 0.000000 0.000000 0.000000 0.000000 0.000000 0.000000 0.000000 0.000000 0.000000 0.000000 0.000000 0.000000 0.000000 0.000000 0.000000 0.000000 0.000000 0.000000 0.000000 0.000000 0.000000 0.000000 0.000000 0.000000 0.000000 0.000000 0.000000 0.000000 0.000000 0.000000 0.000000 0.000000 0.000000 0.000000 0.000000 0.000000 0.000000 0.000000 0.000000 0.000000 0.000000 0.000000 0.000000 0.000000 0.000000 0.000000 0.000000 0.000000 0.000000 0.000000 0.000000 0.000000 0.000000 0.000000 0.000000 0.000000 0.000000 0.000000 0.000000 0.000000 0.000000 0.000000 0.000000 0.000000 0.000000 0.000000 0.000000 0.000000 0.000000 0.000000 0.000000 0.000000 0.000000 0.000000 0.000000 0.000000 0.000000 0.000000 0.000000 0.000000 0.000000 0.000000 0.000000 0.000000 0.000000 0.000000 0.000000 0.000000 0.000000 0.000000 0.000000 