Reynolds number List -  Side 
4 
      500000.0 
     1000000.0 
     5000000.0 
    10000000.0 
Angle of Attack List -  Downwards 
181 
-5.00 
 -4.75 
 -4.50 
 -4.25 
 -4.00 
 -3.75 
 -3.50 
 -3.25 
 -3.00 
 -2.75 
 -2.50 
 -2.25 
 -2.00 
 -1.75 
 -1.50 
 -1.25 
 -1.00 
 -0.75 
 -0.50 
 -0.25 
 0.00 
 0.25 
 0.50 
 0.75 
 1.00 
 1.25 
 1.50 
 1.75 
 2.00 
 2.25 
 2.50 
 2.75 
 3.00 
 3.25 
 3.50 
 3.75 
 4.00 
 4.25 
 4.50 
 4.75 
 5.00 
 5.25 
 5.50 
 5.75 
 6.00 
 6.25 
 6.50 
 6.75 
 7.00 
 7.25 
 7.50 
 7.75 
 8.00 
 8.25 
 8.50 
 8.75 
 9.00 
 9.25 
 9.50 
 9.75 
 10.00 
 10.25 
 10.50 
 10.75 
 11.00 
 11.25 
 11.50 
 11.75 
 12.00 
 12.25 
 12.50 
 12.75 
 13.00 
 13.25 
 13.50 
 13.75 
 14.00 
 14.25 
 14.50 
 14.75 
 15.00 
 15.25 
 15.50 
 15.75 
 16.00 
 16.25 
 16.50 
 16.75 
 17.00 
 17.25 
 17.50 
 17.75 
 18.00 
 18.25 
 18.50 
 18.75 
 19.00 
 19.25 
 19.50 
 19.75 
 20.00 
 20.25 
 20.50 
 20.75 
 21.00 
 21.25 
 21.50 
 21.75 
 22.00 
 22.25 
 22.50 
 22.75 
 23.00 
 23.25 
 23.50 
 23.75 
 24.00 
 24.25 
 24.50 
 24.75 
 25.00 
 25.25 
 25.50 
 25.75 
 26.00 
 26.25 
 26.50 
 26.75 
 27.00 
 27.25 
 27.50 
 27.75 
 28.00 
 28.25 
 28.50 
 28.75 
 29.00 
 29.25 
 29.50 
 29.75 
 30.00 
 30.25 
 30.50 
 30.75 
 31.00 
 31.25 
 31.50 
 31.75 
 32.00 
 32.25 
 32.50 
 32.75 
 33.00 
 33.25 
 33.50 
 33.75 
 34.00 
 34.25 
 34.50 
 34.75 
 35.00 
 35.25 
 35.50 
 35.75 
 36.00 
 36.25 
 36.50 
 36.75 
 37.00 
 37.25 
 37.50 
 37.75 
 38.00 
 38.25 
 38.50 
 38.75 
 39.00 
 39.25 
 39.50 
 39.75 
 40.00 
  Pressure BL Thick 
 Pressure Disp Thick 
Pressure Cf  
Suction BL Thick  
Suction Disp Thick  
Cf Suction  
0.004242 0.003399 0.002210 0.001968 0.004242 0.003399 0.002210 0.001968 0.004242 0.003399 0.002210 0.001968 0.004242 0.003399 0.002210 0.001968 0.004242 0.003399 0.002210 0.001968 0.004242 0.003399 0.002210 0.001968 0.004242 0.003399 0.002210 0.001968 0.004242 0.003399 0.002210 0.001968 0.004242 0.003399 0.002210 0.001968 0.004242 0.003399 0.002210 0.001968 0.004242 0.003399 0.002210 0.001968 0.004242 0.003399 0.002210 0.001968 0.004242 0.003399 0.002210 0.001968 0.004242 0.003399 0.002210 0.001968 0.004242 0.003399 0.002210 0.001968 0.004242 0.003399 0.002210 0.001968 0.004242 0.003399 0.002210 0.001968 0.004242 0.003399 0.002210 0.001968 0.004242 0.003399 0.002210 0.001968 0.004242 0.003399 0.002210 0.001968 0.004242 0.003399 0.002210 0.001968 0.004149 0.003334 0.002176 0.001939 0.004060 0.003271 0.002143 0.001910 0.003973 0.003210 0.002110 0.001883 0.003889 0.003150 0.002077 0.001856 0.003807 0.003091 0.002045 0.001829 0.003728 0.003034 0.002015 0.001802 0.003651 0.002979 0.001984 0.001776 0.003576 0.002925 0.001954 0.001745 0.003503 0.002872 0.001925 0.001717 0.003432 0.002820 0.001896 0.001692 0.003364 0.002769 0.001867 0.001667 0.003296 0.002720 0.001840 0.001643 0.003231 0.002672 0.001812 0.001619 0.003166 0.002624 0.001785 0.001588 0.003103 0.002578 0.001757 0.001565 0.003043 0.002532 0.001723 0.001542 0.002982 0.002487 0.001697 0.001516 0.002924 0.002443 0.001672 0.001489 0.002866 0.002401 0.001641 0.001463 0.002811 0.002359 0.001612 0.001435 0.002756 0.002317 0.001582 0.001398 0.002701 0.002276 0.001553 0.001364 0.002648 0.002236 0.001520 0.001337 0.002596 0.002197 0.001489 0.001305 0.002544 0.002153 0.001455 0.001274 0.002494 0.002114 0.001423 0.001238 0.002444 0.002071 0.001384 0.001214 0.002395 0.002025 0.001347 0.001183 0.002345 0.001983 0.001306 0.001158 0.002293 0.001937 0.001270 0.001132 0.002246 0.001895 0.001234 0.001106 0.002197 0.001857 0.001198 0.001081 0.002139 0.001797 0.001159 0.001053 0.002084 0.001733 0.001119 0.001012 0.002020 0.001677 0.001089 0.000956 0.001964 0.001606 0.001057 0.000929 0.001905 0.001557 0.001029 0.000906 0.001837 0.001498 0.001001 0.000887 0.001777 0.001461 0.000979 0.000866 0.001698 0.001414 0.000960 0.000846 0.001636 0.001365 0.000941 0.000827 0.001589 0.001295 0.000918 0.000811 0.001548 0.001260 0.000898 0.000796 0.001508 0.001230 0.000875 0.000768 0.001464 0.001211 0.000837 0.000739 0.001428 0.001185 0.000811 0.000726 0.001394 0.001157 0.000796 0.000701 0.001364 0.001136 0.000781 0.000692 0.001335 0.001111 0.000764 0.000675 0.001308 0.001083 0.000753 0.000661 0.001274 0.001063 0.000738 0.000651 0.001251 0.001038 0.000733 0.000636 0.001231 0.001019 0.000707 0.000619 0.001206 0.001010 0.000693 0.000608 0.001169 0.000989 0.000687 0.000601 0.001137 0.000957 0.000670 0.000587 0.001113 0.000926 0.000656 0.000573 0.001097 0.000911 0.000643 0.000564 0.001084 0.000904 0.000632 0.000554 0.001061 0.000881 0.000609 0.000531 0.001031 0.000856 0.000595 0.000519 0.001011 0.000845 0.000592 0.000515 0.001005 0.000844 0.000584 0.000503 0.000996 0.000831 0.000576 0.000491 0.000977 0.000812 0.000562 0.000482 0.000952 0.000794 0.000547 0.000484 0.000933 0.000775 0.000539 0.000483 0.000917 0.000763 0.000541 0.000463 0.000895 0.000756 0.000533 0.000450 0.000882 0.000755 0.000514 0.000444 0.000866 0.000733 0.000499 0.000447 0.000841 0.000700 0.000485 0.000440 0.000827 0.000688 0.000469 0.000427 0.000817 0.000677 0.000473 0.000401 0.000808 0.000675 0.000473 0.000394 0.000799 0.000670 0.000463 0.000392 0.000779 0.000658 0.000444 0.000397 0.000762 0.000639 0.000435 0.000391 0.000753 0.000626 0.000430 0.000379 0.000750 0.000621 0.000436 0.000363 0.000743 0.000622 0.000433 0.000358 0.000718 0.000613 0.000425 0.000357 0.000699 0.000592 0.000412 0.000363 0.000687 0.000575 0.000398 0.000358 0.000682 0.000575 0.000392 0.000345 0.000677 0.000565 0.000394 0.000330 0.000661 0.000554 0.000375 0.000318 0.000644 0.000538 0.000364 0.000317 0.000641 0.000525 0.000359 0.000320 0.000634 0.000527 0.000359 0.000314 0.000630 0.000520 0.000356 0.000298 0.000624 0.000501 0.000343 0.000288 0.000615 0.000489 0.000330 0.000279 0.000615 0.000490 0.000322 0.000273 0.000615 0.000477 0.000322 0.000257 0.000615 0.000456 0.000317 0.000257 0.000615 0.000445 0.000298 0.000261 0.000615 0.000437 0.000289 0.000248 0.000615 0.000429 0.000290 0.000233 0.000615 0.000429 0.000278 0.000226 0.000615 0.000423 0.000267 0.000228 0.000615 0.000423 0.000274 0.000220 0.000615 0.000423 0.000262 0.000226 0.000615 0.000423 0.000272 0.000226 0.000615 0.000423 0.000263 0.000224 0.000615 0.000423 0.000247 0.000224 0.000615 0.000423 0.000244 0.000224 0.000615 0.000423 0.000257 0.000224 0.000615 0.000423 0.000238 0.000225 0.000615 0.000423 0.000238 0.000225 0.000615 0.000423 0.000238 0.000225 0.000615 0.000423 0.000238 0.000225 0.000615 0.000423 0.000238 0.000225 0.000615 0.000423 0.000238 0.000225 0.000615 0.000423 0.000238 0.000225 0.000615 0.000423 0.000238 0.000225 0.000615 0.000423 0.000238 0.000225 0.000615 0.000423 0.000238 0.000225 0.000615 0.000423 0.000238 0.000225 0.000615 0.000423 0.000238 0.000225 0.000615 0.000423 0.000238 0.000225 0.000615 0.000423 0.000238 0.000225 0.000615 0.000423 0.000238 0.000225 0.000615 0.000423 0.000238 0.000225 0.000615 0.000423 0.000238 0.000225 0.000615 0.000423 0.000238 0.000225 0.000615 0.000423 0.000238 0.000225 0.000615 0.000423 0.000238 0.000225 0.000615 0.000423 0.000238 0.000225 0.000615 0.000423 0.000238 0.000225 0.000615 0.000423 0.000238 0.000225 0.000615 0.000423 0.000238 0.000225 0.000615 0.000423 0.000238 0.000225 0.000615 0.000423 0.000238 0.000225 0.000615 0.000423 0.000238 0.000225 0.000615 0.000423 0.000238 0.000225 0.000615 0.000423 0.000238 0.000225 0.000615 0.000423 0.000238 0.000225 0.000615 0.000423 0.000238 0.000225 0.000615 0.000423 0.000238 0.000225 0.000615 0.000423 0.000238 0.000225 0.000615 0.000423 0.000238 0.000225 0.000615 0.000423 0.000238 0.000225 0.000615 0.000423 0.000238 0.000225 0.000615 0.000423 0.000238 0.000225 0.000615 0.000423 0.000238 0.000225 0.000615 0.000423 0.000238 0.000225 0.000615 0.000423 0.000238 0.000225 0.000615 0.000423 0.000238 0.000225 0.000615 0.000423 0.000238 0.000225 0.000615 0.000423 0.000238 0.000225 0.000615 0.000423 0.000238 0.000225 0.000615 0.000423 0.000238 0.000225 0.000615 0.000423 0.000238 0.000225 0.000615 0.000423 0.000238 0.000225 0.000615 0.000423 0.000238 0.000225 0.000615 0.000423 0.000238 0.000225 0.000615 0.000423 0.000238 0.000225 0.000615 0.000423 0.000238 0.000225 0.000615 0.000423 0.000238 0.000225  
0.004242 0.003399 0.002210 0.001968 0.004242 0.003399 0.002210 0.001968 0.004242 0.003399 0.002210 0.001968 0.004242 0.003399 0.002210 0.001968 0.004242 0.003399 0.002210 0.001968 0.004242 0.003399 0.002210 0.001968 0.004242 0.003399 0.002210 0.001968 0.004242 0.003399 0.002210 0.001968 0.004242 0.003399 0.002210 0.001968 0.004242 0.003399 0.002210 0.001968 0.004242 0.003399 0.002210 0.001968 0.004242 0.003399 0.002210 0.001968 0.004242 0.003399 0.002210 0.001968 0.004242 0.003399 0.002210 0.001968 0.004242 0.003399 0.002210 0.001968 0.004242 0.003399 0.002210 0.001968 0.004242 0.003399 0.002210 0.001968 0.004242 0.003399 0.002210 0.001968 0.004242 0.003399 0.002210 0.001968 0.004242 0.003399 0.002210 0.001968 0.004242 0.003399 0.002210 0.001968 0.004149 0.003334 0.002176 0.001939 0.004060 0.003271 0.002143 0.001910 0.003973 0.003210 0.002110 0.001883 0.003889 0.003150 0.002077 0.001856 0.003807 0.003091 0.002045 0.001829 0.003728 0.003034 0.002015 0.001802 0.003651 0.002979 0.001984 0.001776 0.003576 0.002925 0.001954 0.001745 0.003503 0.002872 0.001925 0.001717 0.003432 0.002820 0.001896 0.001692 0.003364 0.002769 0.001867 0.001667 0.003296 0.002720 0.001840 0.001643 0.003231 0.002672 0.001812 0.001619 0.003166 0.002624 0.001785 0.001588 0.003103 0.002578 0.001757 0.001565 0.003043 0.002532 0.001723 0.001542 0.002982 0.002487 0.001697 0.001516 0.002924 0.002443 0.001672 0.001489 0.002866 0.002401 0.001641 0.001463 0.002811 0.002359 0.001612 0.001435 0.002756 0.002317 0.001582 0.001398 0.002701 0.002276 0.001553 0.001364 0.002648 0.002236 0.001520 0.001337 0.002596 0.002197 0.001489 0.001305 0.002544 0.002153 0.001455 0.001274 0.002494 0.002114 0.001423 0.001238 0.002444 0.002071 0.001384 0.001214 0.002395 0.002025 0.001347 0.001183 0.002345 0.001983 0.001306 0.001158 0.002293 0.001937 0.001270 0.001132 0.002246 0.001895 0.001234 0.001106 0.002197 0.001857 0.001198 0.001081 0.002139 0.001797 0.001159 0.001053 0.002084 0.001733 0.001119 0.001012 0.002020 0.001677 0.001089 0.000956 0.001964 0.001606 0.001057 0.000929 0.001905 0.001557 0.001029 0.000906 0.001837 0.001498 0.001001 0.000887 0.001777 0.001461 0.000979 0.000866 0.001698 0.001414 0.000960 0.000846 0.001636 0.001365 0.000941 0.000827 0.001589 0.001295 0.000918 0.000811 0.001548 0.001260 0.000898 0.000796 0.001508 0.001230 0.000875 0.000768 0.001464 0.001211 0.000837 0.000739 0.001428 0.001185 0.000811 0.000726 0.001394 0.001157 0.000796 0.000701 0.001364 0.001136 0.000781 0.000692 0.001335 0.001111 0.000764 0.000675 0.001308 0.001083 0.000753 0.000661 0.001274 0.001063 0.000738 0.000651 0.001251 0.001038 0.000733 0.000636 0.001231 0.001019 0.000707 0.000619 0.001206 0.001010 0.000693 0.000608 0.001169 0.000989 0.000687 0.000601 0.001137 0.000957 0.000670 0.000587 0.001113 0.000926 0.000656 0.000573 0.001097 0.000911 0.000643 0.000564 0.001084 0.000904 0.000632 0.000554 0.001061 0.000881 0.000609 0.000531 0.001031 0.000856 0.000595 0.000519 0.001011 0.000845 0.000592 0.000515 0.001005 0.000844 0.000584 0.000503 0.000996 0.000831 0.000576 0.000491 0.000977 0.000812 0.000562 0.000482 0.000952 0.000794 0.000547 0.000484 0.000933 0.000775 0.000539 0.000483 0.000917 0.000763 0.000541 0.000463 0.000895 0.000756 0.000533 0.000450 0.000882 0.000755 0.000514 0.000444 0.000866 0.000733 0.000499 0.000447 0.000841 0.000700 0.000485 0.000440 0.000827 0.000688 0.000469 0.000427 0.000817 0.000677 0.000473 0.000401 0.000808 0.000675 0.000473 0.000394 0.000799 0.000670 0.000463 0.000392 0.000779 0.000658 0.000444 0.000397 0.000762 0.000639 0.000435 0.000391 0.000753 0.000626 0.000430 0.000379 0.000750 0.000621 0.000436 0.000363 0.000743 0.000622 0.000433 0.000358 0.000718 0.000613 0.000425 0.000357 0.000699 0.000592 0.000412 0.000363 0.000687 0.000575 0.000398 0.000358 0.000682 0.000575 0.000392 0.000345 0.000677 0.000565 0.000394 0.000330 0.000661 0.000554 0.000375 0.000318 0.000644 0.000538 0.000364 0.000317 0.000641 0.000525 0.000359 0.000320 0.000634 0.000527 0.000359 0.000314 0.000630 0.000520 0.000356 0.000298 0.000624 0.000501 0.000343 0.000288 0.000615 0.000489 0.000330 0.000279 0.000615 0.000490 0.000322 0.000273 0.000615 0.000477 0.000322 0.000257 0.000615 0.000456 0.000317 0.000257 0.000615 0.000445 0.000298 0.000261 0.000615 0.000437 0.000289 0.000248 0.000615 0.000429 0.000290 0.000233 0.000615 0.000429 0.000278 0.000226 0.000615 0.000423 0.000267 0.000228 0.000615 0.000423 0.000274 0.000220 0.000615 0.000423 0.000262 0.000226 0.000615 0.000423 0.000272 0.000226 0.000615 0.000423 0.000263 0.000224 0.000615 0.000423 0.000247 0.000224 0.000615 0.000423 0.000244 0.000224 0.000615 0.000423 0.000257 0.000224 0.000615 0.000423 0.000238 0.000225 0.000615 0.000423 0.000238 0.000225 0.000615 0.000423 0.000238 0.000225 0.000615 0.000423 0.000238 0.000225 0.000615 0.000423 0.000238 0.000225 0.000615 0.000423 0.000238 0.000225 0.000615 0.000423 0.000238 0.000225 0.000615 0.000423 0.000238 0.000225 0.000615 0.000423 0.000238 0.000225 0.000615 0.000423 0.000238 0.000225 0.000615 0.000423 0.000238 0.000225 0.000615 0.000423 0.000238 0.000225 0.000615 0.000423 0.000238 0.000225 0.000615 0.000423 0.000238 0.000225 0.000615 0.000423 0.000238 0.000225 0.000615 0.000423 0.000238 0.000225 0.000615 0.000423 0.000238 0.000225 0.000615 0.000423 0.000238 0.000225 0.000615 0.000423 0.000238 0.000225 0.000615 0.000423 0.000238 0.000225 0.000615 0.000423 0.000238 0.000225 0.000615 0.000423 0.000238 0.000225 0.000615 0.000423 0.000238 0.000225 0.000615 0.000423 0.000238 0.000225 0.000615 0.000423 0.000238 0.000225 0.000615 0.000423 0.000238 0.000225 0.000615 0.000423 0.000238 0.000225 0.000615 0.000423 0.000238 0.000225 0.000615 0.000423 0.000238 0.000225 0.000615 0.000423 0.000238 0.000225 0.000615 0.000423 0.000238 0.000225 0.000615 0.000423 0.000238 0.000225 0.000615 0.000423 0.000238 0.000225 0.000615 0.000423 0.000238 0.000225 0.000615 0.000423 0.000238 0.000225 0.000615 0.000423 0.000238 0.000225 0.000615 0.000423 0.000238 0.000225 0.000615 0.000423 0.000238 0.000225 0.000615 0.000423 0.000238 0.000225 0.000615 0.000423 0.000238 0.000225 0.000615 0.000423 0.000238 0.000225 0.000615 0.000423 0.000238 0.000225 0.000615 0.000423 0.000238 0.000225 0.000615 0.000423 0.000238 0.000225 0.000615 0.000423 0.000238 0.000225 0.000615 0.000423 0.000238 0.000225 0.000615 0.000423 0.000238 0.000225 0.000615 0.000423 0.000238 0.000225 0.000615 0.000423 0.000238 0.000225 0.000615 0.000423 0.000238 0.000225 0.000615 0.000423 0.000238 0.000225 0.000615 0.000423 0.000238 0.000225  
0.000000 0.000000 0.000000 0.000000 0.000000 0.000000 0.000000 0.000000 0.000000 0.000000 0.000000 0.000000 0.000000 0.000000 0.000000 0.000000 0.000000 0.000000 0.000000 0.000000 0.000000 0.000000 0.000000 0.000000 0.000000 0.000000 0.000000 0.000000 0.000000 0.000000 0.000000 0.000000 0.000000 0.000000 0.000000 0.000000 0.000000 0.000000 0.000000 0.000000 0.000000 0.000000 0.000000 0.000000 0.000000 0.000000 0.000000 0.000000 0.000000 0.000000 0.000000 0.000000 0.000000 0.000000 0.000000 0.000000 0.000000 0.000000 0.000000 0.000000 0.000000 0.000000 0.000000 0.000000 0.000000 0.000000 0.000000 0.000000 0.000000 0.000000 0.000000 0.000000 0.000000 0.000000 0.000000 0.000000 0.000000 0.000000 0.000000 0.000000 0.000000 0.000000 0.000000 0.000000 0.000000 0.000000 0.000000 0.000000 0.000000 0.000000 0.000000 0.000000 0.000000 0.000000 0.000000 0.000000 0.000000 0.000000 0.000000 0.000000 0.000000 0.000000 0.000000 0.000000 0.000000 0.000000 0.000000 0.000000 0.000000 0.000000 0.000000 0.000000 0.000000 0.000000 0.000000 0.000000 0.000000 0.000000 0.000000 0.000000 0.000000 0.000000 0.000000 0.000000 0.000000 0.000000 0.000000 0.000000 0.000000 0.000000 0.000000 0.000000 0.000000 0.000000 0.000000 0.000000 0.000000 0.000000 0.000000 0.000000 0.000000 0.000000 0.000000 0.000000 0.000000 0.000000 0.000000 0.000000 0.000000 0.000000 0.000000 0.000000 0.000000 0.000000 0.000000 0.000000 0.000000 0.000000 0.000000 0.000000 0.000000 0.000000 0.000000 0.000000 0.000000 0.000000 0.000000 0.000000 0.000000 0.000000 0.000000 0.000000 0.000000 0.000000 0.000000 0.000000 0.000000 0.000000 0.000000 0.000000 0.000000 0.000000 0.000000 0.000000 0.000000 0.000000 0.000000 0.000000 0.000000 0.000000 0.000000 0.000000 0.000000 0.000000 0.000000 0.000000 0.000000 0.000000 0.000000 0.000000 0.000000 0.000000 0.000000 0.000000 0.000000 0.000000 0.000000 0.000000 0.000000 0.000000 0.000000 0.000000 0.000000 0.000000 0.000000 0.000000 0.000000 0.000000 0.000000 0.000000 0.000000 0.000000 0.000000 0.000000 0.000000 0.000000 0.000000 0.000000 0.000000 0.000000 0.000000 0.000000 0.000000 0.000000 0.000000 0.000000 0.000000 0.000000 0.000000 0.000000 0.000000 0.000000 0.000000 0.000000 0.000000 0.000000 0.000000 0.000000 0.000000 0.000000 0.000000 0.000000 0.000000 0.000000 0.000000 0.000000 0.000000 0.000000 0.000000 0.000000 0.000000 0.000000 0.000000 0.000000 0.000000 0.000000 0.000000 0.000000 0.000000 0.000000 0.000000 0.000000 0.000000 0.000000 0.000000 0.000000 0.000000 0.000000 0.000000 0.000000 0.000000 0.000000 0.000000 0.000000 0.000000 0.000000 0.000000 0.000000 0.000000 0.000000 0.000000 0.000000 0.000000 0.000000 0.000000 0.000000 0.000000 0.000000 0.000000 0.000000 0.000000 0.000000 0.000000 0.000000 0.000000 0.000000 0.000000 0.000000 0.000000 0.000000 0.000000 0.000000 0.000000 0.000000 0.000000 0.000000 0.000000 0.000000 0.000000 0.000000 0.000000 0.000000 0.000000 0.000000 0.000000 0.000000 0.000000 0.000000 0.000000 0.000000 0.000000 0.000000 0.000000 0.000000 0.000000 0.000000 0.000000 0.000000 0.000000 0.000000 0.000000 0.000000 0.000000 0.000000 0.000000 0.000000 0.000000 0.000000 0.000000 0.000000 0.000000 0.000000 0.000000 0.000000 0.000000 0.000000 0.000000 0.000000 0.000000 0.000000 0.000000 0.000000 0.000000 0.000000 0.000000 0.000000 0.000000 0.000000 0.000000 0.000000 0.000000 0.000000 0.000000 0.000000 0.000000 0.000000 0.000000 0.000000 0.000000 0.000000 0.000000 0.000000 0.000000 0.000000 0.000000 0.000000 0.000000 0.000000 0.000000 0.000000 0.000000 0.000000 0.000000 0.000000 0.000000 0.000000 0.000000 0.000000 0.000000 0.000000 0.000000 0.000000 0.000000 0.000000 0.000000 0.000000 0.000000 0.000000 0.000000 0.000000 0.000000 0.000000 0.000000 0.000000 0.000000 0.000000 0.000000 0.000000 0.000000 0.000000 0.000000 0.000000 0.000000 0.000000 0.000000 0.000000 0.000000 0.000000 0.000000 0.000000 0.000000 0.000000 0.000000 0.000000 0.000000 0.000000 0.000000 0.000000 0.000000 0.000000 0.000000 0.000000 0.000000 0.000000 0.000000 0.000000 0.000000 0.000000 0.000000 0.000000 0.000000 0.000000 0.000000 0.000000 0.000000 0.000000 0.000000 0.000000 0.000000 0.000000 0.000000 0.000000 0.000000 0.000000 0.000000 0.000000 0.000000 0.000000 0.000000 0.000000 0.000000 0.000000 0.000000 0.000000 0.000000 0.000000 0.000000 0.000000 0.000000 0.000000 0.000000 0.000000 0.000000 0.000000 0.000000 0.000000 0.000000 0.000000 0.000000 0.000000 0.000000 0.000000 0.000000 0.000000 0.000000 0.000000 0.000000 0.000000 0.000000 0.000000 0.000000 0.000000 0.000000 0.000000 0.000000 0.000000 0.000000 0.000000 0.000000 0.000000 0.000000 0.000000 0.000000 0.000000 0.000000 0.000000 0.000000 0.000000 0.000000 0.000000 0.000000 0.000000 0.000000 0.000000 0.000000 0.000000 0.000000 0.000000 0.000000 0.000000 0.000000 0.000000 0.000000 0.000000 0.000000 0.000000 0.000000 0.000000 0.000000 0.000000 0.000000 0.000000 0.000000 0.000000 0.000000 0.000000 0.000000 0.000000 0.000000 0.000000 0.000000 0.000000 0.000000 0.000000 0.000000 0.000000 0.000000 0.000000 0.000000 0.000000 0.000000 0.000000 0.000000 0.000000 0.000000 0.000000 0.000000 0.000000 0.000000 0.000000 0.000000 0.000000 0.000000 0.000000 0.000000 0.000000 0.000000 0.000000 0.000000 0.000000 0.000000 0.000000 0.000000 0.000000 0.000000 0.000000 0.000000 0.000000 0.000000 0.000000 0.000000 0.000000 0.000000 0.000000 0.000000 0.000000 0.000000 0.000000 0.000000 0.000000 0.000000 0.000000 0.000000 0.000000 0.000000 0.000000 0.000000 0.000000 0.000000 0.000000 0.000000 0.000000 0.000000 0.000000 0.000000 0.000000 0.000000 0.000000 0.000000 0.000000 0.000000 0.000000 0.000000 0.000000 0.000000 0.000000 0.000000 0.000000 0.000000 0.000000 0.000000 0.000000 0.000000 0.000000 0.000000 0.000000 0.000000 0.000000 0.000000 0.000000 0.000000 0.000000 0.000000 0.000000 0.000000 0.000000 0.000000 0.000000 0.000000 0.000000 0.000000 0.000000 0.000000 0.000000 0.000000 0.000000 0.000000 0.000000 0.000000 0.000000 0.000000 0.000000 0.000000 0.000000 0.000000 0.000000 0.000000 0.000000 0.000000 0.000000 0.000000 0.000000 0.000000 0.000000 0.000000 0.000000 0.000000 0.000000 0.000000 0.000000 0.000000 0.000000 0.000000 0.000000 0.000000 0.000000 0.000000 0.000000 0.000000 0.000000 0.000000 0.000000 0.000000 0.000000 0.000000 0.000000 0.000000 0.000000 0.000000 0.000000 0.000000 0.000000 0.000000 0.000000 0.000000 0.000000 0.000000 0.000000 0.000000 0.000000 0.000000 0.000000 0.000000 0.000000 0.000000 0.000000 0.000000 0.000000 0.000000 0.000000 0.000000 0.000000 0.000000 0.000000  
0.000000 0.000000 0.000000 0.000000 0.000000 0.000000 0.000000 0.000000 0.000000 0.000000 0.000000 0.000000 0.000000 0.000000 0.000000 0.000000 0.000000 0.000000 0.000000 0.000000 0.000000 0.000000 0.000000 0.000000 0.000000 0.000000 0.000000 0.000000 0.000000 0.000000 0.000000 0.000000 0.000000 0.000000 0.000000 0.000000 0.000000 0.000000 0.000000 0.000000 0.000000 0.000000 0.000000 0.000000 0.000000 0.000000 0.000000 0.000000 0.000000 0.000000 0.000000 0.000000 0.000000 0.000000 0.000000 0.000000 0.000000 0.000000 0.000000 0.000000 0.000000 0.000000 0.000000 0.000000 0.000000 0.000000 0.000000 0.000000 0.000000 0.000000 0.000000 0.000000 0.000000 0.000000 0.000000 0.000000 0.000000 0.000000 0.000000 0.000000 0.000000 0.000000 0.000000 0.000000 0.000000 0.000000 0.000000 0.000000 0.000000 0.000000 0.000000 0.000000 0.000000 0.000000 0.000000 0.000000 0.000000 0.000000 0.000000 0.000000 0.000000 0.000000 0.000000 0.000000 0.000000 0.000000 0.000000 0.000000 0.000000 0.000000 0.000000 0.000000 0.000000 0.000000 0.000000 0.000000 0.000000 0.000000 0.000000 0.000000 0.000000 0.000000 0.000000 0.000000 0.000000 0.000000 0.000000 0.000000 0.000000 0.000000 0.000000 0.000000 0.000000 0.000000 0.000000 0.000000 0.000000 0.000000 0.000000 0.000000 0.000000 0.000000 0.000000 0.000000 0.000000 0.000000 0.000000 0.000000 0.000000 0.000000 0.000000 0.000000 0.000000 0.000000 0.000000 0.000000 0.000000 0.000000 0.000000 0.000000 0.000000 0.000000 0.000000 0.000000 0.000000 0.000000 0.000000 0.000000 0.000000 0.000000 0.000000 0.000000 0.000000 0.000000 0.000000 0.000000 0.000000 0.000000 0.000000 0.000000 0.000000 0.000000 0.000000 0.000000 0.000000 0.000000 0.000000 0.000000 0.000000 0.000000 0.000000 0.000000 0.000000 0.000000 0.000000 0.000000 0.000000 0.000000 0.000000 0.000000 0.000000 0.000000 0.000000 0.000000 0.000000 0.000000 0.000000 0.000000 0.000000 0.000000 0.000000 0.000000 0.000000 0.000000 0.000000 0.000000 0.000000 0.000000 0.000000 0.000000 0.000000 0.000000 0.000000 0.000000 0.000000 0.000000 0.000000 0.000000 0.000000 0.000000 0.000000 0.000000 0.000000 0.000000 0.000000 0.000000 0.000000 0.000000 0.000000 0.000000 0.000000 0.000000 0.000000 0.000000 0.000000 0.000000 0.000000 0.000000 0.000000 0.000000 0.000000 0.000000 0.000000 0.000000 0.000000 0.000000 0.000000 0.000000 0.000000 0.000000 0.000000 0.000000 0.000000 0.000000 0.000000 0.000000 0.000000 0.000000 0.000000 0.000000 0.000000 0.000000 0.000000 0.000000 0.000000 0.000000 0.000000 0.000000 0.000000 0.000000 0.000000 0.000000 0.000000 0.000000 0.000000 0.000000 0.000000 0.000000 0.000000 0.000000 0.000000 0.000000 0.000000 0.000000 0.000000 0.000000 0.000000 0.000000 0.000000 0.000000 0.000000 0.000000 0.000000 0.000000 0.000000 0.000000 0.000000 0.000000 0.000000 0.000000 0.000000 0.000000 0.000000 0.000000 0.000000 0.000000 0.000000 0.000000 0.000000 0.000000 0.000000 0.000000 0.000000 0.000000 0.000000 0.000000 0.000000 0.000000 0.000000 0.000000 0.000000 0.000000 0.000000 0.000000 0.000000 0.000000 0.000000 0.000000 0.000000 0.000000 0.000000 0.000000 0.000000 0.000000 0.000000 0.000000 0.000000 0.000000 0.000000 0.000000 0.000000 0.000000 0.000000 0.000000 0.000000 0.000000 0.000000 0.000000 0.000000 0.000000 0.000000 0.000000 0.000000 0.000000 0.000000 0.000000 0.000000 0.000000 0.000000 0.000000 0.000000 0.000000 0.000000 0.000000 0.000000 0.000000 0.000000 0.000000 0.000000 0.000000 0.000000 0.000000 0.000000 0.000000 0.000000 0.000000 0.000000 0.000000 0.000000 0.000000 0.000000 0.000000 0.000000 0.000000 0.000000 0.000000 0.000000 0.000000 0.000000 0.000000 0.000000 0.000000 0.000000 0.000000 0.000000 0.000000 0.000000 0.000000 0.000000 0.000000 0.000000 0.000000 0.000000 0.000000 0.000000 0.000000 0.000000 0.000000 0.000000 0.000000 0.000000 0.000000 0.000000 0.000000 0.000000 0.000000 0.000000 0.000000 0.000000 0.000000 0.000000 0.000000 0.000000 0.000000 0.000000 0.000000 0.000000 0.000000 0.000000 0.000000 0.000000 0.000000 0.000000 0.000000 0.000000 0.000000 0.000000 0.000000 0.000000 0.000000 0.000000 0.000000 0.000000 0.000000 0.000000 0.000000 0.000000 0.000000 0.000000 0.000000 0.000000 0.000000 0.000000 0.000000 0.000000 0.000000 0.000000 0.000000 0.000000 0.000000 0.000000 0.000000 0.000000 0.000000 0.000000 0.000000 0.000000 0.000000 0.000000 0.000000 0.000000 0.000000 0.000000 0.000000 0.000000 0.000000 0.000000 0.000000 0.000000 0.000000 0.000000 0.000000 0.000000 0.000000 0.000000 0.000000 0.000000 0.000000 0.000000 0.000000 0.000000 0.000000 0.000000 0.000000 0.000000 0.000000 0.000000 0.000000 0.000000 0.000000 0.000000 0.000000 0.000000 0.000000 0.000000 0.000000 0.000000 0.000000 0.000000 0.000000 0.000000 0.000000 0.000000 0.000000 0.000000 0.000000 0.000000 0.000000 0.000000 0.000000 0.000000 0.000000 0.000000 0.000000 0.000000 0.000000 0.000000 0.000000 0.000000 0.000000 0.000000 0.000000 0.000000 0.000000 0.000000 0.000000 0.000000 0.000000 0.000000 0.000000 0.000000 0.000000 0.000000 0.000000 0.000000 0.000000 0.000000 0.000000 0.000000 0.000000 0.000000 0.000000 0.000000 0.000000 0.000000 0.000000 0.000000 0.000000 0.000000 0.000000 0.000000 0.000000 0.000000 0.000000 0.000000 0.000000 0.000000 0.000000 0.000000 0.000000 0.000000 0.000000 0.000000 0.000000 0.000000 0.000000 0.000000 0.000000 0.000000 0.000000 0.000000 0.000000 0.000000 0.000000 0.000000 0.000000 0.000000 0.000000 0.000000 0.000000 0.000000 0.000000 0.000000 0.000000 0.000000 0.000000 0.000000 0.000000 0.000000 0.000000 0.000000 0.000000 0.000000 0.000000 0.000000 0.000000 0.000000 0.000000 0.000000 0.000000 0.000000 0.000000 0.000000 0.000000 0.000000 0.000000 0.000000 0.000000 0.000000 0.000000 0.000000 0.000000 0.000000 0.000000 0.000000 0.000000 0.000000 0.000000 0.000000 0.000000 0.000000 0.000000 0.000000 0.000000 0.000000 0.000000 0.000000 0.000000 0.000000 0.000000 0.000000 0.000000 0.000000 0.000000 0.000000 0.000000 0.000000 0.000000 0.000000 0.000000 0.000000 0.000000 0.000000 0.000000 0.000000 0.000000 0.000000 0.000000 0.000000 0.000000 0.000000 0.000000 0.000000 0.000000 0.000000 0.000000 0.000000 0.000000 0.000000 0.000000 0.000000 0.000000 0.000000 0.000000 0.000000 0.000000 0.000000 0.000000 0.000000 0.000000 0.000000 0.000000 0.000000 0.000000 0.000000 0.000000 0.000000 0.000000 0.000000 0.000000 0.000000 0.000000 0.000000 0.000000 0.000000 0.000000 0.000000 0.000000 0.000000 0.000000 0.000000 0.000000 0.000000 0.000000 0.000000 0.000000 0.000000 0.000000 0.000000 0.000000 0.000000 0.000000 0.000000 0.000000  
0.012366 0.010012 0.006614 0.005633 0.012366 0.010012 0.006614 0.005633 0.012366 0.010012 0.006614 0.005633 0.012366 0.010012 0.006614 0.005633 0.012366 0.010012 0.006614 0.005633 0.012366 0.010012 0.006614 0.005633 0.012366 0.010012 0.006614 0.005633 0.012366 0.010012 0.006614 0.005633 0.012366 0.010012 0.006614 0.005633 0.012366 0.010012 0.006614 0.005633 0.012366 0.010012 0.006614 0.005633 0.012366 0.010012 0.006614 0.005633 0.012366 0.010012 0.006614 0.005633 0.012366 0.010012 0.006614 0.005633 0.012366 0.010012 0.006614 0.005633 0.012366 0.010012 0.006614 0.005633 0.012366 0.010012 0.006614 0.005633 0.012366 0.010012 0.006614 0.005633 0.012366 0.010012 0.006614 0.005633 0.012366 0.010012 0.006614 0.005633 0.012366 0.010012 0.006614 0.005633 0.012567 0.010163 0.006702 0.005704 0.012773 0.010318 0.006791 0.005777 0.012986 0.010476 0.006882 0.005851 0.013204 0.010639 0.006974 0.005926 0.013428 0.010804 0.007069 0.006002 0.013659 0.010975 0.007165 0.006079 0.013897 0.011150 0.007262 0.006158 0.014141 0.011329 0.007363 0.006441 0.014395 0.011513 0.007465 0.006644 0.014656 0.011702 0.007569 0.006734 0.014926 0.011896 0.007675 0.006825 0.015206 0.012096 0.007784 0.006918 0.015495 0.012302 0.007894 0.007013 0.015795 0.012513 0.008007 0.007479 0.016106 0.012731 0.008203 0.007585 0.016430 0.012957 0.008664 0.007694 0.016766 0.013189 0.008793 0.007950 0.017117 0.013427 0.008927 0.008330 0.017483 0.013675 0.009323 0.008731 0.017866 0.013931 0.009681 0.009180 0.018266 0.014196 0.010115 0.010236 0.018686 0.014470 0.010615 0.011205 0.019127 0.014755 0.011340 0.011888 0.019592 0.015051 0.011993 0.012939 0.020083 0.015580 0.012842 0.014039 0.020602 0.015928 0.013773 0.015713 0.021154 0.016520 0.015215 0.016478 0.021741 0.017412 0.016750 0.017867 0.022442 0.018092 0.018785 0.018915 0.023283 0.019133 0.020507 0.020053 0.024006 0.019929 0.022380 0.021301 0.024893 0.020683 0.024251 0.022461 0.026344 0.022838 0.026787 0.024070 0.027712 0.025482 0.029540 0.025874 0.029792 0.028074 0.032192 0.028403 0.031748 0.032972 0.035877 0.031006 0.033924 0.036823 0.039216 0.033716 0.036943 0.043573 0.043810 0.036067 0.041988 0.048031 0.048107 0.038669 0.048169 0.055319 0.051872 0.043248 0.054055 0.059920 0.057516 0.045685 0.060345 0.066866 0.062262 0.049133 0.067135 0.073866 0.066714 0.053426 0.074131 0.082711 0.072122 0.059342 0.085989 0.089556 0.076306 0.063832 0.092421 0.097894 0.081288 0.068452 0.099337 0.105740 0.085874 0.071833 0.107331 0.112333 0.093005 0.078478 0.113567 0.120165 0.098597 0.081418 0.122580 0.126149 0.104980 0.084700 0.128715 0.131737 0.109417 0.091165 0.137061 0.139566 0.117652 0.094512 0.144276 0.145367 0.120278 0.104893 0.148035 0.154731 0.125607 0.111453 0.158493 0.159672 0.136593 0.118721 0.165822 0.163224 0.138955 0.121796 0.169604 0.167301 0.142237 0.124851 0.178279 0.175177 0.149166 0.133466 0.185053 0.183565 0.157891 0.139497 0.189453 0.186420 0.160360 0.141840 0.193362 0.189516 0.162973 0.146475 0.198055 0.196756 0.171118 0.158289 0.206990 0.205351 0.179444 0.161542 0.213618 0.210322 0.184216 0.163597 0.217816 0.213913 0.186294 0.167745 0.221795 0.217226 0.189443 0.177781 0.226246 0.221755 0.199980 0.186474 0.231797 0.227350 0.210279 0.187924 0.238861 0.234130 0.213905 0.191247 0.244958 0.241841 0.215946 0.198058 0.250543 0.245895 0.217930 0.213050 0.256038 0.250152 0.221170 0.217217 0.261908 0.254426 0.226490 0.218097 0.267428 0.259617 0.237596 0.220265 0.274547 0.268394 0.245695 0.223911 0.281836 0.276914 0.248379 0.230126 0.286544 0.281084 0.250141 0.246794 0.291813 0.283745 0.252500 0.249961 0.297859 0.288008 0.257133 0.251653 0.307564 0.294286 0.269135 0.252812 0.315614 0.304966 0.278765 0.256335 0.320189 0.310763 0.282128 0.264035 0.325410 0.315117 0.285709 0.276795 0.332171 0.321092 0.289797 0.284157 0.341031 0.333437 0.302949 0.285591 0.349192 0.341881 0.313015 0.286862 0.355059 0.347576 0.315848 0.290311 0.361791 0.351711 0.317898 0.298416 0.372856 0.357933 0.323735 0.312413 0.381759 0.370827 0.335394 0.319988 0.391735 0.378511 0.346761 0.320187 0.400985 0.382813 0.349451 0.322799 0.407980 0.389976 0.353336 0.330023 0.412980 0.404391 0.359804 0.349898 0.417980 0.412797 0.372498 0.350643 0.422980 0.419079 0.382947 0.362728 0.427980 0.433167 0.385618 0.378774 0.432980 0.439200 0.393469 0.381655 0.437980 0.445524 0.411556 0.383813 0.442980 0.458084 0.417608 0.392459 0.447980 0.473325 0.422337 0.410889 0.452980 0.478325 0.444713 0.414208 0.457980 0.483325 0.452537 0.433037 0.462980 0.488325 0.461678 0.446541 0.467980 0.493325 0.488357 0.453588 0.472980 0.498325 0.487510 0.463889 0.477980 0.503325 0.492503 0.473949 0.482980 0.508325 0.517832 0.486238 0.487980 0.513325 0.536305 0.496724 0.492980 0.518325 0.541305 0.501724 0.497980 0.523325 0.546305 0.506724 0.502980 0.528325 0.551305 0.511724 0.507980 0.533325 0.556305 0.516724 0.512980 0.538325 0.561305 0.521724 0.517980 0.543325 0.566305 0.526724 0.522980 0.548325 0.571305 0.531724 0.527980 0.553325 0.576305 0.536724 0.532980 0.558325 0.581305 0.541724 0.537980 0.563325 0.586305 0.546724 0.542980 0.568325 0.591305 0.551724 0.547980 0.573325 0.596305 0.556724 0.552980 0.578325 0.601305 0.561724 0.557980 0.583325 0.606305 0.566724 0.562980 0.588325 0.611305 0.571724 0.567980 0.593325 0.616305 0.576724 0.572980 0.598325 0.621305 0.581724 0.577980 0.603325 0.626305 0.586724 0.582980 0.608325 0.631305 0.591724 0.587980 0.613325 0.636305 0.596724 0.592980 0.618325 0.641305 0.601724 0.597980 0.623325 0.646305 0.606724 0.602980 0.628325 0.651305 0.611724 0.607980 0.633325 0.656305 0.616724 0.612980 0.638325 0.661305 0.621724 0.617980 0.643325 0.666305 0.626724 0.622980 0.648325 0.671305 0.631724 0.627980 0.653325 0.676305 0.636724 0.632980 0.658325 0.681305 0.641724 0.637980 0.663325 0.686305 0.646724 0.642980 0.668325 0.691305 0.651724 0.647980 0.673325 0.696305 0.656724 0.652980 0.678325 0.701305 0.661724 0.657980 0.683325 0.706305 0.666724 0.662980 0.688325 0.711305 0.671724 0.667980 0.693325 0.716305 0.676724 0.672980 0.698325 0.721305 0.681724 0.677980 0.703325 0.726305 0.686724 0.682980 0.708325 0.731305 0.691724 0.687980 0.713325 0.736305 0.696724 0.692980 0.718325 0.741305 0.701724 0.697980 0.723325 0.746305 0.706724 0.702980 0.728325 0.751305 0.711724 0.707980 0.733325 0.756305 0.716724 0.712980 0.738325 0.761305 0.721724 0.717980 0.743325 0.766305 0.726724 0.722980 0.748325 0.771305 0.731724 0.727980 0.753325 0.776305 0.736724 0.732980 0.758325 0.781305 0.741724 0.737980 0.763325 0.786305 0.746724 0.742980 0.768325 0.791305 0.751724  
0.012366 0.010012 0.006614 0.005633 0.012366 0.010012 0.006614 0.005633 0.012366 0.010012 0.006614 0.005633 0.012366 0.010012 0.006614 0.005633 0.012366 0.010012 0.006614 0.005633 0.012366 0.010012 0.006614 0.005633 0.012366 0.010012 0.006614 0.005633 0.012366 0.010012 0.006614 0.005633 0.012366 0.010012 0.006614 0.005633 0.012366 0.010012 0.006614 0.005633 0.012366 0.010012 0.006614 0.005633 0.012366 0.010012 0.006614 0.005633 0.012366 0.010012 0.006614 0.005633 0.012366 0.010012 0.006614 0.005633 0.012366 0.010012 0.006614 0.005633 0.012366 0.010012 0.006614 0.005633 0.012366 0.010012 0.006614 0.005633 0.012366 0.010012 0.006614 0.005633 0.012366 0.010012 0.006614 0.005633 0.012366 0.010012 0.006614 0.005633 0.012366 0.010012 0.006614 0.005633 0.012567 0.010163 0.006702 0.005704 0.012773 0.010318 0.006791 0.005777 0.012986 0.010476 0.006882 0.005851 0.013204 0.010639 0.006974 0.005926 0.013428 0.010804 0.007069 0.006002 0.013659 0.010975 0.007165 0.006079 0.013897 0.011150 0.007262 0.006158 0.014141 0.011329 0.007363 0.006441 0.014395 0.011513 0.007465 0.006644 0.014656 0.011702 0.007569 0.006734 0.014926 0.011896 0.007675 0.006825 0.015206 0.012096 0.007784 0.006918 0.015495 0.012302 0.007894 0.007013 0.015795 0.012513 0.008007 0.007479 0.016106 0.012731 0.008203 0.007585 0.016430 0.012957 0.008664 0.007694 0.016766 0.013189 0.008793 0.007950 0.017117 0.013427 0.008927 0.008330 0.017483 0.013675 0.009323 0.008731 0.017866 0.013931 0.009681 0.009180 0.018266 0.014196 0.010115 0.010236 0.018686 0.014470 0.010615 0.011205 0.019127 0.014755 0.011340 0.011888 0.019592 0.015051 0.011993 0.012939 0.020083 0.015580 0.012842 0.014039 0.020602 0.015928 0.013773 0.015713 0.021154 0.016520 0.015215 0.016478 0.021741 0.017412 0.016750 0.017867 0.022442 0.018092 0.018785 0.018915 0.023283 0.019133 0.020507 0.020053 0.024006 0.019929 0.022380 0.021301 0.024893 0.020683 0.024251 0.022461 0.026344 0.022838 0.026787 0.024070 0.027712 0.025482 0.029540 0.025874 0.029792 0.028074 0.032192 0.028403 0.031748 0.032972 0.035877 0.031006 0.033924 0.036823 0.039216 0.033716 0.036943 0.043573 0.043810 0.036067 0.041988 0.048031 0.048107 0.038669 0.048169 0.055319 0.051872 0.043248 0.054055 0.059920 0.057516 0.045685 0.060345 0.066866 0.062262 0.049133 0.067135 0.073866 0.066714 0.053426 0.074131 0.082711 0.072122 0.059342 0.085989 0.089556 0.076306 0.063832 0.092421 0.097894 0.081288 0.068452 0.099337 0.105740 0.085874 0.071833 0.107331 0.112333 0.093005 0.078478 0.113567 0.120165 0.098597 0.081418 0.122580 0.126149 0.104980 0.084700 0.128715 0.131737 0.109417 0.091165 0.137061 0.139566 0.117652 0.094512 0.144276 0.145367 0.120278 0.104893 0.148035 0.154731 0.125607 0.111453 0.158493 0.159672 0.136593 0.118721 0.165822 0.163224 0.138955 0.121796 0.169604 0.167301 0.142237 0.124851 0.178279 0.175177 0.149166 0.133466 0.185053 0.183565 0.157891 0.139497 0.189453 0.186420 0.160360 0.141840 0.193362 0.189516 0.162973 0.146475 0.198055 0.196756 0.171118 0.158289 0.206990 0.205351 0.179444 0.161542 0.213618 0.210322 0.184216 0.163597 0.217816 0.213913 0.186294 0.167745 0.221795 0.217226 0.189443 0.177781 0.226246 0.221755 0.199980 0.186474 0.231797 0.227350 0.210279 0.187924 0.238861 0.234130 0.213905 0.191247 0.244958 0.241841 0.215946 0.198058 0.250543 0.245895 0.217930 0.213050 0.256038 0.250152 0.221170 0.217217 0.261908 0.254426 0.226490 0.218097 0.267428 0.259617 0.237596 0.220265 0.274547 0.268394 0.245695 0.223911 0.281836 0.276914 0.248379 0.230126 0.286544 0.281084 0.250141 0.246794 0.291813 0.283745 0.252500 0.249961 0.297859 0.288008 0.257133 0.251653 0.307564 0.294286 0.269135 0.252812 0.315614 0.304966 0.278765 0.256335 0.320189 0.310763 0.282128 0.264035 0.325410 0.315117 0.285709 0.276795 0.332171 0.321092 0.289797 0.284157 0.341031 0.333437 0.302949 0.285591 0.349192 0.341881 0.313015 0.286862 0.355059 0.347576 0.315848 0.290311 0.361791 0.351711 0.317898 0.298416 0.372856 0.357933 0.323735 0.312413 0.381759 0.370827 0.335394 0.319988 0.391735 0.378511 0.346761 0.320187 0.400985 0.382813 0.349451 0.322799 0.407980 0.389976 0.353336 0.330023 0.412980 0.404391 0.359804 0.349898 0.417980 0.412797 0.372498 0.350643 0.422980 0.419079 0.382947 0.362728 0.427980 0.433167 0.385618 0.378774 0.432980 0.439200 0.393469 0.381655 0.437980 0.445524 0.411556 0.383813 0.442980 0.458084 0.417608 0.392459 0.447980 0.473325 0.422337 0.410889 0.452980 0.478325 0.444713 0.414208 0.457980 0.483325 0.452537 0.433037 0.462980 0.488325 0.461678 0.446541 0.467980 0.493325 0.488357 0.453588 0.472980 0.498325 0.487510 0.463889 0.477980 0.503325 0.492503 0.473949 0.482980 0.508325 0.517832 0.486238 0.487980 0.513325 0.536305 0.496724 0.492980 0.518325 0.541305 0.501724 0.497980 0.523325 0.546305 0.506724 0.502980 0.528325 0.551305 0.511724 0.507980 0.533325 0.556305 0.516724 0.512980 0.538325 0.561305 0.521724 0.517980 0.543325 0.566305 0.526724 0.522980 0.548325 0.571305 0.531724 0.527980 0.553325 0.576305 0.536724 0.532980 0.558325 0.581305 0.541724 0.537980 0.563325 0.586305 0.546724 0.542980 0.568325 0.591305 0.551724 0.547980 0.573325 0.596305 0.556724 0.552980 0.578325 0.601305 0.561724 0.557980 0.583325 0.606305 0.566724 0.562980 0.588325 0.611305 0.571724 0.567980 0.593325 0.616305 0.576724 0.572980 0.598325 0.621305 0.581724 0.577980 0.603325 0.626305 0.586724 0.582980 0.608325 0.631305 0.591724 0.587980 0.613325 0.636305 0.596724 0.592980 0.618325 0.641305 0.601724 0.597980 0.623325 0.646305 0.606724 0.602980 0.628325 0.651305 0.611724 0.607980 0.633325 0.656305 0.616724 0.612980 0.638325 0.661305 0.621724 0.617980 0.643325 0.666305 0.626724 0.622980 0.648325 0.671305 0.631724 0.627980 0.653325 0.676305 0.636724 0.632980 0.658325 0.681305 0.641724 0.637980 0.663325 0.686305 0.646724 0.642980 0.668325 0.691305 0.651724 0.647980 0.673325 0.696305 0.656724 0.652980 0.678325 0.701305 0.661724 0.657980 0.683325 0.706305 0.666724 0.662980 0.688325 0.711305 0.671724 0.667980 0.693325 0.716305 0.676724 0.672980 0.698325 0.721305 0.681724 0.677980 0.703325 0.726305 0.686724 0.682980 0.708325 0.731305 0.691724 0.687980 0.713325 0.736305 0.696724 0.692980 0.718325 0.741305 0.701724 0.697980 0.723325 0.746305 0.706724 0.702980 0.728325 0.751305 0.711724 0.707980 0.733325 0.756305 0.716724 0.712980 0.738325 0.761305 0.721724 0.717980 0.743325 0.766305 0.726724 0.722980 0.748325 0.771305 0.731724 0.727980 0.753325 0.776305 0.736724 0.732980 0.758325 0.781305 0.741724 0.737980 0.763325 0.786305 0.746724 0.742980 0.768325 0.791305 0.751724  
0.000010 0.000010 0.000010 0.000010 0.000010 0.000010 0.000010 0.000010 0.000010 0.000010 0.000010 0.000010 0.000010 0.000010 0.000010 0.000010 0.000010 0.000010 0.000010 0.000010 0.000010 0.000010 0.000010 0.000010 0.000010 0.000010 0.000010 0.000010 0.000010 0.000010 0.000010 0.000010 0.000010 0.000010 0.000010 0.000010 0.000010 0.000010 0.000010 0.000010 0.000010 0.000010 0.000010 0.000010 0.000010 0.000010 0.000010 0.000010 0.000010 0.000010 0.000010 0.000010 0.000010 0.000010 0.000010 0.000010 0.000010 0.000010 0.000010 0.000010 0.000010 0.000010 0.000010 0.000010 0.000010 0.000010 0.000010 0.000010 0.000010 0.000010 0.000010 0.000010 0.000010 0.000010 0.000010 0.000010 0.000010 0.000010 0.000010 0.000010 0.000010 0.000010 0.000010 0.000010 0.000010 0.000010 0.000010 0.000010 0.000010 0.000010 0.000010 0.000010 0.000010 0.000010 0.000010 0.000010 0.000010 0.000010 0.000010 0.000010 0.000010 0.000010 0.000010 0.000010 0.000010 0.000010 0.000010 0.000010 0.000010 0.000010 0.000010 0.000010 0.000010 0.000010 0.000010 0.000010 0.000010 0.000010 0.000010 0.000010 0.000010 0.000010 0.000010 0.000010 0.000010 0.000010 0.000010 0.000010 0.000010 0.000010 0.000010 0.000010 0.000010 0.000010 0.000010 0.000010 0.000010 0.000010 0.000010 0.000010 0.000010 0.000010 0.000010 0.000010 0.000010 0.000010 0.000010 0.000010 0.000010 0.000010 0.000010 0.000010 0.000010 0.000010 0.000010 0.000010 0.000010 0.000010 0.000010 0.000010 0.000010 0.000010 0.000010 0.000010 0.000010 0.000010 0.000010 0.000010 0.000010 0.000010 0.000010 0.000010 0.000010 0.000010 0.000010 0.000010 0.000010 0.000010 0.000010 0.000010 0.000010 0.000010 0.000010 0.000010 0.000010 0.000010 0.000010 0.000010 0.000010 0.000010 0.000010 0.000010 0.000010 0.000010 0.000010 0.000010 0.000010 0.000010 0.000010 0.000010 0.000010 0.000010 0.000010 0.000010 0.000010 0.000010 0.000010 0.000010 0.000010 0.000010 0.000010 0.000010 0.000010 0.000010 0.000010 0.000010 0.000010 0.000010 0.000010 0.000010 0.000010 0.000010 0.000010 0.000010 0.000010 0.000010 0.000010 0.000010 0.000010 0.000010 0.000010 0.000010 0.000010 0.000010 0.000010 0.000010 0.000010 0.000010 0.000010 0.000010 0.000010 0.000010 0.000010 0.000010 0.000010 0.000010 0.000010 0.000010 0.000010 0.000010 0.000010 0.000010 0.000010 0.000010 0.000010 0.000010 0.000010 0.000010 0.000010 0.000010 0.000010 0.000010 0.000010 0.000010 0.000010 0.000010 0.000010 0.000010 0.000010 0.000010 0.000010 0.000010 0.000010 0.000010 0.000010 0.000010 0.000010 0.000010 0.000010 0.000010 0.000010 0.000010 0.000010 0.000010 0.000010 0.000010 0.000010 0.000010 0.000010 0.000010 0.000010 0.000010 0.000010 0.000010 0.000010 0.000010 0.000010 0.000010 0.000010 0.000010 0.000010 0.000010 0.000010 0.000010 0.000010 0.000010 0.000010 0.000010 0.000010 0.000010 0.000010 0.000010 0.000010 0.000010 0.000010 0.000010 0.000010 0.000010 0.000010 0.000010 0.000010 0.000010 0.000010 0.000010 0.000010 0.000010 0.000010 0.000010 0.000010 0.000010 0.000010 0.000010 0.000010 0.000010 0.000010 0.000010 0.000010 0.000010 0.000010 0.000010 0.000010 0.000010 0.000010 0.000010 0.000010 0.000010 0.000010 0.000010 0.000010 0.000010 0.000010 0.000010 0.000010 0.000010 0.000010 0.000010 0.000010 0.000010 0.000010 0.000010 0.000010 0.000010 0.000010 0.000010 0.000010 0.000010 0.000010 0.000010 0.000010 0.000010 0.000010 0.000010 0.000010 0.000010 0.000010 0.000010 0.000010 0.000010 0.000010 0.000010 0.000010 0.000010 0.000010 0.000010 0.000010 0.000010 0.000010 0.000010 0.000010 0.000010 0.000010 0.000010 0.000010 0.000010 0.000010 0.000010 0.000010 0.000010 0.000010 0.000010 0.000010 0.000010 0.000010 0.000010 0.000010 0.000010 0.000010 0.000010 0.000010 0.000010 0.000010 0.000010 0.000010 0.000010 0.000010 0.000010 0.000010 0.000010 0.000010 0.000010 0.000010 0.000010 0.000010 0.000010 0.000010 0.000010 0.000010 0.000010 0.000010 0.000010 0.000010 0.000010 0.000010 0.000010 0.000010 0.000010 0.000010 0.000010 0.000010 0.000010 0.000010 0.000010 0.000010 0.000010 0.000010 0.000010 0.000010 0.000010 0.000010 0.000010 0.000010 0.000010 0.000010 0.000010 0.000010 0.000010 0.000010 0.000010 0.000010 0.000010 0.000010 0.000010 0.000010 0.000010 0.000010 0.000010 0.000010 0.000010 0.000010 0.000010 0.000010 0.000010 0.000010 0.000010 0.000010 0.000010 0.000010 0.000010 0.000010 0.000010 0.000010 0.000010 0.000010 0.000010 0.000010 0.000010 0.000010 0.000010 0.000010 0.000010 0.000010 0.000010 0.000010 0.000010 0.000010 0.000010 0.000010 0.000010 0.000010 0.000010 0.000010 0.000010 0.000010 0.000010 0.000010 0.000010 0.000010 0.000010 0.000010 0.000010 0.000010 0.000010 0.000010 0.000010 0.000010 0.000010 0.000010 0.000010 0.000010 0.000010 0.000010 0.000010 0.000010 0.000010 0.000010 0.000010 0.000010 0.000010 0.000010 0.000010 0.000010 0.000010 0.000010 0.000010 0.000010 0.000010 0.000010 0.000010 0.000010 0.000010 0.000010 0.000010 0.000010 0.000010 0.000010 0.000010 0.000010 0.000010 0.000010 0.000010 0.000010 0.000010 0.000010 0.000010 0.000010 0.000010 0.000010 0.000010 0.000010 0.000010 0.000010 0.000010 0.000010 0.000010 0.000010 0.000010 0.000010 0.000010 0.000010 0.000010 0.000010 0.000010 0.000010 0.000010 0.000010 0.000010 0.000010 0.000010 0.000010 0.000010 0.000010 0.000010 0.000010 0.000010 0.000010 0.000010 0.000010 0.000010 0.000010 0.000010 0.000010 0.000010 0.000010 0.000010 0.000010 0.000010 0.000010 0.000010 0.000010 0.000010 0.000010 0.000010 0.000010 0.000010 0.000010 0.000010 0.000010 0.000010 0.000010 0.000010 0.000010 0.000010 0.000010 0.000010 0.000010 0.000010 0.000010 0.000010 0.000010 0.000010 0.000010 0.000010 0.000010 0.000010 0.000010 0.000010 0.000010 0.000010 0.000010 0.000010 0.000010 0.000010 0.000010 0.000010 0.000010 0.000010 0.000010 0.000010 0.000010 0.000010 0.000010 0.000010 0.000010 0.000010 0.000010 0.000010 0.000010 0.000010 0.000010 0.000010 0.000010 0.000010 0.000010 0.000010 0.000010 0.000010 0.000010 0.000010 0.000010 0.000010 0.000010 0.000010 0.000010 0.000010 0.000010 0.000010 0.000010 0.000010 0.000010 0.000010 0.000010 0.000010 0.000010 0.000010 0.000010 0.000010 0.000010 0.000010 0.000010 0.000010 0.000010 0.000010 0.000010 0.000010 0.000010 0.000010 0.000010 0.000010 0.000010 0.000010 0.000010 0.000010 0.000010 0.000010 0.000010 0.000010 0.000010 0.000010 0.000010 0.000010 0.000010 0.000010 0.000010 0.000010 0.000010 0.000010 0.000010 0.000010 0.000010 0.000010 0.000010 0.000010 0.000010 0.000010 0.000010 0.000010 0.000010 0.000010 0.000010 0.000010 0.000010 0.000010 0.000010 0.000010  
0.000000 0.000000 0.000000 0.000000 0.000000 0.000000 0.000000 0.000000 0.000000 0.000000 0.000000 0.000000 0.000000 0.000000 0.000000 0.000000 0.000000 0.000000 0.000000 0.000000 0.000000 0.000000 0.000000 0.000000 0.000000 0.000000 0.000000 0.000000 0.000000 0.000000 0.000000 0.000000 0.000000 0.000000 0.000000 0.000000 0.000000 0.000000 0.000000 0.000000 0.000000 0.000000 0.000000 0.000000 0.000000 0.000000 0.000000 0.000000 0.000000 0.000000 0.000000 0.000000 0.000000 0.000000 0.000000 0.000000 0.000000 0.000000 0.000000 0.000000 0.000000 0.000000 0.000000 0.000000 0.000000 0.000000 0.000000 0.000000 0.000000 0.000000 0.000000 0.000000 0.000000 0.000000 0.000000 0.000000 0.000000 0.000000 0.000000 0.000000 0.000000 0.000000 0.000000 0.000000 0.000000 0.000000 0.000000 0.000000 0.000000 0.000000 0.000000 0.000000 0.000000 0.000000 0.000000 0.000000 0.000000 0.000000 0.000000 0.000000 0.000000 0.000000 0.000000 0.000000 0.000000 0.000000 0.000000 0.000000 0.000000 0.000000 0.000000 0.000000 0.000000 0.000000 0.000000 0.000000 0.000000 0.000000 0.000000 0.000000 0.000000 0.000000 0.000000 0.000000 0.000000 0.000000 0.000000 0.000000 0.000000 0.000000 0.000000 0.000000 0.000000 0.000000 0.000000 0.000000 0.000000 0.000000 0.000000 0.000000 0.000000 0.000000 0.000000 0.000000 0.000000 0.000000 0.000000 0.000000 0.000000 0.000000 0.000000 0.000000 0.000000 0.000000 0.000000 0.000000 0.000000 0.000000 0.000000 0.000000 0.000000 0.000000 0.000000 0.000000 0.000000 0.000000 0.000000 0.000000 0.000000 0.000000 0.000000 0.000000 0.000000 0.000000 0.000000 0.000000 0.000000 0.000000 0.000000 0.000000 0.000000 0.000000 0.000000 0.000000 0.000000 0.000000 0.000000 0.000000 0.000000 0.000000 0.000000 0.000000 0.000000 0.000000 0.000000 0.000000 0.000000 0.000000 0.000000 0.000000 0.000000 0.000000 0.000000 0.000000 0.000000 0.000000 0.000000 0.000000 0.000000 0.000000 0.000000 0.000000 0.000000 0.000000 0.000000 0.000000 0.000000 0.000000 0.000000 0.000000 0.000000 0.000000 0.000000 0.000000 0.000000 0.000000 0.000000 0.000000 0.000000 0.000000 0.000000 0.000000 0.000000 0.000000 0.000000 0.000000 0.000000 0.000000 0.000000 0.000000 0.000000 0.000000 0.000000 0.000000 0.000000 0.000000 0.000000 0.000000 0.000000 0.000000 0.000000 0.000000 0.000000 0.000000 0.000000 0.000000 0.000000 0.000000 0.000000 0.000000 0.000000 0.000000 0.000000 0.000000 0.000000 0.000000 0.000000 0.000000 0.000000 0.000000 0.000000 0.000000 0.000000 0.000000 0.000000 0.000000 0.000000 0.000000 0.000000 0.000000 0.000000 0.000000 0.000000 0.000000 0.000000 0.000000 0.000000 0.000000 0.000000 0.000000 0.000000 0.000000 0.000000 0.000000 0.000000 0.000000 0.000000 0.000000 0.000000 0.000000 0.000000 0.000000 0.000000 0.000000 0.000000 0.000000 0.000000 0.000000 0.000000 0.000000 0.000000 0.000000 0.000000 0.000000 0.000000 0.000000 0.000000 0.000000 0.000000 0.000000 0.000000 0.000000 0.000000 0.000000 0.000000 0.000000 0.000000 0.000000 0.000000 0.000000 0.000000 0.000000 0.000000 0.000000 0.000000 0.000000 0.000000 0.000000 0.000000 0.000000 0.000000 0.000000 0.000000 0.000000 0.000000 0.000000 0.000000 0.000000 0.000000 0.000000 0.000000 0.000000 0.000000 0.000000 0.000000 0.000000 0.000000 0.000000 0.000000 0.000000 0.000000 0.000000 0.000000 0.000000 0.000000 0.000000 0.000000 0.000000 0.000000 0.000000 0.000000 0.000000 0.000000 0.000000 0.000000 0.000000 0.000000 0.000000 0.000000 0.000000 0.000000 0.000000 0.000000 0.000000 0.000000 0.000000 0.000000 0.000000 0.000000 0.000000 0.000000 0.000000 0.000000 0.000000 0.000000 0.000000 0.000000 0.000000 0.000000 0.000000 0.000000 0.000000 0.000000 0.000000 0.000000 0.000000 0.000000 0.000000 0.000000 0.000000 0.000000 0.000000 0.000000 0.000000 0.000000 0.000000 0.000000 0.000000 0.000000 0.000000 0.000000 0.000000 0.000000 0.000000 0.000000 0.000000 0.000000 0.000000 0.000000 0.000000 0.000000 0.000000 0.000000 0.000000 0.000000 0.000000 0.000000 0.000000 0.000000 0.000000 0.000000 0.000000 0.000000 0.000000 0.000000 0.000000 0.000000 0.000000 0.000000 0.000000 0.000000 0.000000 0.000000 0.000000 0.000000 0.000000 0.000000 0.000000 0.000000 0.000000 0.000000 0.000000 0.000000 0.000000 0.000000 0.000000 0.000000 0.000000 0.000000 0.000000 0.000000 0.000000 0.000000 0.000000 0.000000 0.000000 0.000000 0.000000 0.000000 0.000000 0.000000 0.000000 0.000000 0.000000 0.000000 0.000000 0.000000 0.000000 0.000000 0.000000 0.000000 0.000000 0.000000 0.000000 0.000000 0.000000 0.000000 0.000000 0.000000 0.000000 0.000000 0.000000 0.000000 0.000000 0.000000 0.000000 0.000000 0.000000 0.000000 0.000000 0.000000 0.000000 0.000000 0.000000 0.000000 0.000000 0.000000 0.000000 0.000000 0.000000 0.000000 0.000000 0.000000 0.000000 0.000000 0.000000 0.000000 0.000000 0.000000 0.000000 0.000000 0.000000 0.000000 0.000000 0.000000 0.000000 0.000000 0.000000 0.000000 0.000000 0.000000 0.000000 0.000000 0.000000 0.000000 0.000000 0.000000 0.000000 0.000000 0.000000 0.000000 0.000000 0.000000 0.000000 0.000000 0.000000 0.000000 0.000000 0.000000 0.000000 0.000000 0.000000 0.000000 0.000000 0.000000 0.000000 0.000000 0.000000 0.000000 0.000000 0.000000 0.000000 0.000000 0.000000 0.000000 0.000000 0.000000 0.000000 0.000000 0.000000 0.000000 0.000000 0.000000 0.000000 0.000000 0.000000 0.000000 0.000000 0.000000 0.000000 0.000000 0.000000 0.000000 0.000000 0.000000 0.000000 0.000000 0.000000 0.000000 0.000000 0.000000 0.000000 0.000000 0.000000 0.000000 0.000000 0.000000 0.000000 0.000000 0.000000 0.000000 0.000000 0.000000 0.000000 0.000000 0.000000 0.000000 0.000000 0.000000 0.000000 0.000000 0.000000 0.000000 0.000000 0.000000 0.000000 0.000000 0.000000 0.000000 0.000000 0.000000 0.000000 0.000000 0.000000 0.000000 0.000000 0.000000 0.000000 0.000000 0.000000 0.000000 0.000000 0.000000 0.000000 0.000000 0.000000 0.000000 0.000000 0.000000 0.000000 0.000000 0.000000 0.000000 0.000000 0.000000 0.000000 0.000000 0.000000 0.000000 0.000000 0.000000 0.000000 0.000000 0.000000 0.000000 0.000000 0.000000 0.000000 0.000000 0.000000 0.000000 0.000000 0.000000 0.000000 0.000000 0.000000 0.000000 0.000000 0.000000 0.000000 0.000000 0.000000 0.000000 0.000000 0.000000 0.000000 0.000000 0.000000 0.000000 0.000000 0.000000 0.000000 0.000000 0.000000 0.000000 0.000000 0.000000 0.000000 0.000000 0.000000 0.000000 0.000000 0.000000 0.000000 0.000000 0.000000 0.000000 0.000000 0.000000 0.000000 0.000000 0.000000 0.000000 0.000000 0.000000 0.000000 0.000000 0.000000 0.000000 0.000000 0.000000 0.000000 0.000000 0.000000 