Reynolds number List -  Side 
4 
      500000.0 
     1000000.0 
     5000000.0 
    10000000.0 
Angle of Attack List -  Downwards 
181 
-5.00 
 -4.75 
 -4.50 
 -4.25 
 -4.00 
 -3.75 
 -3.50 
 -3.25 
 -3.00 
 -2.75 
 -2.50 
 -2.25 
 -2.00 
 -1.75 
 -1.50 
 -1.25 
 -1.00 
 -0.75 
 -0.50 
 -0.25 
 0.00 
 0.25 
 0.50 
 0.75 
 1.00 
 1.25 
 1.50 
 1.75 
 2.00 
 2.25 
 2.50 
 2.75 
 3.00 
 3.25 
 3.50 
 3.75 
 4.00 
 4.25 
 4.50 
 4.75 
 5.00 
 5.25 
 5.50 
 5.75 
 6.00 
 6.25 
 6.50 
 6.75 
 7.00 
 7.25 
 7.50 
 7.75 
 8.00 
 8.25 
 8.50 
 8.75 
 9.00 
 9.25 
 9.50 
 9.75 
 10.00 
 10.25 
 10.50 
 10.75 
 11.00 
 11.25 
 11.50 
 11.75 
 12.00 
 12.25 
 12.50 
 12.75 
 13.00 
 13.25 
 13.50 
 13.75 
 14.00 
 14.25 
 14.50 
 14.75 
 15.00 
 15.25 
 15.50 
 15.75 
 16.00 
 16.25 
 16.50 
 16.75 
 17.00 
 17.25 
 17.50 
 17.75 
 18.00 
 18.25 
 18.50 
 18.75 
 19.00 
 19.25 
 19.50 
 19.75 
 20.00 
 20.25 
 20.50 
 20.75 
 21.00 
 21.25 
 21.50 
 21.75 
 22.00 
 22.25 
 22.50 
 22.75 
 23.00 
 23.25 
 23.50 
 23.75 
 24.00 
 24.25 
 24.50 
 24.75 
 25.00 
 25.25 
 25.50 
 25.75 
 26.00 
 26.25 
 26.50 
 26.75 
 27.00 
 27.25 
 27.50 
 27.75 
 28.00 
 28.25 
 28.50 
 28.75 
 29.00 
 29.25 
 29.50 
 29.75 
 30.00 
 30.25 
 30.50 
 30.75 
 31.00 
 31.25 
 31.50 
 31.75 
 32.00 
 32.25 
 32.50 
 32.75 
 33.00 
 33.25 
 33.50 
 33.75 
 34.00 
 34.25 
 34.50 
 34.75 
 35.00 
 35.25 
 35.50 
 35.75 
 36.00 
 36.25 
 36.50 
 36.75 
 37.00 
 37.25 
 37.50 
 37.75 
 38.00 
 38.25 
 38.50 
 38.75 
 39.00 
 39.25 
 39.50 
 39.75 
 40.00 
  Pressure BL Thick 
 Pressure Disp Thick 
Pressure Cf  
Suction BL Thick  
Suction Disp Thick  
Cf Suction  
0.004226 0.003404 0.002223 0.001959 0.004226 0.003404 0.002223 0.001959 0.004226 0.003404 0.002223 0.001959 0.004226 0.003404 0.002223 0.001959 0.004226 0.003404 0.002223 0.001959 0.004226 0.003404 0.002223 0.001959 0.004226 0.003404 0.002223 0.001959 0.004226 0.003404 0.002223 0.001959 0.004226 0.003404 0.002223 0.001959 0.004226 0.003404 0.002223 0.001959 0.004226 0.003404 0.002223 0.001959 0.004226 0.003404 0.002223 0.001959 0.004226 0.003404 0.002223 0.001959 0.004226 0.003404 0.002223 0.001959 0.004226 0.003404 0.002223 0.001959 0.004226 0.003404 0.002223 0.001959 0.004226 0.003404 0.002223 0.001959 0.004226 0.003404 0.002223 0.001959 0.004226 0.003404 0.002223 0.001959 0.004226 0.003404 0.002223 0.001959 0.004226 0.003404 0.002223 0.001959 0.004134 0.003339 0.002189 0.001930 0.004046 0.003276 0.002154 0.001901 0.003960 0.003215 0.002121 0.001874 0.003876 0.003155 0.002088 0.001847 0.003796 0.003096 0.002056 0.001820 0.003717 0.003039 0.002025 0.001793 0.003642 0.002984 0.001994 0.001767 0.003567 0.002929 0.001964 0.001738 0.003494 0.002876 0.001934 0.001708 0.003424 0.002824 0.001905 0.001683 0.003356 0.002773 0.001876 0.001658 0.003289 0.002724 0.001848 0.001634 0.003224 0.002675 0.001821 0.001611 0.003160 0.002627 0.001793 0.001579 0.003098 0.002581 0.001765 0.001556 0.003037 0.002535 0.001730 0.001533 0.002977 0.002491 0.001704 0.001506 0.002919 0.002447 0.001678 0.001480 0.002861 0.002404 0.001646 0.001456 0.002806 0.002362 0.001618 0.001424 0.002751 0.002320 0.001586 0.001388 0.002696 0.002279 0.001558 0.001351 0.002643 0.002239 0.001525 0.001324 0.002591 0.002200 0.001493 0.001290 0.002540 0.002153 0.001453 0.001260 0.002489 0.002114 0.001418 0.001225 0.002439 0.002068 0.001379 0.001201 0.002390 0.002024 0.001341 0.001170 0.002339 0.001978 0.001300 0.001145 0.002286 0.001935 0.001263 0.001119 0.002239 0.001890 0.001227 0.001093 0.002188 0.001852 0.001188 0.001070 0.002128 0.001788 0.001149 0.001042 0.002073 0.001716 0.001114 0.001003 0.002008 0.001658 0.001083 0.000954 0.001953 0.001587 0.001052 0.000927 0.001889 0.001539 0.001026 0.000905 0.001814 0.001481 0.000998 0.000885 0.001756 0.001445 0.000977 0.000865 0.001675 0.001400 0.000957 0.000844 0.001621 0.001352 0.000936 0.000826 0.001575 0.001284 0.000915 0.000810 0.001533 0.001251 0.000895 0.000794 0.001491 0.001221 0.000874 0.000770 0.001449 0.001202 0.000842 0.000744 0.001415 0.001177 0.000810 0.000730 0.001382 0.001149 0.000796 0.000700 0.001351 0.001128 0.000779 0.000691 0.001324 0.001104 0.000764 0.000674 0.001295 0.001079 0.000753 0.000662 0.001259 0.001058 0.000737 0.000651 0.001235 0.001027 0.000730 0.000637 0.001214 0.001008 0.000702 0.000615 0.001192 0.000999 0.000688 0.000603 0.001158 0.000978 0.000680 0.000596 0.001130 0.000950 0.000666 0.000584 0.001106 0.000922 0.000652 0.000570 0.001084 0.000902 0.000633 0.000555 0.001070 0.000894 0.000623 0.000547 0.001046 0.000869 0.000605 0.000528 0.001014 0.000843 0.000592 0.000516 0.000997 0.000834 0.000587 0.000506 0.000990 0.000831 0.000573 0.000496 0.000979 0.000814 0.000567 0.000486 0.000958 0.000794 0.000555 0.000477 0.000931 0.000777 0.000540 0.000476 0.000914 0.000761 0.000528 0.000474 0.000898 0.000748 0.000528 0.000454 0.000875 0.000737 0.000521 0.000443 0.000862 0.000734 0.000500 0.000436 0.000845 0.000712 0.000487 0.000434 0.000820 0.000683 0.000475 0.000427 0.000808 0.000673 0.000458 0.000416 0.000796 0.000660 0.000460 0.000391 0.000783 0.000654 0.000459 0.000385 0.000774 0.000649 0.000450 0.000383 0.000753 0.000637 0.000430 0.000382 0.000737 0.000618 0.000422 0.000376 0.000728 0.000605 0.000417 0.000366 0.000723 0.000600 0.000421 0.000350 0.000716 0.000597 0.000414 0.000345 0.000692 0.000586 0.000408 0.000344 0.000675 0.000569 0.000396 0.000348 0.000662 0.000556 0.000385 0.000339 0.000654 0.000552 0.000377 0.000329 0.000649 0.000538 0.000377 0.000317 0.000633 0.000527 0.000354 0.000305 0.000614 0.000513 0.000346 0.000304 0.000608 0.000498 0.000342 0.000303 0.000603 0.000496 0.000338 0.000293 0.000600 0.000488 0.000331 0.000279 0.000596 0.000469 0.000318 0.000268 0.000590 0.000456 0.000305 0.000256 0.000590 0.000452 0.000296 0.000243 0.000590 0.000436 0.000293 0.000226 0.000590 0.000414 0.000286 0.000224 0.000590 0.000399 0.000269 0.000224 0.000590 0.000394 0.000260 0.000211 0.000590 0.000388 0.000255 0.000199 0.000590 0.000388 0.000244 0.000191 0.000590 0.000383 0.000234 0.000193 0.000590 0.000383 0.000235 0.000187 0.000590 0.000383 0.000225 0.000190 0.000590 0.000383 0.000245 0.000189 0.000590 0.000383 0.000222 0.000187 0.000590 0.000383 0.000210 0.000187 0.000590 0.000383 0.000209 0.000187 0.000590 0.000383 0.000218 0.000188 0.000590 0.000383 0.000205 0.000189 0.000590 0.000383 0.000205 0.000189 0.000590 0.000383 0.000205 0.000189 0.000590 0.000383 0.000205 0.000189 0.000590 0.000383 0.000205 0.000189 0.000590 0.000383 0.000205 0.000189 0.000590 0.000383 0.000205 0.000189 0.000590 0.000383 0.000205 0.000189 0.000590 0.000383 0.000205 0.000189 0.000590 0.000383 0.000205 0.000189 0.000590 0.000383 0.000205 0.000189 0.000590 0.000383 0.000205 0.000189 0.000590 0.000383 0.000205 0.000189 0.000590 0.000383 0.000205 0.000189 0.000590 0.000383 0.000205 0.000189 0.000590 0.000383 0.000205 0.000189 0.000590 0.000383 0.000205 0.000189 0.000590 0.000383 0.000205 0.000189 0.000590 0.000383 0.000205 0.000189 0.000590 0.000383 0.000205 0.000189 0.000590 0.000383 0.000205 0.000189 0.000590 0.000383 0.000205 0.000189 0.000590 0.000383 0.000205 0.000189 0.000590 0.000383 0.000205 0.000189 0.000590 0.000383 0.000205 0.000189 0.000590 0.000383 0.000205 0.000189 0.000590 0.000383 0.000205 0.000189 0.000590 0.000383 0.000205 0.000189 0.000590 0.000383 0.000205 0.000189 0.000590 0.000383 0.000205 0.000189 0.000590 0.000383 0.000205 0.000189 0.000590 0.000383 0.000205 0.000189 0.000590 0.000383 0.000205 0.000189 0.000590 0.000383 0.000205 0.000189 0.000590 0.000383 0.000205 0.000189 0.000590 0.000383 0.000205 0.000189 0.000590 0.000383 0.000205 0.000189 0.000590 0.000383 0.000205 0.000189 0.000590 0.000383 0.000205 0.000189 0.000590 0.000383 0.000205 0.000189 0.000590 0.000383 0.000205 0.000189 0.000590 0.000383 0.000205 0.000189 0.000590 0.000383 0.000205 0.000189 0.000590 0.000383 0.000205 0.000189 0.000590 0.000383 0.000205 0.000189 0.000590 0.000383 0.000205 0.000189 0.000590 0.000383 0.000205 0.000189 0.000590 0.000383 0.000205 0.000189 0.000590 0.000383 0.000205 0.000189 0.000590 0.000383 0.000205 0.000189 0.000590 0.000383 0.000205 0.000189 0.000590 0.000383 0.000205 0.000189  
0.004226 0.003404 0.002223 0.001959 0.004226 0.003404 0.002223 0.001959 0.004226 0.003404 0.002223 0.001959 0.004226 0.003404 0.002223 0.001959 0.004226 0.003404 0.002223 0.001959 0.004226 0.003404 0.002223 0.001959 0.004226 0.003404 0.002223 0.001959 0.004226 0.003404 0.002223 0.001959 0.004226 0.003404 0.002223 0.001959 0.004226 0.003404 0.002223 0.001959 0.004226 0.003404 0.002223 0.001959 0.004226 0.003404 0.002223 0.001959 0.004226 0.003404 0.002223 0.001959 0.004226 0.003404 0.002223 0.001959 0.004226 0.003404 0.002223 0.001959 0.004226 0.003404 0.002223 0.001959 0.004226 0.003404 0.002223 0.001959 0.004226 0.003404 0.002223 0.001959 0.004226 0.003404 0.002223 0.001959 0.004226 0.003404 0.002223 0.001959 0.004226 0.003404 0.002223 0.001959 0.004134 0.003339 0.002189 0.001930 0.004046 0.003276 0.002154 0.001901 0.003960 0.003215 0.002121 0.001874 0.003876 0.003155 0.002088 0.001847 0.003796 0.003096 0.002056 0.001820 0.003717 0.003039 0.002025 0.001793 0.003642 0.002984 0.001994 0.001767 0.003567 0.002929 0.001964 0.001738 0.003494 0.002876 0.001934 0.001708 0.003424 0.002824 0.001905 0.001683 0.003356 0.002773 0.001876 0.001658 0.003289 0.002724 0.001848 0.001634 0.003224 0.002675 0.001821 0.001611 0.003160 0.002627 0.001793 0.001579 0.003098 0.002581 0.001765 0.001556 0.003037 0.002535 0.001730 0.001533 0.002977 0.002491 0.001704 0.001506 0.002919 0.002447 0.001678 0.001480 0.002861 0.002404 0.001646 0.001456 0.002806 0.002362 0.001618 0.001424 0.002751 0.002320 0.001586 0.001388 0.002696 0.002279 0.001558 0.001351 0.002643 0.002239 0.001525 0.001324 0.002591 0.002200 0.001493 0.001290 0.002540 0.002153 0.001453 0.001260 0.002489 0.002114 0.001418 0.001225 0.002439 0.002068 0.001379 0.001201 0.002390 0.002024 0.001341 0.001170 0.002339 0.001978 0.001300 0.001145 0.002286 0.001935 0.001263 0.001119 0.002239 0.001890 0.001227 0.001093 0.002188 0.001852 0.001188 0.001070 0.002128 0.001788 0.001149 0.001042 0.002073 0.001716 0.001114 0.001003 0.002008 0.001658 0.001083 0.000954 0.001953 0.001587 0.001052 0.000927 0.001889 0.001539 0.001026 0.000905 0.001814 0.001481 0.000998 0.000885 0.001756 0.001445 0.000977 0.000865 0.001675 0.001400 0.000957 0.000844 0.001621 0.001352 0.000936 0.000826 0.001575 0.001284 0.000915 0.000810 0.001533 0.001251 0.000895 0.000794 0.001491 0.001221 0.000874 0.000770 0.001449 0.001202 0.000842 0.000744 0.001415 0.001177 0.000810 0.000730 0.001382 0.001149 0.000796 0.000700 0.001351 0.001128 0.000779 0.000691 0.001324 0.001104 0.000764 0.000674 0.001295 0.001079 0.000753 0.000662 0.001259 0.001058 0.000737 0.000651 0.001235 0.001027 0.000730 0.000637 0.001214 0.001008 0.000702 0.000615 0.001192 0.000999 0.000688 0.000603 0.001158 0.000978 0.000680 0.000596 0.001130 0.000950 0.000666 0.000584 0.001106 0.000922 0.000652 0.000570 0.001084 0.000902 0.000633 0.000555 0.001070 0.000894 0.000623 0.000547 0.001046 0.000869 0.000605 0.000528 0.001014 0.000843 0.000592 0.000516 0.000997 0.000834 0.000587 0.000506 0.000990 0.000831 0.000573 0.000496 0.000979 0.000814 0.000567 0.000486 0.000958 0.000794 0.000555 0.000477 0.000931 0.000777 0.000540 0.000476 0.000914 0.000761 0.000528 0.000474 0.000898 0.000748 0.000528 0.000454 0.000875 0.000737 0.000521 0.000443 0.000862 0.000734 0.000500 0.000436 0.000845 0.000712 0.000487 0.000434 0.000820 0.000683 0.000475 0.000427 0.000808 0.000673 0.000458 0.000416 0.000796 0.000660 0.000460 0.000391 0.000783 0.000654 0.000459 0.000385 0.000774 0.000649 0.000450 0.000383 0.000753 0.000637 0.000430 0.000382 0.000737 0.000618 0.000422 0.000376 0.000728 0.000605 0.000417 0.000366 0.000723 0.000600 0.000421 0.000350 0.000716 0.000597 0.000414 0.000345 0.000692 0.000586 0.000408 0.000344 0.000675 0.000569 0.000396 0.000348 0.000662 0.000556 0.000385 0.000339 0.000654 0.000552 0.000377 0.000329 0.000649 0.000538 0.000377 0.000317 0.000633 0.000527 0.000354 0.000305 0.000614 0.000513 0.000346 0.000304 0.000608 0.000498 0.000342 0.000303 0.000603 0.000496 0.000338 0.000293 0.000600 0.000488 0.000331 0.000279 0.000596 0.000469 0.000318 0.000268 0.000590 0.000456 0.000305 0.000256 0.000590 0.000452 0.000296 0.000243 0.000590 0.000436 0.000293 0.000226 0.000590 0.000414 0.000286 0.000224 0.000590 0.000399 0.000269 0.000224 0.000590 0.000394 0.000260 0.000211 0.000590 0.000388 0.000255 0.000199 0.000590 0.000388 0.000244 0.000191 0.000590 0.000383 0.000234 0.000193 0.000590 0.000383 0.000235 0.000187 0.000590 0.000383 0.000225 0.000190 0.000590 0.000383 0.000245 0.000189 0.000590 0.000383 0.000222 0.000187 0.000590 0.000383 0.000210 0.000187 0.000590 0.000383 0.000209 0.000187 0.000590 0.000383 0.000218 0.000188 0.000590 0.000383 0.000205 0.000189 0.000590 0.000383 0.000205 0.000189 0.000590 0.000383 0.000205 0.000189 0.000590 0.000383 0.000205 0.000189 0.000590 0.000383 0.000205 0.000189 0.000590 0.000383 0.000205 0.000189 0.000590 0.000383 0.000205 0.000189 0.000590 0.000383 0.000205 0.000189 0.000590 0.000383 0.000205 0.000189 0.000590 0.000383 0.000205 0.000189 0.000590 0.000383 0.000205 0.000189 0.000590 0.000383 0.000205 0.000189 0.000590 0.000383 0.000205 0.000189 0.000590 0.000383 0.000205 0.000189 0.000590 0.000383 0.000205 0.000189 0.000590 0.000383 0.000205 0.000189 0.000590 0.000383 0.000205 0.000189 0.000590 0.000383 0.000205 0.000189 0.000590 0.000383 0.000205 0.000189 0.000590 0.000383 0.000205 0.000189 0.000590 0.000383 0.000205 0.000189 0.000590 0.000383 0.000205 0.000189 0.000590 0.000383 0.000205 0.000189 0.000590 0.000383 0.000205 0.000189 0.000590 0.000383 0.000205 0.000189 0.000590 0.000383 0.000205 0.000189 0.000590 0.000383 0.000205 0.000189 0.000590 0.000383 0.000205 0.000189 0.000590 0.000383 0.000205 0.000189 0.000590 0.000383 0.000205 0.000189 0.000590 0.000383 0.000205 0.000189 0.000590 0.000383 0.000205 0.000189 0.000590 0.000383 0.000205 0.000189 0.000590 0.000383 0.000205 0.000189 0.000590 0.000383 0.000205 0.000189 0.000590 0.000383 0.000205 0.000189 0.000590 0.000383 0.000205 0.000189 0.000590 0.000383 0.000205 0.000189 0.000590 0.000383 0.000205 0.000189 0.000590 0.000383 0.000205 0.000189 0.000590 0.000383 0.000205 0.000189 0.000590 0.000383 0.000205 0.000189 0.000590 0.000383 0.000205 0.000189 0.000590 0.000383 0.000205 0.000189 0.000590 0.000383 0.000205 0.000189 0.000590 0.000383 0.000205 0.000189 0.000590 0.000383 0.000205 0.000189 0.000590 0.000383 0.000205 0.000189 0.000590 0.000383 0.000205 0.000189 0.000590 0.000383 0.000205 0.000189 0.000590 0.000383 0.000205 0.000189 0.000590 0.000383 0.000205 0.000189  
0.000000 0.000000 0.000000 0.000000 0.000000 0.000000 0.000000 0.000000 0.000000 0.000000 0.000000 0.000000 0.000000 0.000000 0.000000 0.000000 0.000000 0.000000 0.000000 0.000000 0.000000 0.000000 0.000000 0.000000 0.000000 0.000000 0.000000 0.000000 0.000000 0.000000 0.000000 0.000000 0.000000 0.000000 0.000000 0.000000 0.000000 0.000000 0.000000 0.000000 0.000000 0.000000 0.000000 0.000000 0.000000 0.000000 0.000000 0.000000 0.000000 0.000000 0.000000 0.000000 0.000000 0.000000 0.000000 0.000000 0.000000 0.000000 0.000000 0.000000 0.000000 0.000000 0.000000 0.000000 0.000000 0.000000 0.000000 0.000000 0.000000 0.000000 0.000000 0.000000 0.000000 0.000000 0.000000 0.000000 0.000000 0.000000 0.000000 0.000000 0.000000 0.000000 0.000000 0.000000 0.000000 0.000000 0.000000 0.000000 0.000000 0.000000 0.000000 0.000000 0.000000 0.000000 0.000000 0.000000 0.000000 0.000000 0.000000 0.000000 0.000000 0.000000 0.000000 0.000000 0.000000 0.000000 0.000000 0.000000 0.000000 0.000000 0.000000 0.000000 0.000000 0.000000 0.000000 0.000000 0.000000 0.000000 0.000000 0.000000 0.000000 0.000000 0.000000 0.000000 0.000000 0.000000 0.000000 0.000000 0.000000 0.000000 0.000000 0.000000 0.000000 0.000000 0.000000 0.000000 0.000000 0.000000 0.000000 0.000000 0.000000 0.000000 0.000000 0.000000 0.000000 0.000000 0.000000 0.000000 0.000000 0.000000 0.000000 0.000000 0.000000 0.000000 0.000000 0.000000 0.000000 0.000000 0.000000 0.000000 0.000000 0.000000 0.000000 0.000000 0.000000 0.000000 0.000000 0.000000 0.000000 0.000000 0.000000 0.000000 0.000000 0.000000 0.000000 0.000000 0.000000 0.000000 0.000000 0.000000 0.000000 0.000000 0.000000 0.000000 0.000000 0.000000 0.000000 0.000000 0.000000 0.000000 0.000000 0.000000 0.000000 0.000000 0.000000 0.000000 0.000000 0.000000 0.000000 0.000000 0.000000 0.000000 0.000000 0.000000 0.000000 0.000000 0.000000 0.000000 0.000000 0.000000 0.000000 0.000000 0.000000 0.000000 0.000000 0.000000 0.000000 0.000000 0.000000 0.000000 0.000000 0.000000 0.000000 0.000000 0.000000 0.000000 0.000000 0.000000 0.000000 0.000000 0.000000 0.000000 0.000000 0.000000 0.000000 0.000000 0.000000 0.000000 0.000000 0.000000 0.000000 0.000000 0.000000 0.000000 0.000000 0.000000 0.000000 0.000000 0.000000 0.000000 0.000000 0.000000 0.000000 0.000000 0.000000 0.000000 0.000000 0.000000 0.000000 0.000000 0.000000 0.000000 0.000000 0.000000 0.000000 0.000000 0.000000 0.000000 0.000000 0.000000 0.000000 0.000000 0.000000 0.000000 0.000000 0.000000 0.000000 0.000000 0.000000 0.000000 0.000000 0.000000 0.000000 0.000000 0.000000 0.000000 0.000000 0.000000 0.000000 0.000000 0.000000 0.000000 0.000000 0.000000 0.000000 0.000000 0.000000 0.000000 0.000000 0.000000 0.000000 0.000000 0.000000 0.000000 0.000000 0.000000 0.000000 0.000000 0.000000 0.000000 0.000000 0.000000 0.000000 0.000000 0.000000 0.000000 0.000000 0.000000 0.000000 0.000000 0.000000 0.000000 0.000000 0.000000 0.000000 0.000000 0.000000 0.000000 0.000000 0.000000 0.000000 0.000000 0.000000 0.000000 0.000000 0.000000 0.000000 0.000000 0.000000 0.000000 0.000000 0.000000 0.000000 0.000000 0.000000 0.000000 0.000000 0.000000 0.000000 0.000000 0.000000 0.000000 0.000000 0.000000 0.000000 0.000000 0.000000 0.000000 0.000000 0.000000 0.000000 0.000000 0.000000 0.000000 0.000000 0.000000 0.000000 0.000000 0.000000 0.000000 0.000000 0.000000 0.000000 0.000000 0.000000 0.000000 0.000000 0.000000 0.000000 0.000000 0.000000 0.000000 0.000000 0.000000 0.000000 0.000000 0.000000 0.000000 0.000000 0.000000 0.000000 0.000000 0.000000 0.000000 0.000000 0.000000 0.000000 0.000000 0.000000 0.000000 0.000000 0.000000 0.000000 0.000000 0.000000 0.000000 0.000000 0.000000 0.000000 0.000000 0.000000 0.000000 0.000000 0.000000 0.000000 0.000000 0.000000 0.000000 0.000000 0.000000 0.000000 0.000000 0.000000 0.000000 0.000000 0.000000 0.000000 0.000000 0.000000 0.000000 0.000000 0.000000 0.000000 0.000000 0.000000 0.000000 0.000000 0.000000 0.000000 0.000000 0.000000 0.000000 0.000000 0.000000 0.000000 0.000000 0.000000 0.000000 0.000000 0.000000 0.000000 0.000000 0.000000 0.000000 0.000000 0.000000 0.000000 0.000000 0.000000 0.000000 0.000000 0.000000 0.000000 0.000000 0.000000 0.000000 0.000000 0.000000 0.000000 0.000000 0.000000 0.000000 0.000000 0.000000 0.000000 0.000000 0.000000 0.000000 0.000000 0.000000 0.000000 0.000000 0.000000 0.000000 0.000000 0.000000 0.000000 0.000000 0.000000 0.000000 0.000000 0.000000 0.000000 0.000000 0.000000 0.000000 0.000000 0.000000 0.000000 0.000000 0.000000 0.000000 0.000000 0.000000 0.000000 0.000000 0.000000 0.000000 0.000000 0.000000 0.000000 0.000000 0.000000 0.000000 0.000000 0.000000 0.000000 0.000000 0.000000 0.000000 0.000000 0.000000 0.000000 0.000000 0.000000 0.000000 0.000000 0.000000 0.000000 0.000000 0.000000 0.000000 0.000000 0.000000 0.000000 0.000000 0.000000 0.000000 0.000000 0.000000 0.000000 0.000000 0.000000 0.000000 0.000000 0.000000 0.000000 0.000000 0.000000 0.000000 0.000000 0.000000 0.000000 0.000000 0.000000 0.000000 0.000000 0.000000 0.000000 0.000000 0.000000 0.000000 0.000000 0.000000 0.000000 0.000000 0.000000 0.000000 0.000000 0.000000 0.000000 0.000000 0.000000 0.000000 0.000000 0.000000 0.000000 0.000000 0.000000 0.000000 0.000000 0.000000 0.000000 0.000000 0.000000 0.000000 0.000000 0.000000 0.000000 0.000000 0.000000 0.000000 0.000000 0.000000 0.000000 0.000000 0.000000 0.000000 0.000000 0.000000 0.000000 0.000000 0.000000 0.000000 0.000000 0.000000 0.000000 0.000000 0.000000 0.000000 0.000000 0.000000 0.000000 0.000000 0.000000 0.000000 0.000000 0.000000 0.000000 0.000000 0.000000 0.000000 0.000000 0.000000 0.000000 0.000000 0.000000 0.000000 0.000000 0.000000 0.000000 0.000000 0.000000 0.000000 0.000000 0.000000 0.000000 0.000000 0.000000 0.000000 0.000000 0.000000 0.000000 0.000000 0.000000 0.000000 0.000000 0.000000 0.000000 0.000000 0.000000 0.000000 0.000000 0.000000 0.000000 0.000000 0.000000 0.000000 0.000000 0.000000 0.000000 0.000000 0.000000 0.000000 0.000000 0.000000 0.000000 0.000000 0.000000 0.000000 0.000000 0.000000 0.000000 0.000000 0.000000 0.000000 0.000000 0.000000 0.000000 0.000000 0.000000 0.000000 0.000000 0.000000 0.000000 0.000000 0.000000 0.000000 0.000000 0.000000 0.000000 0.000000 0.000000 0.000000 0.000000 0.000000 0.000000 0.000000 0.000000 0.000000 0.000000 0.000000 0.000000 0.000000 0.000000 0.000000 0.000000 0.000000 0.000000 0.000000 0.000000 0.000000 0.000000 0.000000 0.000000 0.000000 0.000000 0.000000 0.000000 0.000000 0.000000 0.000000 0.000000 0.000000  
0.000000 0.000000 0.000000 0.000000 0.000000 0.000000 0.000000 0.000000 0.000000 0.000000 0.000000 0.000000 0.000000 0.000000 0.000000 0.000000 0.000000 0.000000 0.000000 0.000000 0.000000 0.000000 0.000000 0.000000 0.000000 0.000000 0.000000 0.000000 0.000000 0.000000 0.000000 0.000000 0.000000 0.000000 0.000000 0.000000 0.000000 0.000000 0.000000 0.000000 0.000000 0.000000 0.000000 0.000000 0.000000 0.000000 0.000000 0.000000 0.000000 0.000000 0.000000 0.000000 0.000000 0.000000 0.000000 0.000000 0.000000 0.000000 0.000000 0.000000 0.000000 0.000000 0.000000 0.000000 0.000000 0.000000 0.000000 0.000000 0.000000 0.000000 0.000000 0.000000 0.000000 0.000000 0.000000 0.000000 0.000000 0.000000 0.000000 0.000000 0.000000 0.000000 0.000000 0.000000 0.000000 0.000000 0.000000 0.000000 0.000000 0.000000 0.000000 0.000000 0.000000 0.000000 0.000000 0.000000 0.000000 0.000000 0.000000 0.000000 0.000000 0.000000 0.000000 0.000000 0.000000 0.000000 0.000000 0.000000 0.000000 0.000000 0.000000 0.000000 0.000000 0.000000 0.000000 0.000000 0.000000 0.000000 0.000000 0.000000 0.000000 0.000000 0.000000 0.000000 0.000000 0.000000 0.000000 0.000000 0.000000 0.000000 0.000000 0.000000 0.000000 0.000000 0.000000 0.000000 0.000000 0.000000 0.000000 0.000000 0.000000 0.000000 0.000000 0.000000 0.000000 0.000000 0.000000 0.000000 0.000000 0.000000 0.000000 0.000000 0.000000 0.000000 0.000000 0.000000 0.000000 0.000000 0.000000 0.000000 0.000000 0.000000 0.000000 0.000000 0.000000 0.000000 0.000000 0.000000 0.000000 0.000000 0.000000 0.000000 0.000000 0.000000 0.000000 0.000000 0.000000 0.000000 0.000000 0.000000 0.000000 0.000000 0.000000 0.000000 0.000000 0.000000 0.000000 0.000000 0.000000 0.000000 0.000000 0.000000 0.000000 0.000000 0.000000 0.000000 0.000000 0.000000 0.000000 0.000000 0.000000 0.000000 0.000000 0.000000 0.000000 0.000000 0.000000 0.000000 0.000000 0.000000 0.000000 0.000000 0.000000 0.000000 0.000000 0.000000 0.000000 0.000000 0.000000 0.000000 0.000000 0.000000 0.000000 0.000000 0.000000 0.000000 0.000000 0.000000 0.000000 0.000000 0.000000 0.000000 0.000000 0.000000 0.000000 0.000000 0.000000 0.000000 0.000000 0.000000 0.000000 0.000000 0.000000 0.000000 0.000000 0.000000 0.000000 0.000000 0.000000 0.000000 0.000000 0.000000 0.000000 0.000000 0.000000 0.000000 0.000000 0.000000 0.000000 0.000000 0.000000 0.000000 0.000000 0.000000 0.000000 0.000000 0.000000 0.000000 0.000000 0.000000 0.000000 0.000000 0.000000 0.000000 0.000000 0.000000 0.000000 0.000000 0.000000 0.000000 0.000000 0.000000 0.000000 0.000000 0.000000 0.000000 0.000000 0.000000 0.000000 0.000000 0.000000 0.000000 0.000000 0.000000 0.000000 0.000000 0.000000 0.000000 0.000000 0.000000 0.000000 0.000000 0.000000 0.000000 0.000000 0.000000 0.000000 0.000000 0.000000 0.000000 0.000000 0.000000 0.000000 0.000000 0.000000 0.000000 0.000000 0.000000 0.000000 0.000000 0.000000 0.000000 0.000000 0.000000 0.000000 0.000000 0.000000 0.000000 0.000000 0.000000 0.000000 0.000000 0.000000 0.000000 0.000000 0.000000 0.000000 0.000000 0.000000 0.000000 0.000000 0.000000 0.000000 0.000000 0.000000 0.000000 0.000000 0.000000 0.000000 0.000000 0.000000 0.000000 0.000000 0.000000 0.000000 0.000000 0.000000 0.000000 0.000000 0.000000 0.000000 0.000000 0.000000 0.000000 0.000000 0.000000 0.000000 0.000000 0.000000 0.000000 0.000000 0.000000 0.000000 0.000000 0.000000 0.000000 0.000000 0.000000 0.000000 0.000000 0.000000 0.000000 0.000000 0.000000 0.000000 0.000000 0.000000 0.000000 0.000000 0.000000 0.000000 0.000000 0.000000 0.000000 0.000000 0.000000 0.000000 0.000000 0.000000 0.000000 0.000000 0.000000 0.000000 0.000000 0.000000 0.000000 0.000000 0.000000 0.000000 0.000000 0.000000 0.000000 0.000000 0.000000 0.000000 0.000000 0.000000 0.000000 0.000000 0.000000 0.000000 0.000000 0.000000 0.000000 0.000000 0.000000 0.000000 0.000000 0.000000 0.000000 0.000000 0.000000 0.000000 0.000000 0.000000 0.000000 0.000000 0.000000 0.000000 0.000000 0.000000 0.000000 0.000000 0.000000 0.000000 0.000000 0.000000 0.000000 0.000000 0.000000 0.000000 0.000000 0.000000 0.000000 0.000000 0.000000 0.000000 0.000000 0.000000 0.000000 0.000000 0.000000 0.000000 0.000000 0.000000 0.000000 0.000000 0.000000 0.000000 0.000000 0.000000 0.000000 0.000000 0.000000 0.000000 0.000000 0.000000 0.000000 0.000000 0.000000 0.000000 0.000000 0.000000 0.000000 0.000000 0.000000 0.000000 0.000000 0.000000 0.000000 0.000000 0.000000 0.000000 0.000000 0.000000 0.000000 0.000000 0.000000 0.000000 0.000000 0.000000 0.000000 0.000000 0.000000 0.000000 0.000000 0.000000 0.000000 0.000000 0.000000 0.000000 0.000000 0.000000 0.000000 0.000000 0.000000 0.000000 0.000000 0.000000 0.000000 0.000000 0.000000 0.000000 0.000000 0.000000 0.000000 0.000000 0.000000 0.000000 0.000000 0.000000 0.000000 0.000000 0.000000 0.000000 0.000000 0.000000 0.000000 0.000000 0.000000 0.000000 0.000000 0.000000 0.000000 0.000000 0.000000 0.000000 0.000000 0.000000 0.000000 0.000000 0.000000 0.000000 0.000000 0.000000 0.000000 0.000000 0.000000 0.000000 0.000000 0.000000 0.000000 0.000000 0.000000 0.000000 0.000000 0.000000 0.000000 0.000000 0.000000 0.000000 0.000000 0.000000 0.000000 0.000000 0.000000 0.000000 0.000000 0.000000 0.000000 0.000000 0.000000 0.000000 0.000000 0.000000 0.000000 0.000000 0.000000 0.000000 0.000000 0.000000 0.000000 0.000000 0.000000 0.000000 0.000000 0.000000 0.000000 0.000000 0.000000 0.000000 0.000000 0.000000 0.000000 0.000000 0.000000 0.000000 0.000000 0.000000 0.000000 0.000000 0.000000 0.000000 0.000000 0.000000 0.000000 0.000000 0.000000 0.000000 0.000000 0.000000 0.000000 0.000000 0.000000 0.000000 0.000000 0.000000 0.000000 0.000000 0.000000 0.000000 0.000000 0.000000 0.000000 0.000000 0.000000 0.000000 0.000000 0.000000 0.000000 0.000000 0.000000 0.000000 0.000000 0.000000 0.000000 0.000000 0.000000 0.000000 0.000000 0.000000 0.000000 0.000000 0.000000 0.000000 0.000000 0.000000 0.000000 0.000000 0.000000 0.000000 0.000000 0.000000 0.000000 0.000000 0.000000 0.000000 0.000000 0.000000 0.000000 0.000000 0.000000 0.000000 0.000000 0.000000 0.000000 0.000000 0.000000 0.000000 0.000000 0.000000 0.000000 0.000000 0.000000 0.000000 0.000000 0.000000 0.000000 0.000000 0.000000 0.000000 0.000000 0.000000 0.000000 0.000000 0.000000 0.000000 0.000000 0.000000 0.000000 0.000000 0.000000 0.000000 0.000000 0.000000 0.000000 0.000000 0.000000 0.000000 0.000000 0.000000 0.000000 0.000000 0.000000 0.000000 0.000000 0.000000 0.000000 0.000000 0.000000 0.000000 0.000000 0.000000 0.000000  
0.012365 0.010009 0.006661 0.005672 0.012365 0.010009 0.006661 0.005672 0.012365 0.010009 0.006661 0.005672 0.012365 0.010009 0.006661 0.005672 0.012365 0.010009 0.006661 0.005672 0.012365 0.010009 0.006661 0.005672 0.012365 0.010009 0.006661 0.005672 0.012365 0.010009 0.006661 0.005672 0.012365 0.010009 0.006661 0.005672 0.012365 0.010009 0.006661 0.005672 0.012365 0.010009 0.006661 0.005672 0.012365 0.010009 0.006661 0.005672 0.012365 0.010009 0.006661 0.005672 0.012365 0.010009 0.006661 0.005672 0.012365 0.010009 0.006661 0.005672 0.012365 0.010009 0.006661 0.005672 0.012365 0.010009 0.006661 0.005672 0.012365 0.010009 0.006661 0.005672 0.012365 0.010009 0.006661 0.005672 0.012365 0.010009 0.006661 0.005672 0.012365 0.010009 0.006661 0.005672 0.012564 0.010157 0.006747 0.005743 0.012768 0.010309 0.006835 0.005814 0.012977 0.010465 0.006925 0.005887 0.013193 0.010624 0.007017 0.005961 0.013415 0.010787 0.007110 0.006036 0.013643 0.010954 0.007205 0.006112 0.013878 0.011127 0.007301 0.006190 0.014120 0.011302 0.007400 0.006414 0.014370 0.011484 0.007501 0.006673 0.014629 0.011670 0.007604 0.006761 0.014897 0.011861 0.007709 0.006852 0.015173 0.012057 0.007816 0.006943 0.015460 0.012259 0.007925 0.007037 0.015757 0.012468 0.008037 0.007500 0.016065 0.012682 0.008208 0.007605 0.016387 0.012904 0.008689 0.007713 0.016720 0.013132 0.008818 0.008039 0.017069 0.013367 0.008949 0.008344 0.017433 0.013611 0.009402 0.008664 0.017814 0.013863 0.009698 0.009267 0.018211 0.014124 0.010194 0.010315 0.018631 0.014395 0.010598 0.011441 0.019070 0.014675 0.011315 0.012121 0.019535 0.014967 0.011994 0.013336 0.020025 0.015603 0.013157 0.014342 0.020545 0.015962 0.014246 0.015906 0.021097 0.016680 0.015730 0.016705 0.021688 0.017443 0.017321 0.018109 0.022427 0.018269 0.019316 0.019154 0.023357 0.019160 0.021153 0.020290 0.024085 0.020124 0.022975 0.021538 0.025029 0.020838 0.024981 0.022585 0.026511 0.023213 0.027560 0.024205 0.027911 0.026405 0.030008 0.025881 0.030021 0.029300 0.032879 0.028440 0.031968 0.034711 0.036614 0.031156 0.034491 0.038956 0.039577 0.033637 0.037542 0.046218 0.044149 0.035954 0.042834 0.050611 0.048170 0.038556 0.050546 0.057607 0.051544 0.043090 0.055900 0.062663 0.057217 0.045502 0.062391 0.069372 0.061492 0.049007 0.069276 0.075654 0.066361 0.052769 0.077166 0.084710 0.071495 0.058196 0.089363 0.090913 0.075529 0.063119 0.094898 0.098070 0.079867 0.067393 0.101514 0.105631 0.084696 0.070570 0.109973 0.112462 0.091412 0.076865 0.115411 0.119293 0.097027 0.079863 0.123017 0.125746 0.102763 0.083790 0.128926 0.130851 0.106915 0.089521 0.136962 0.137571 0.114384 0.092841 0.144043 0.143565 0.117576 0.102007 0.148308 0.152009 0.122476 0.108551 0.157476 0.157291 0.132819 0.114905 0.163745 0.160880 0.135879 0.119049 0.167957 0.165210 0.139393 0.122383 0.176232 0.173121 0.145356 0.129555 0.182420 0.180259 0.153521 0.136022 0.187189 0.183366 0.156706 0.138871 0.191076 0.186656 0.159789 0.143383 0.196047 0.193747 0.166734 0.152929 0.204530 0.201850 0.173830 0.157561 0.210397 0.206565 0.179498 0.160216 0.214746 0.210250 0.182202 0.164467 0.219290 0.213767 0.185736 0.172805 0.223830 0.218850 0.195275 0.181458 0.229591 0.224849 0.204949 0.183677 0.236516 0.231044 0.208863 0.187424 0.242078 0.237780 0.211471 0.194502 0.247258 0.241863 0.214234 0.207709 0.252790 0.246584 0.217756 0.211965 0.259302 0.251660 0.222885 0.213825 0.264765 0.257045 0.233208 0.216761 0.271195 0.264740 0.240241 0.220616 0.277778 0.272170 0.243387 0.226609 0.282507 0.276501 0.245984 0.240889 0.288789 0.279763 0.248909 0.244379 0.295452 0.284385 0.253647 0.247111 0.304061 0.290793 0.264699 0.249102 0.311476 0.300198 0.272813 0.252950 0.316549 0.305895 0.276486 0.261189 0.322422 0.310623 0.281856 0.271630 0.329319 0.316870 0.286400 0.278100 0.337617 0.328663 0.298443 0.280727 0.345876 0.337423 0.307152 0.282900 0.352560 0.343772 0.310852 0.286765 0.359817 0.349088 0.313945 0.295537 0.370808 0.355567 0.321093 0.306962 0.379791 0.367303 0.331102 0.314164 0.388345 0.375446 0.341155 0.315755 0.396381 0.380882 0.344997 0.319385 0.402806 0.388849 0.350862 0.327499 0.407806 0.402189 0.357654 0.343659 0.412806 0.411507 0.368814 0.345804 0.417806 0.419710 0.379640 0.357842 0.422806 0.431906 0.383961 0.371109 0.427806 0.437644 0.393376 0.375516 0.432806 0.443589 0.408951 0.380017 0.437806 0.453989 0.417411 0.389172 0.442806 0.466304 0.423724 0.405790 0.447806 0.471304 0.444290 0.411621 0.452806 0.476304 0.455618 0.429002 0.457806 0.481304 0.468736 0.441941 0.462806 0.486304 0.494528 0.450537 0.467806 0.491304 0.495351 0.463488 0.472806 0.496304 0.500346 0.476078 0.477806 0.501304 0.519867 0.492013 0.482806 0.506304 0.534490 0.505242 0.487806 0.511304 0.539490 0.510242 0.492806 0.516304 0.544490 0.515242 0.497806 0.521304 0.549490 0.520242 0.502806 0.526304 0.554490 0.525242 0.507806 0.531304 0.559490 0.530242 0.512806 0.536304 0.564490 0.535242 0.517806 0.541304 0.569490 0.540242 0.522806 0.546304 0.574490 0.545242 0.527806 0.551304 0.579490 0.550242 0.532806 0.556304 0.584490 0.555242 0.537806 0.561304 0.589490 0.560242 0.542806 0.566304 0.594490 0.565242 0.547806 0.571304 0.599490 0.570242 0.552806 0.576304 0.604490 0.575242 0.557806 0.581304 0.609490 0.580242 0.562806 0.586304 0.614490 0.585242 0.567806 0.591304 0.619490 0.590242 0.572806 0.596304 0.624490 0.595242 0.577806 0.601304 0.629490 0.600242 0.582806 0.606304 0.634490 0.605242 0.587806 0.611304 0.639490 0.610242 0.592806 0.616304 0.644490 0.615242 0.597806 0.621304 0.649490 0.620242 0.602806 0.626304 0.654490 0.625242 0.607806 0.631304 0.659490 0.630242 0.612806 0.636304 0.664490 0.635242 0.617806 0.641304 0.669490 0.640242 0.622806 0.646304 0.674490 0.645242 0.627806 0.651304 0.679490 0.650242 0.632806 0.656304 0.684490 0.655242 0.637806 0.661304 0.689490 0.660242 0.642806 0.666304 0.694490 0.665242 0.647806 0.671304 0.699490 0.670242 0.652806 0.676304 0.704490 0.675242 0.657806 0.681304 0.709490 0.680242 0.662806 0.686304 0.714490 0.685242 0.667806 0.691304 0.719490 0.690242 0.672806 0.696304 0.724490 0.695242 0.677806 0.701304 0.729490 0.700242 0.682806 0.706304 0.734490 0.705242 0.687806 0.711304 0.739490 0.710242 0.692806 0.716304 0.744490 0.715242 0.697806 0.721304 0.749490 0.720242 0.702806 0.726304 0.754490 0.725242 0.707806 0.731304 0.759490 0.730242 0.712806 0.736304 0.764490 0.735242 0.717806 0.741304 0.769490 0.740242 0.722806 0.746304 0.774490 0.745242 0.727806 0.751304 0.779490 0.750242 0.732806 0.756304 0.784490 0.755242 0.737806 0.761304 0.789490 0.760242  
0.012365 0.010009 0.006661 0.005672 0.012365 0.010009 0.006661 0.005672 0.012365 0.010009 0.006661 0.005672 0.012365 0.010009 0.006661 0.005672 0.012365 0.010009 0.006661 0.005672 0.012365 0.010009 0.006661 0.005672 0.012365 0.010009 0.006661 0.005672 0.012365 0.010009 0.006661 0.005672 0.012365 0.010009 0.006661 0.005672 0.012365 0.010009 0.006661 0.005672 0.012365 0.010009 0.006661 0.005672 0.012365 0.010009 0.006661 0.005672 0.012365 0.010009 0.006661 0.005672 0.012365 0.010009 0.006661 0.005672 0.012365 0.010009 0.006661 0.005672 0.012365 0.010009 0.006661 0.005672 0.012365 0.010009 0.006661 0.005672 0.012365 0.010009 0.006661 0.005672 0.012365 0.010009 0.006661 0.005672 0.012365 0.010009 0.006661 0.005672 0.012365 0.010009 0.006661 0.005672 0.012564 0.010157 0.006747 0.005743 0.012768 0.010309 0.006835 0.005814 0.012977 0.010465 0.006925 0.005887 0.013193 0.010624 0.007017 0.005961 0.013415 0.010787 0.007110 0.006036 0.013643 0.010954 0.007205 0.006112 0.013878 0.011127 0.007301 0.006190 0.014120 0.011302 0.007400 0.006414 0.014370 0.011484 0.007501 0.006673 0.014629 0.011670 0.007604 0.006761 0.014897 0.011861 0.007709 0.006852 0.015173 0.012057 0.007816 0.006943 0.015460 0.012259 0.007925 0.007037 0.015757 0.012468 0.008037 0.007500 0.016065 0.012682 0.008208 0.007605 0.016387 0.012904 0.008689 0.007713 0.016720 0.013132 0.008818 0.008039 0.017069 0.013367 0.008949 0.008344 0.017433 0.013611 0.009402 0.008664 0.017814 0.013863 0.009698 0.009267 0.018211 0.014124 0.010194 0.010315 0.018631 0.014395 0.010598 0.011441 0.019070 0.014675 0.011315 0.012121 0.019535 0.014967 0.011994 0.013336 0.020025 0.015603 0.013157 0.014342 0.020545 0.015962 0.014246 0.015906 0.021097 0.016680 0.015730 0.016705 0.021688 0.017443 0.017321 0.018109 0.022427 0.018269 0.019316 0.019154 0.023357 0.019160 0.021153 0.020290 0.024085 0.020124 0.022975 0.021538 0.025029 0.020838 0.024981 0.022585 0.026511 0.023213 0.027560 0.024205 0.027911 0.026405 0.030008 0.025881 0.030021 0.029300 0.032879 0.028440 0.031968 0.034711 0.036614 0.031156 0.034491 0.038956 0.039577 0.033637 0.037542 0.046218 0.044149 0.035954 0.042834 0.050611 0.048170 0.038556 0.050546 0.057607 0.051544 0.043090 0.055900 0.062663 0.057217 0.045502 0.062391 0.069372 0.061492 0.049007 0.069276 0.075654 0.066361 0.052769 0.077166 0.084710 0.071495 0.058196 0.089363 0.090913 0.075529 0.063119 0.094898 0.098070 0.079867 0.067393 0.101514 0.105631 0.084696 0.070570 0.109973 0.112462 0.091412 0.076865 0.115411 0.119293 0.097027 0.079863 0.123017 0.125746 0.102763 0.083790 0.128926 0.130851 0.106915 0.089521 0.136962 0.137571 0.114384 0.092841 0.144043 0.143565 0.117576 0.102007 0.148308 0.152009 0.122476 0.108551 0.157476 0.157291 0.132819 0.114905 0.163745 0.160880 0.135879 0.119049 0.167957 0.165210 0.139393 0.122383 0.176232 0.173121 0.145356 0.129555 0.182420 0.180259 0.153521 0.136022 0.187189 0.183366 0.156706 0.138871 0.191076 0.186656 0.159789 0.143383 0.196047 0.193747 0.166734 0.152929 0.204530 0.201850 0.173830 0.157561 0.210397 0.206565 0.179498 0.160216 0.214746 0.210250 0.182202 0.164467 0.219290 0.213767 0.185736 0.172805 0.223830 0.218850 0.195275 0.181458 0.229591 0.224849 0.204949 0.183677 0.236516 0.231044 0.208863 0.187424 0.242078 0.237780 0.211471 0.194502 0.247258 0.241863 0.214234 0.207709 0.252790 0.246584 0.217756 0.211965 0.259302 0.251660 0.222885 0.213825 0.264765 0.257045 0.233208 0.216761 0.271195 0.264740 0.240241 0.220616 0.277778 0.272170 0.243387 0.226609 0.282507 0.276501 0.245984 0.240889 0.288789 0.279763 0.248909 0.244379 0.295452 0.284385 0.253647 0.247111 0.304061 0.290793 0.264699 0.249102 0.311476 0.300198 0.272813 0.252950 0.316549 0.305895 0.276486 0.261189 0.322422 0.310623 0.281856 0.271630 0.329319 0.316870 0.286400 0.278100 0.337617 0.328663 0.298443 0.280727 0.345876 0.337423 0.307152 0.282900 0.352560 0.343772 0.310852 0.286765 0.359817 0.349088 0.313945 0.295537 0.370808 0.355567 0.321093 0.306962 0.379791 0.367303 0.331102 0.314164 0.388345 0.375446 0.341155 0.315755 0.396381 0.380882 0.344997 0.319385 0.402806 0.388849 0.350862 0.327499 0.407806 0.402189 0.357654 0.343659 0.412806 0.411507 0.368814 0.345804 0.417806 0.419710 0.379640 0.357842 0.422806 0.431906 0.383961 0.371109 0.427806 0.437644 0.393376 0.375516 0.432806 0.443589 0.408951 0.380017 0.437806 0.453989 0.417411 0.389172 0.442806 0.466304 0.423724 0.405790 0.447806 0.471304 0.444290 0.411621 0.452806 0.476304 0.455618 0.429002 0.457806 0.481304 0.468736 0.441941 0.462806 0.486304 0.494528 0.450537 0.467806 0.491304 0.495351 0.463488 0.472806 0.496304 0.500346 0.476078 0.477806 0.501304 0.519867 0.492013 0.482806 0.506304 0.534490 0.505242 0.487806 0.511304 0.539490 0.510242 0.492806 0.516304 0.544490 0.515242 0.497806 0.521304 0.549490 0.520242 0.502806 0.526304 0.554490 0.525242 0.507806 0.531304 0.559490 0.530242 0.512806 0.536304 0.564490 0.535242 0.517806 0.541304 0.569490 0.540242 0.522806 0.546304 0.574490 0.545242 0.527806 0.551304 0.579490 0.550242 0.532806 0.556304 0.584490 0.555242 0.537806 0.561304 0.589490 0.560242 0.542806 0.566304 0.594490 0.565242 0.547806 0.571304 0.599490 0.570242 0.552806 0.576304 0.604490 0.575242 0.557806 0.581304 0.609490 0.580242 0.562806 0.586304 0.614490 0.585242 0.567806 0.591304 0.619490 0.590242 0.572806 0.596304 0.624490 0.595242 0.577806 0.601304 0.629490 0.600242 0.582806 0.606304 0.634490 0.605242 0.587806 0.611304 0.639490 0.610242 0.592806 0.616304 0.644490 0.615242 0.597806 0.621304 0.649490 0.620242 0.602806 0.626304 0.654490 0.625242 0.607806 0.631304 0.659490 0.630242 0.612806 0.636304 0.664490 0.635242 0.617806 0.641304 0.669490 0.640242 0.622806 0.646304 0.674490 0.645242 0.627806 0.651304 0.679490 0.650242 0.632806 0.656304 0.684490 0.655242 0.637806 0.661304 0.689490 0.660242 0.642806 0.666304 0.694490 0.665242 0.647806 0.671304 0.699490 0.670242 0.652806 0.676304 0.704490 0.675242 0.657806 0.681304 0.709490 0.680242 0.662806 0.686304 0.714490 0.685242 0.667806 0.691304 0.719490 0.690242 0.672806 0.696304 0.724490 0.695242 0.677806 0.701304 0.729490 0.700242 0.682806 0.706304 0.734490 0.705242 0.687806 0.711304 0.739490 0.710242 0.692806 0.716304 0.744490 0.715242 0.697806 0.721304 0.749490 0.720242 0.702806 0.726304 0.754490 0.725242 0.707806 0.731304 0.759490 0.730242 0.712806 0.736304 0.764490 0.735242 0.717806 0.741304 0.769490 0.740242 0.722806 0.746304 0.774490 0.745242 0.727806 0.751304 0.779490 0.750242 0.732806 0.756304 0.784490 0.755242 0.737806 0.761304 0.789490 0.760242  
0.000010 0.000010 0.000010 0.000010 0.000010 0.000010 0.000010 0.000010 0.000010 0.000010 0.000010 0.000010 0.000010 0.000010 0.000010 0.000010 0.000010 0.000010 0.000010 0.000010 0.000010 0.000010 0.000010 0.000010 0.000010 0.000010 0.000010 0.000010 0.000010 0.000010 0.000010 0.000010 0.000010 0.000010 0.000010 0.000010 0.000010 0.000010 0.000010 0.000010 0.000010 0.000010 0.000010 0.000010 0.000010 0.000010 0.000010 0.000010 0.000010 0.000010 0.000010 0.000010 0.000010 0.000010 0.000010 0.000010 0.000010 0.000010 0.000010 0.000010 0.000010 0.000010 0.000010 0.000010 0.000010 0.000010 0.000010 0.000010 0.000010 0.000010 0.000010 0.000010 0.000010 0.000010 0.000010 0.000010 0.000010 0.000010 0.000010 0.000010 0.000010 0.000010 0.000010 0.000010 0.000010 0.000010 0.000010 0.000010 0.000010 0.000010 0.000010 0.000010 0.000010 0.000010 0.000010 0.000010 0.000010 0.000010 0.000010 0.000010 0.000010 0.000010 0.000010 0.000010 0.000010 0.000010 0.000010 0.000010 0.000010 0.000010 0.000010 0.000010 0.000010 0.000010 0.000010 0.000010 0.000010 0.000010 0.000010 0.000010 0.000010 0.000010 0.000010 0.000010 0.000010 0.000010 0.000010 0.000010 0.000010 0.000010 0.000010 0.000010 0.000010 0.000010 0.000010 0.000010 0.000010 0.000010 0.000010 0.000010 0.000010 0.000010 0.000010 0.000010 0.000010 0.000010 0.000010 0.000010 0.000010 0.000010 0.000010 0.000010 0.000010 0.000010 0.000010 0.000010 0.000010 0.000010 0.000010 0.000010 0.000010 0.000010 0.000010 0.000010 0.000010 0.000010 0.000010 0.000010 0.000010 0.000010 0.000010 0.000010 0.000010 0.000010 0.000010 0.000010 0.000010 0.000010 0.000010 0.000010 0.000010 0.000010 0.000010 0.000010 0.000010 0.000010 0.000010 0.000010 0.000010 0.000010 0.000010 0.000010 0.000010 0.000010 0.000010 0.000010 0.000010 0.000010 0.000010 0.000010 0.000010 0.000010 0.000010 0.000010 0.000010 0.000010 0.000010 0.000010 0.000010 0.000010 0.000010 0.000010 0.000010 0.000010 0.000010 0.000010 0.000010 0.000010 0.000010 0.000010 0.000010 0.000010 0.000010 0.000010 0.000010 0.000010 0.000010 0.000010 0.000010 0.000010 0.000010 0.000010 0.000010 0.000010 0.000010 0.000010 0.000010 0.000010 0.000010 0.000010 0.000010 0.000010 0.000010 0.000010 0.000010 0.000010 0.000010 0.000010 0.000010 0.000010 0.000010 0.000010 0.000010 0.000010 0.000010 0.000010 0.000010 0.000010 0.000010 0.000010 0.000010 0.000010 0.000010 0.000010 0.000010 0.000010 0.000010 0.000010 0.000010 0.000010 0.000010 0.000010 0.000010 0.000010 0.000010 0.000010 0.000010 0.000010 0.000010 0.000010 0.000010 0.000010 0.000010 0.000010 0.000010 0.000010 0.000010 0.000010 0.000010 0.000010 0.000010 0.000010 0.000010 0.000010 0.000010 0.000010 0.000010 0.000010 0.000010 0.000010 0.000010 0.000010 0.000010 0.000010 0.000010 0.000010 0.000010 0.000010 0.000010 0.000010 0.000010 0.000010 0.000010 0.000010 0.000010 0.000010 0.000010 0.000010 0.000010 0.000010 0.000010 0.000010 0.000010 0.000010 0.000010 0.000010 0.000010 0.000010 0.000010 0.000010 0.000010 0.000010 0.000010 0.000010 0.000010 0.000010 0.000010 0.000010 0.000010 0.000010 0.000010 0.000010 0.000010 0.000010 0.000010 0.000010 0.000010 0.000010 0.000010 0.000010 0.000010 0.000010 0.000010 0.000010 0.000010 0.000010 0.000010 0.000010 0.000010 0.000010 0.000010 0.000010 0.000010 0.000010 0.000010 0.000010 0.000010 0.000010 0.000010 0.000010 0.000010 0.000010 0.000010 0.000010 0.000010 0.000010 0.000010 0.000010 0.000010 0.000010 0.000010 0.000010 0.000010 0.000010 0.000010 0.000010 0.000010 0.000010 0.000010 0.000010 0.000010 0.000010 0.000010 0.000010 0.000010 0.000010 0.000010 0.000010 0.000010 0.000010 0.000010 0.000010 0.000010 0.000010 0.000010 0.000010 0.000010 0.000010 0.000010 0.000010 0.000010 0.000010 0.000010 0.000010 0.000010 0.000010 0.000010 0.000010 0.000010 0.000010 0.000010 0.000010 0.000010 0.000010 0.000010 0.000010 0.000010 0.000010 0.000010 0.000010 0.000010 0.000010 0.000010 0.000010 0.000010 0.000010 0.000010 0.000010 0.000010 0.000010 0.000010 0.000010 0.000010 0.000010 0.000010 0.000010 0.000010 0.000010 0.000010 0.000010 0.000010 0.000010 0.000010 0.000010 0.000010 0.000010 0.000010 0.000010 0.000010 0.000010 0.000010 0.000010 0.000010 0.000010 0.000010 0.000010 0.000010 0.000010 0.000010 0.000010 0.000010 0.000010 0.000010 0.000010 0.000010 0.000010 0.000010 0.000010 0.000010 0.000010 0.000010 0.000010 0.000010 0.000010 0.000010 0.000010 0.000010 0.000010 0.000010 0.000010 0.000010 0.000010 0.000010 0.000010 0.000010 0.000010 0.000010 0.000010 0.000010 0.000010 0.000010 0.000010 0.000010 0.000010 0.000010 0.000010 0.000010 0.000010 0.000010 0.000010 0.000010 0.000010 0.000010 0.000010 0.000010 0.000010 0.000010 0.000010 0.000010 0.000010 0.000010 0.000010 0.000010 0.000010 0.000010 0.000010 0.000010 0.000010 0.000010 0.000010 0.000010 0.000010 0.000010 0.000010 0.000010 0.000010 0.000010 0.000010 0.000010 0.000010 0.000010 0.000010 0.000010 0.000010 0.000010 0.000010 0.000010 0.000010 0.000010 0.000010 0.000010 0.000010 0.000010 0.000010 0.000010 0.000010 0.000010 0.000010 0.000010 0.000010 0.000010 0.000010 0.000010 0.000010 0.000010 0.000010 0.000010 0.000010 0.000010 0.000010 0.000010 0.000010 0.000010 0.000010 0.000010 0.000010 0.000010 0.000010 0.000010 0.000010 0.000010 0.000010 0.000010 0.000010 0.000010 0.000010 0.000010 0.000010 0.000010 0.000010 0.000010 0.000010 0.000010 0.000010 0.000010 0.000010 0.000010 0.000010 0.000010 0.000010 0.000010 0.000010 0.000010 0.000010 0.000010 0.000010 0.000010 0.000010 0.000010 0.000010 0.000010 0.000010 0.000010 0.000010 0.000010 0.000010 0.000010 0.000010 0.000010 0.000010 0.000010 0.000010 0.000010 0.000010 0.000010 0.000010 0.000010 0.000010 0.000010 0.000010 0.000010 0.000010 0.000010 0.000010 0.000010 0.000010 0.000010 0.000010 0.000010 0.000010 0.000010 0.000010 0.000010 0.000010 0.000010 0.000010 0.000010 0.000010 0.000010 0.000010 0.000010 0.000010 0.000010 0.000010 0.000010 0.000010 0.000010 0.000010 0.000010 0.000010 0.000010 0.000010 0.000010 0.000010 0.000010 0.000010 0.000010 0.000010 0.000010 0.000010 0.000010 0.000010 0.000010 0.000010 0.000010 0.000010 0.000010 0.000010 0.000010 0.000010 0.000010 0.000010 0.000010 0.000010 0.000010 0.000010 0.000010 0.000010 0.000010 0.000010 0.000010 0.000010 0.000010 0.000010 0.000010 0.000010 0.000010 0.000010 0.000010 0.000010 0.000010 0.000010 0.000010 0.000010 0.000010 0.000010 0.000010 0.000010 0.000010 0.000010 0.000010 0.000010 0.000010 0.000010 0.000010 0.000010 0.000010 0.000010 0.000010 0.000010 0.000010 0.000010 0.000010 0.000010  
0.000000 0.000000 0.000000 0.000000 0.000000 0.000000 0.000000 0.000000 0.000000 0.000000 0.000000 0.000000 0.000000 0.000000 0.000000 0.000000 0.000000 0.000000 0.000000 0.000000 0.000000 0.000000 0.000000 0.000000 0.000000 0.000000 0.000000 0.000000 0.000000 0.000000 0.000000 0.000000 0.000000 0.000000 0.000000 0.000000 0.000000 0.000000 0.000000 0.000000 0.000000 0.000000 0.000000 0.000000 0.000000 0.000000 0.000000 0.000000 0.000000 0.000000 0.000000 0.000000 0.000000 0.000000 0.000000 0.000000 0.000000 0.000000 0.000000 0.000000 0.000000 0.000000 0.000000 0.000000 0.000000 0.000000 0.000000 0.000000 0.000000 0.000000 0.000000 0.000000 0.000000 0.000000 0.000000 0.000000 0.000000 0.000000 0.000000 0.000000 0.000000 0.000000 0.000000 0.000000 0.000000 0.000000 0.000000 0.000000 0.000000 0.000000 0.000000 0.000000 0.000000 0.000000 0.000000 0.000000 0.000000 0.000000 0.000000 0.000000 0.000000 0.000000 0.000000 0.000000 0.000000 0.000000 0.000000 0.000000 0.000000 0.000000 0.000000 0.000000 0.000000 0.000000 0.000000 0.000000 0.000000 0.000000 0.000000 0.000000 0.000000 0.000000 0.000000 0.000000 0.000000 0.000000 0.000000 0.000000 0.000000 0.000000 0.000000 0.000000 0.000000 0.000000 0.000000 0.000000 0.000000 0.000000 0.000000 0.000000 0.000000 0.000000 0.000000 0.000000 0.000000 0.000000 0.000000 0.000000 0.000000 0.000000 0.000000 0.000000 0.000000 0.000000 0.000000 0.000000 0.000000 0.000000 0.000000 0.000000 0.000000 0.000000 0.000000 0.000000 0.000000 0.000000 0.000000 0.000000 0.000000 0.000000 0.000000 0.000000 0.000000 0.000000 0.000000 0.000000 0.000000 0.000000 0.000000 0.000000 0.000000 0.000000 0.000000 0.000000 0.000000 0.000000 0.000000 0.000000 0.000000 0.000000 0.000000 0.000000 0.000000 0.000000 0.000000 0.000000 0.000000 0.000000 0.000000 0.000000 0.000000 0.000000 0.000000 0.000000 0.000000 0.000000 0.000000 0.000000 0.000000 0.000000 0.000000 0.000000 0.000000 0.000000 0.000000 0.000000 0.000000 0.000000 0.000000 0.000000 0.000000 0.000000 0.000000 0.000000 0.000000 0.000000 0.000000 0.000000 0.000000 0.000000 0.000000 0.000000 0.000000 0.000000 0.000000 0.000000 0.000000 0.000000 0.000000 0.000000 0.000000 0.000000 0.000000 0.000000 0.000000 0.000000 0.000000 0.000000 0.000000 0.000000 0.000000 0.000000 0.000000 0.000000 0.000000 0.000000 0.000000 0.000000 0.000000 0.000000 0.000000 0.000000 0.000000 0.000000 0.000000 0.000000 0.000000 0.000000 0.000000 0.000000 0.000000 0.000000 0.000000 0.000000 0.000000 0.000000 0.000000 0.000000 0.000000 0.000000 0.000000 0.000000 0.000000 0.000000 0.000000 0.000000 0.000000 0.000000 0.000000 0.000000 0.000000 0.000000 0.000000 0.000000 0.000000 0.000000 0.000000 0.000000 0.000000 0.000000 0.000000 0.000000 0.000000 0.000000 0.000000 0.000000 0.000000 0.000000 0.000000 0.000000 0.000000 0.000000 0.000000 0.000000 0.000000 0.000000 0.000000 0.000000 0.000000 0.000000 0.000000 0.000000 0.000000 0.000000 0.000000 0.000000 0.000000 0.000000 0.000000 0.000000 0.000000 0.000000 0.000000 0.000000 0.000000 0.000000 0.000000 0.000000 0.000000 0.000000 0.000000 0.000000 0.000000 0.000000 0.000000 0.000000 0.000000 0.000000 0.000000 0.000000 0.000000 0.000000 0.000000 0.000000 0.000000 0.000000 0.000000 0.000000 0.000000 0.000000 0.000000 0.000000 0.000000 0.000000 0.000000 0.000000 0.000000 0.000000 0.000000 0.000000 0.000000 0.000000 0.000000 0.000000 0.000000 0.000000 0.000000 0.000000 0.000000 0.000000 0.000000 0.000000 0.000000 0.000000 0.000000 0.000000 0.000000 0.000000 0.000000 0.000000 0.000000 0.000000 0.000000 0.000000 0.000000 0.000000 0.000000 0.000000 0.000000 0.000000 0.000000 0.000000 0.000000 0.000000 0.000000 0.000000 0.000000 0.000000 0.000000 0.000000 0.000000 0.000000 0.000000 0.000000 0.000000 0.000000 0.000000 0.000000 0.000000 0.000000 0.000000 0.000000 0.000000 0.000000 0.000000 0.000000 0.000000 0.000000 0.000000 0.000000 0.000000 0.000000 0.000000 0.000000 0.000000 0.000000 0.000000 0.000000 0.000000 0.000000 0.000000 0.000000 0.000000 0.000000 0.000000 0.000000 0.000000 0.000000 0.000000 0.000000 0.000000 0.000000 0.000000 0.000000 0.000000 0.000000 0.000000 0.000000 0.000000 0.000000 0.000000 0.000000 0.000000 0.000000 0.000000 0.000000 0.000000 0.000000 0.000000 0.000000 0.000000 0.000000 0.000000 0.000000 0.000000 0.000000 0.000000 0.000000 0.000000 0.000000 0.000000 0.000000 0.000000 0.000000 0.000000 0.000000 0.000000 0.000000 0.000000 0.000000 0.000000 0.000000 0.000000 0.000000 0.000000 0.000000 0.000000 0.000000 0.000000 0.000000 0.000000 0.000000 0.000000 0.000000 0.000000 0.000000 0.000000 0.000000 0.000000 0.000000 0.000000 0.000000 0.000000 0.000000 0.000000 0.000000 0.000000 0.000000 0.000000 0.000000 0.000000 0.000000 0.000000 0.000000 0.000000 0.000000 0.000000 0.000000 0.000000 0.000000 0.000000 0.000000 0.000000 0.000000 0.000000 0.000000 0.000000 0.000000 0.000000 0.000000 0.000000 0.000000 0.000000 0.000000 0.000000 0.000000 0.000000 0.000000 0.000000 0.000000 0.000000 0.000000 0.000000 0.000000 0.000000 0.000000 0.000000 0.000000 0.000000 0.000000 0.000000 0.000000 0.000000 0.000000 0.000000 0.000000 0.000000 0.000000 0.000000 0.000000 0.000000 0.000000 0.000000 0.000000 0.000000 0.000000 0.000000 0.000000 0.000000 0.000000 0.000000 0.000000 0.000000 0.000000 0.000000 0.000000 0.000000 0.000000 0.000000 0.000000 0.000000 0.000000 0.000000 0.000000 0.000000 0.000000 0.000000 0.000000 0.000000 0.000000 0.000000 0.000000 0.000000 0.000000 0.000000 0.000000 0.000000 0.000000 0.000000 0.000000 0.000000 0.000000 0.000000 0.000000 0.000000 0.000000 0.000000 0.000000 0.000000 0.000000 0.000000 0.000000 0.000000 0.000000 0.000000 0.000000 0.000000 0.000000 0.000000 0.000000 0.000000 0.000000 0.000000 0.000000 0.000000 0.000000 0.000000 0.000000 0.000000 0.000000 0.000000 0.000000 0.000000 0.000000 0.000000 0.000000 0.000000 0.000000 0.000000 0.000000 0.000000 0.000000 0.000000 0.000000 0.000000 0.000000 0.000000 0.000000 0.000000 0.000000 0.000000 0.000000 0.000000 0.000000 0.000000 0.000000 0.000000 0.000000 0.000000 0.000000 0.000000 0.000000 0.000000 0.000000 0.000000 0.000000 0.000000 0.000000 0.000000 0.000000 0.000000 0.000000 0.000000 0.000000 0.000000 0.000000 0.000000 0.000000 0.000000 0.000000 0.000000 0.000000 0.000000 0.000000 0.000000 0.000000 0.000000 0.000000 0.000000 0.000000 0.000000 0.000000 0.000000 0.000000 0.000000 0.000000 0.000000 0.000000 0.000000 0.000000 0.000000 0.000000 0.000000 0.000000 0.000000 0.000000 0.000000 0.000000 0.000000 0.000000 0.000000 0.000000 0.000000 0.000000 