Reynolds number List -  Side 
4 
      500000.0 
     1000000.0 
     5000000.0 
    10000000.0 
Angle of Attack List -  Downwards 
181 
-5.00 
 -4.75 
 -4.50 
 -4.25 
 -4.00 
 -3.75 
 -3.50 
 -3.25 
 -3.00 
 -2.75 
 -2.50 
 -2.25 
 -2.00 
 -1.75 
 -1.50 
 -1.25 
 -1.00 
 -0.75 
 -0.50 
 -0.25 
 0.00 
 0.25 
 0.50 
 0.75 
 1.00 
 1.25 
 1.50 
 1.75 
 2.00 
 2.25 
 2.50 
 2.75 
 3.00 
 3.25 
 3.50 
 3.75 
 4.00 
 4.25 
 4.50 
 4.75 
 5.00 
 5.25 
 5.50 
 5.75 
 6.00 
 6.25 
 6.50 
 6.75 
 7.00 
 7.25 
 7.50 
 7.75 
 8.00 
 8.25 
 8.50 
 8.75 
 9.00 
 9.25 
 9.50 
 9.75 
 10.00 
 10.25 
 10.50 
 10.75 
 11.00 
 11.25 
 11.50 
 11.75 
 12.00 
 12.25 
 12.50 
 12.75 
 13.00 
 13.25 
 13.50 
 13.75 
 14.00 
 14.25 
 14.50 
 14.75 
 15.00 
 15.25 
 15.50 
 15.75 
 16.00 
 16.25 
 16.50 
 16.75 
 17.00 
 17.25 
 17.50 
 17.75 
 18.00 
 18.25 
 18.50 
 18.75 
 19.00 
 19.25 
 19.50 
 19.75 
 20.00 
 20.25 
 20.50 
 20.75 
 21.00 
 21.25 
 21.50 
 21.75 
 22.00 
 22.25 
 22.50 
 22.75 
 23.00 
 23.25 
 23.50 
 23.75 
 24.00 
 24.25 
 24.50 
 24.75 
 25.00 
 25.25 
 25.50 
 25.75 
 26.00 
 26.25 
 26.50 
 26.75 
 27.00 
 27.25 
 27.50 
 27.75 
 28.00 
 28.25 
 28.50 
 28.75 
 29.00 
 29.25 
 29.50 
 29.75 
 30.00 
 30.25 
 30.50 
 30.75 
 31.00 
 31.25 
 31.50 
 31.75 
 32.00 
 32.25 
 32.50 
 32.75 
 33.00 
 33.25 
 33.50 
 33.75 
 34.00 
 34.25 
 34.50 
 34.75 
 35.00 
 35.25 
 35.50 
 35.75 
 36.00 
 36.25 
 36.50 
 36.75 
 37.00 
 37.25 
 37.50 
 37.75 
 38.00 
 38.25 
 38.50 
 38.75 
 39.00 
 39.25 
 39.50 
 39.75 
 40.00 
  Pressure BL Thick 
 Pressure Disp Thick 
Pressure Cf  
Suction BL Thick  
Suction Disp Thick  
Cf Suction  
0.004212 0.003407 0.002234 0.001951 0.004212 0.003407 0.002234 0.001951 0.004212 0.003407 0.002234 0.001951 0.004212 0.003407 0.002234 0.001951 0.004212 0.003407 0.002234 0.001951 0.004212 0.003407 0.002234 0.001951 0.004212 0.003407 0.002234 0.001951 0.004212 0.003407 0.002234 0.001951 0.004212 0.003407 0.002234 0.001951 0.004212 0.003407 0.002234 0.001951 0.004212 0.003407 0.002234 0.001951 0.004212 0.003407 0.002234 0.001951 0.004212 0.003407 0.002234 0.001951 0.004212 0.003407 0.002234 0.001951 0.004212 0.003407 0.002234 0.001951 0.004212 0.003407 0.002234 0.001951 0.004212 0.003407 0.002234 0.001951 0.004212 0.003407 0.002234 0.001951 0.004212 0.003407 0.002234 0.001951 0.004212 0.003407 0.002234 0.001951 0.004212 0.003407 0.002234 0.001951 0.004121 0.003342 0.002199 0.001923 0.004034 0.003279 0.002164 0.001894 0.003949 0.003218 0.002131 0.001867 0.003866 0.003158 0.002098 0.001840 0.003787 0.003099 0.002065 0.001813 0.003709 0.003042 0.002034 0.001786 0.003633 0.002987 0.002002 0.001760 0.003559 0.002932 0.001972 0.001732 0.003487 0.002879 0.001942 0.001701 0.003417 0.002827 0.001912 0.001676 0.003350 0.002776 0.001883 0.001651 0.003283 0.002727 0.001855 0.001627 0.003218 0.002679 0.001827 0.001604 0.003155 0.002631 0.001800 0.001572 0.003093 0.002585 0.001772 0.001549 0.003032 0.002539 0.001735 0.001526 0.002973 0.002494 0.001709 0.001498 0.002914 0.002450 0.001683 0.001473 0.002857 0.002407 0.001649 0.001450 0.002802 0.002365 0.001623 0.001416 0.002747 0.002323 0.001589 0.001379 0.002693 0.002282 0.001562 0.001341 0.002640 0.002241 0.001528 0.001313 0.002588 0.002202 0.001496 0.001277 0.002536 0.002153 0.001451 0.001249 0.002486 0.002114 0.001415 0.001215 0.002436 0.002065 0.001375 0.001190 0.002386 0.002023 0.001336 0.001160 0.002334 0.001975 0.001295 0.001134 0.002279 0.001933 0.001257 0.001109 0.002232 0.001885 0.001220 0.001083 0.002180 0.001848 0.001180 0.001061 0.002120 0.001780 0.001141 0.001032 0.002064 0.001701 0.001109 0.000996 0.001998 0.001642 0.001078 0.000952 0.001945 0.001572 0.001047 0.000925 0.001875 0.001524 0.001022 0.000903 0.001796 0.001466 0.000995 0.000883 0.001737 0.001432 0.000975 0.000865 0.001657 0.001389 0.000954 0.000843 0.001609 0.001341 0.000933 0.000824 0.001563 0.001275 0.000912 0.000808 0.001520 0.001244 0.000891 0.000792 0.001478 0.001213 0.000872 0.000772 0.001435 0.001194 0.000846 0.000747 0.001403 0.001170 0.000808 0.000733 0.001372 0.001142 0.000796 0.000699 0.001341 0.001122 0.000777 0.000690 0.001314 0.001098 0.000764 0.000673 0.001285 0.001076 0.000753 0.000662 0.001246 0.001054 0.000736 0.000651 0.001221 0.001017 0.000728 0.000637 0.001201 0.000999 0.000698 0.000612 0.001180 0.000989 0.000684 0.000598 0.001150 0.000968 0.000675 0.000591 0.001124 0.000944 0.000663 0.000581 0.001099 0.000919 0.000649 0.000567 0.001074 0.000896 0.000625 0.000548 0.001059 0.000885 0.000617 0.000541 0.001032 0.000859 0.000602 0.000526 0.001001 0.000833 0.000590 0.000514 0.000985 0.000824 0.000582 0.000498 0.000976 0.000819 0.000564 0.000491 0.000964 0.000801 0.000559 0.000481 0.000943 0.000779 0.000548 0.000472 0.000914 0.000763 0.000535 0.000469 0.000899 0.000749 0.000518 0.000468 0.000883 0.000735 0.000517 0.000447 0.000858 0.000722 0.000511 0.000436 0.000845 0.000716 0.000489 0.000429 0.000827 0.000695 0.000477 0.000422 0.000802 0.000668 0.000467 0.000416 0.000791 0.000659 0.000448 0.000407 0.000779 0.000646 0.000450 0.000383 0.000763 0.000637 0.000447 0.000377 0.000752 0.000630 0.000440 0.000375 0.000731 0.000619 0.000418 0.000369 0.000715 0.000601 0.000411 0.000364 0.000707 0.000588 0.000407 0.000355 0.000701 0.000583 0.000410 0.000338 0.000693 0.000577 0.000399 0.000334 0.000671 0.000564 0.000393 0.000334 0.000655 0.000550 0.000382 0.000335 0.000641 0.000539 0.000374 0.000324 0.000630 0.000532 0.000364 0.000315 0.000625 0.000516 0.000363 0.000307 0.000610 0.000505 0.000338 0.000293 0.000589 0.000492 0.000331 0.000293 0.000582 0.000475 0.000329 0.000288 0.000577 0.000470 0.000321 0.000276 0.000575 0.000461 0.000311 0.000262 0.000572 0.000442 0.000297 0.000251 0.000568 0.000428 0.000285 0.000236 0.000568 0.000420 0.000274 0.000218 0.000568 0.000402 0.000268 0.000200 0.000568 0.000379 0.000260 0.000197 0.000568 0.000361 0.000245 0.000194 0.000568 0.000357 0.000236 0.000181 0.000568 0.000353 0.000225 0.000170 0.000568 0.000353 0.000216 0.000163 0.000568 0.000350 0.000205 0.000163 0.000568 0.000350 0.000202 0.000159 0.000568 0.000350 0.000195 0.000160 0.000568 0.000350 0.000223 0.000159 0.000568 0.000350 0.000188 0.000156 0.000568 0.000350 0.000180 0.000156 0.000568 0.000350 0.000179 0.000156 0.000568 0.000350 0.000185 0.000158 0.000568 0.000350 0.000176 0.000159 0.000568 0.000350 0.000176 0.000159 0.000568 0.000350 0.000176 0.000159 0.000568 0.000350 0.000176 0.000159 0.000568 0.000350 0.000176 0.000159 0.000568 0.000350 0.000176 0.000159 0.000568 0.000350 0.000176 0.000159 0.000568 0.000350 0.000176 0.000159 0.000568 0.000350 0.000176 0.000159 0.000568 0.000350 0.000176 0.000159 0.000568 0.000350 0.000176 0.000159 0.000568 0.000350 0.000176 0.000159 0.000568 0.000350 0.000176 0.000159 0.000568 0.000350 0.000176 0.000159 0.000568 0.000350 0.000176 0.000159 0.000568 0.000350 0.000176 0.000159 0.000568 0.000350 0.000176 0.000159 0.000568 0.000350 0.000176 0.000159 0.000568 0.000350 0.000176 0.000159 0.000568 0.000350 0.000176 0.000159 0.000568 0.000350 0.000176 0.000159 0.000568 0.000350 0.000176 0.000159 0.000568 0.000350 0.000176 0.000159 0.000568 0.000350 0.000176 0.000159 0.000568 0.000350 0.000176 0.000159 0.000568 0.000350 0.000176 0.000159 0.000568 0.000350 0.000176 0.000159 0.000568 0.000350 0.000176 0.000159 0.000568 0.000350 0.000176 0.000159 0.000568 0.000350 0.000176 0.000159 0.000568 0.000350 0.000176 0.000159 0.000568 0.000350 0.000176 0.000159 0.000568 0.000350 0.000176 0.000159 0.000568 0.000350 0.000176 0.000159 0.000568 0.000350 0.000176 0.000159 0.000568 0.000350 0.000176 0.000159 0.000568 0.000350 0.000176 0.000159 0.000568 0.000350 0.000176 0.000159 0.000568 0.000350 0.000176 0.000159 0.000568 0.000350 0.000176 0.000159 0.000568 0.000350 0.000176 0.000159 0.000568 0.000350 0.000176 0.000159 0.000568 0.000350 0.000176 0.000159 0.000568 0.000350 0.000176 0.000159 0.000568 0.000350 0.000176 0.000159 0.000568 0.000350 0.000176 0.000159 0.000568 0.000350 0.000176 0.000159 0.000568 0.000350 0.000176 0.000159 0.000568 0.000350 0.000176 0.000159 0.000568 0.000350 0.000176 0.000159 0.000568 0.000350 0.000176 0.000159 0.000568 0.000350 0.000176 0.000159  
0.004212 0.003407 0.002234 0.001951 0.004212 0.003407 0.002234 0.001951 0.004212 0.003407 0.002234 0.001951 0.004212 0.003407 0.002234 0.001951 0.004212 0.003407 0.002234 0.001951 0.004212 0.003407 0.002234 0.001951 0.004212 0.003407 0.002234 0.001951 0.004212 0.003407 0.002234 0.001951 0.004212 0.003407 0.002234 0.001951 0.004212 0.003407 0.002234 0.001951 0.004212 0.003407 0.002234 0.001951 0.004212 0.003407 0.002234 0.001951 0.004212 0.003407 0.002234 0.001951 0.004212 0.003407 0.002234 0.001951 0.004212 0.003407 0.002234 0.001951 0.004212 0.003407 0.002234 0.001951 0.004212 0.003407 0.002234 0.001951 0.004212 0.003407 0.002234 0.001951 0.004212 0.003407 0.002234 0.001951 0.004212 0.003407 0.002234 0.001951 0.004212 0.003407 0.002234 0.001951 0.004121 0.003342 0.002199 0.001923 0.004034 0.003279 0.002164 0.001894 0.003949 0.003218 0.002131 0.001867 0.003866 0.003158 0.002098 0.001840 0.003787 0.003099 0.002065 0.001813 0.003709 0.003042 0.002034 0.001786 0.003633 0.002987 0.002002 0.001760 0.003559 0.002932 0.001972 0.001732 0.003487 0.002879 0.001942 0.001701 0.003417 0.002827 0.001912 0.001676 0.003350 0.002776 0.001883 0.001651 0.003283 0.002727 0.001855 0.001627 0.003218 0.002679 0.001827 0.001604 0.003155 0.002631 0.001800 0.001572 0.003093 0.002585 0.001772 0.001549 0.003032 0.002539 0.001735 0.001526 0.002973 0.002494 0.001709 0.001498 0.002914 0.002450 0.001683 0.001473 0.002857 0.002407 0.001649 0.001450 0.002802 0.002365 0.001623 0.001416 0.002747 0.002323 0.001589 0.001379 0.002693 0.002282 0.001562 0.001341 0.002640 0.002241 0.001528 0.001313 0.002588 0.002202 0.001496 0.001277 0.002536 0.002153 0.001451 0.001249 0.002486 0.002114 0.001415 0.001215 0.002436 0.002065 0.001375 0.001190 0.002386 0.002023 0.001336 0.001160 0.002334 0.001975 0.001295 0.001134 0.002279 0.001933 0.001257 0.001109 0.002232 0.001885 0.001220 0.001083 0.002180 0.001848 0.001180 0.001061 0.002120 0.001780 0.001141 0.001032 0.002064 0.001701 0.001109 0.000996 0.001998 0.001642 0.001078 0.000952 0.001945 0.001572 0.001047 0.000925 0.001875 0.001524 0.001022 0.000903 0.001796 0.001466 0.000995 0.000883 0.001737 0.001432 0.000975 0.000865 0.001657 0.001389 0.000954 0.000843 0.001609 0.001341 0.000933 0.000824 0.001563 0.001275 0.000912 0.000808 0.001520 0.001244 0.000891 0.000792 0.001478 0.001213 0.000872 0.000772 0.001435 0.001194 0.000846 0.000747 0.001403 0.001170 0.000808 0.000733 0.001372 0.001142 0.000796 0.000699 0.001341 0.001122 0.000777 0.000690 0.001314 0.001098 0.000764 0.000673 0.001285 0.001076 0.000753 0.000662 0.001246 0.001054 0.000736 0.000651 0.001221 0.001017 0.000728 0.000637 0.001201 0.000999 0.000698 0.000612 0.001180 0.000989 0.000684 0.000598 0.001150 0.000968 0.000675 0.000591 0.001124 0.000944 0.000663 0.000581 0.001099 0.000919 0.000649 0.000567 0.001074 0.000896 0.000625 0.000548 0.001059 0.000885 0.000617 0.000541 0.001032 0.000859 0.000602 0.000526 0.001001 0.000833 0.000590 0.000514 0.000985 0.000824 0.000582 0.000498 0.000976 0.000819 0.000564 0.000491 0.000964 0.000801 0.000559 0.000481 0.000943 0.000779 0.000548 0.000472 0.000914 0.000763 0.000535 0.000469 0.000899 0.000749 0.000518 0.000468 0.000883 0.000735 0.000517 0.000447 0.000858 0.000722 0.000511 0.000436 0.000845 0.000716 0.000489 0.000429 0.000827 0.000695 0.000477 0.000422 0.000802 0.000668 0.000467 0.000416 0.000791 0.000659 0.000448 0.000407 0.000779 0.000646 0.000450 0.000383 0.000763 0.000637 0.000447 0.000377 0.000752 0.000630 0.000440 0.000375 0.000731 0.000619 0.000418 0.000369 0.000715 0.000601 0.000411 0.000364 0.000707 0.000588 0.000407 0.000355 0.000701 0.000583 0.000410 0.000338 0.000693 0.000577 0.000399 0.000334 0.000671 0.000564 0.000393 0.000334 0.000655 0.000550 0.000382 0.000335 0.000641 0.000539 0.000374 0.000324 0.000630 0.000532 0.000364 0.000315 0.000625 0.000516 0.000363 0.000307 0.000610 0.000505 0.000338 0.000293 0.000589 0.000492 0.000331 0.000293 0.000582 0.000475 0.000329 0.000288 0.000577 0.000470 0.000321 0.000276 0.000575 0.000461 0.000311 0.000262 0.000572 0.000442 0.000297 0.000251 0.000568 0.000428 0.000285 0.000236 0.000568 0.000420 0.000274 0.000218 0.000568 0.000402 0.000268 0.000200 0.000568 0.000379 0.000260 0.000197 0.000568 0.000361 0.000245 0.000194 0.000568 0.000357 0.000236 0.000181 0.000568 0.000353 0.000225 0.000170 0.000568 0.000353 0.000216 0.000163 0.000568 0.000350 0.000205 0.000163 0.000568 0.000350 0.000202 0.000159 0.000568 0.000350 0.000195 0.000160 0.000568 0.000350 0.000223 0.000159 0.000568 0.000350 0.000188 0.000156 0.000568 0.000350 0.000180 0.000156 0.000568 0.000350 0.000179 0.000156 0.000568 0.000350 0.000185 0.000158 0.000568 0.000350 0.000176 0.000159 0.000568 0.000350 0.000176 0.000159 0.000568 0.000350 0.000176 0.000159 0.000568 0.000350 0.000176 0.000159 0.000568 0.000350 0.000176 0.000159 0.000568 0.000350 0.000176 0.000159 0.000568 0.000350 0.000176 0.000159 0.000568 0.000350 0.000176 0.000159 0.000568 0.000350 0.000176 0.000159 0.000568 0.000350 0.000176 0.000159 0.000568 0.000350 0.000176 0.000159 0.000568 0.000350 0.000176 0.000159 0.000568 0.000350 0.000176 0.000159 0.000568 0.000350 0.000176 0.000159 0.000568 0.000350 0.000176 0.000159 0.000568 0.000350 0.000176 0.000159 0.000568 0.000350 0.000176 0.000159 0.000568 0.000350 0.000176 0.000159 0.000568 0.000350 0.000176 0.000159 0.000568 0.000350 0.000176 0.000159 0.000568 0.000350 0.000176 0.000159 0.000568 0.000350 0.000176 0.000159 0.000568 0.000350 0.000176 0.000159 0.000568 0.000350 0.000176 0.000159 0.000568 0.000350 0.000176 0.000159 0.000568 0.000350 0.000176 0.000159 0.000568 0.000350 0.000176 0.000159 0.000568 0.000350 0.000176 0.000159 0.000568 0.000350 0.000176 0.000159 0.000568 0.000350 0.000176 0.000159 0.000568 0.000350 0.000176 0.000159 0.000568 0.000350 0.000176 0.000159 0.000568 0.000350 0.000176 0.000159 0.000568 0.000350 0.000176 0.000159 0.000568 0.000350 0.000176 0.000159 0.000568 0.000350 0.000176 0.000159 0.000568 0.000350 0.000176 0.000159 0.000568 0.000350 0.000176 0.000159 0.000568 0.000350 0.000176 0.000159 0.000568 0.000350 0.000176 0.000159 0.000568 0.000350 0.000176 0.000159 0.000568 0.000350 0.000176 0.000159 0.000568 0.000350 0.000176 0.000159 0.000568 0.000350 0.000176 0.000159 0.000568 0.000350 0.000176 0.000159 0.000568 0.000350 0.000176 0.000159 0.000568 0.000350 0.000176 0.000159 0.000568 0.000350 0.000176 0.000159 0.000568 0.000350 0.000176 0.000159 0.000568 0.000350 0.000176 0.000159 0.000568 0.000350 0.000176 0.000159 0.000568 0.000350 0.000176 0.000159  
0.000000 0.000000 0.000000 0.000000 0.000000 0.000000 0.000000 0.000000 0.000000 0.000000 0.000000 0.000000 0.000000 0.000000 0.000000 0.000000 0.000000 0.000000 0.000000 0.000000 0.000000 0.000000 0.000000 0.000000 0.000000 0.000000 0.000000 0.000000 0.000000 0.000000 0.000000 0.000000 0.000000 0.000000 0.000000 0.000000 0.000000 0.000000 0.000000 0.000000 0.000000 0.000000 0.000000 0.000000 0.000000 0.000000 0.000000 0.000000 0.000000 0.000000 0.000000 0.000000 0.000000 0.000000 0.000000 0.000000 0.000000 0.000000 0.000000 0.000000 0.000000 0.000000 0.000000 0.000000 0.000000 0.000000 0.000000 0.000000 0.000000 0.000000 0.000000 0.000000 0.000000 0.000000 0.000000 0.000000 0.000000 0.000000 0.000000 0.000000 0.000000 0.000000 0.000000 0.000000 0.000000 0.000000 0.000000 0.000000 0.000000 0.000000 0.000000 0.000000 0.000000 0.000000 0.000000 0.000000 0.000000 0.000000 0.000000 0.000000 0.000000 0.000000 0.000000 0.000000 0.000000 0.000000 0.000000 0.000000 0.000000 0.000000 0.000000 0.000000 0.000000 0.000000 0.000000 0.000000 0.000000 0.000000 0.000000 0.000000 0.000000 0.000000 0.000000 0.000000 0.000000 0.000000 0.000000 0.000000 0.000000 0.000000 0.000000 0.000000 0.000000 0.000000 0.000000 0.000000 0.000000 0.000000 0.000000 0.000000 0.000000 0.000000 0.000000 0.000000 0.000000 0.000000 0.000000 0.000000 0.000000 0.000000 0.000000 0.000000 0.000000 0.000000 0.000000 0.000000 0.000000 0.000000 0.000000 0.000000 0.000000 0.000000 0.000000 0.000000 0.000000 0.000000 0.000000 0.000000 0.000000 0.000000 0.000000 0.000000 0.000000 0.000000 0.000000 0.000000 0.000000 0.000000 0.000000 0.000000 0.000000 0.000000 0.000000 0.000000 0.000000 0.000000 0.000000 0.000000 0.000000 0.000000 0.000000 0.000000 0.000000 0.000000 0.000000 0.000000 0.000000 0.000000 0.000000 0.000000 0.000000 0.000000 0.000000 0.000000 0.000000 0.000000 0.000000 0.000000 0.000000 0.000000 0.000000 0.000000 0.000000 0.000000 0.000000 0.000000 0.000000 0.000000 0.000000 0.000000 0.000000 0.000000 0.000000 0.000000 0.000000 0.000000 0.000000 0.000000 0.000000 0.000000 0.000000 0.000000 0.000000 0.000000 0.000000 0.000000 0.000000 0.000000 0.000000 0.000000 0.000000 0.000000 0.000000 0.000000 0.000000 0.000000 0.000000 0.000000 0.000000 0.000000 0.000000 0.000000 0.000000 0.000000 0.000000 0.000000 0.000000 0.000000 0.000000 0.000000 0.000000 0.000000 0.000000 0.000000 0.000000 0.000000 0.000000 0.000000 0.000000 0.000000 0.000000 0.000000 0.000000 0.000000 0.000000 0.000000 0.000000 0.000000 0.000000 0.000000 0.000000 0.000000 0.000000 0.000000 0.000000 0.000000 0.000000 0.000000 0.000000 0.000000 0.000000 0.000000 0.000000 0.000000 0.000000 0.000000 0.000000 0.000000 0.000000 0.000000 0.000000 0.000000 0.000000 0.000000 0.000000 0.000000 0.000000 0.000000 0.000000 0.000000 0.000000 0.000000 0.000000 0.000000 0.000000 0.000000 0.000000 0.000000 0.000000 0.000000 0.000000 0.000000 0.000000 0.000000 0.000000 0.000000 0.000000 0.000000 0.000000 0.000000 0.000000 0.000000 0.000000 0.000000 0.000000 0.000000 0.000000 0.000000 0.000000 0.000000 0.000000 0.000000 0.000000 0.000000 0.000000 0.000000 0.000000 0.000000 0.000000 0.000000 0.000000 0.000000 0.000000 0.000000 0.000000 0.000000 0.000000 0.000000 0.000000 0.000000 0.000000 0.000000 0.000000 0.000000 0.000000 0.000000 0.000000 0.000000 0.000000 0.000000 0.000000 0.000000 0.000000 0.000000 0.000000 0.000000 0.000000 0.000000 0.000000 0.000000 0.000000 0.000000 0.000000 0.000000 0.000000 0.000000 0.000000 0.000000 0.000000 0.000000 0.000000 0.000000 0.000000 0.000000 0.000000 0.000000 0.000000 0.000000 0.000000 0.000000 0.000000 0.000000 0.000000 0.000000 0.000000 0.000000 0.000000 0.000000 0.000000 0.000000 0.000000 0.000000 0.000000 0.000000 0.000000 0.000000 0.000000 0.000000 0.000000 0.000000 0.000000 0.000000 0.000000 0.000000 0.000000 0.000000 0.000000 0.000000 0.000000 0.000000 0.000000 0.000000 0.000000 0.000000 0.000000 0.000000 0.000000 0.000000 0.000000 0.000000 0.000000 0.000000 0.000000 0.000000 0.000000 0.000000 0.000000 0.000000 0.000000 0.000000 0.000000 0.000000 0.000000 0.000000 0.000000 0.000000 0.000000 0.000000 0.000000 0.000000 0.000000 0.000000 0.000000 0.000000 0.000000 0.000000 0.000000 0.000000 0.000000 0.000000 0.000000 0.000000 0.000000 0.000000 0.000000 0.000000 0.000000 0.000000 0.000000 0.000000 0.000000 0.000000 0.000000 0.000000 0.000000 0.000000 0.000000 0.000000 0.000000 0.000000 0.000000 0.000000 0.000000 0.000000 0.000000 0.000000 0.000000 0.000000 0.000000 0.000000 0.000000 0.000000 0.000000 0.000000 0.000000 0.000000 0.000000 0.000000 0.000000 0.000000 0.000000 0.000000 0.000000 0.000000 0.000000 0.000000 0.000000 0.000000 0.000000 0.000000 0.000000 0.000000 0.000000 0.000000 0.000000 0.000000 0.000000 0.000000 0.000000 0.000000 0.000000 0.000000 0.000000 0.000000 0.000000 0.000000 0.000000 0.000000 0.000000 0.000000 0.000000 0.000000 0.000000 0.000000 0.000000 0.000000 0.000000 0.000000 0.000000 0.000000 0.000000 0.000000 0.000000 0.000000 0.000000 0.000000 0.000000 0.000000 0.000000 0.000000 0.000000 0.000000 0.000000 0.000000 0.000000 0.000000 0.000000 0.000000 0.000000 0.000000 0.000000 0.000000 0.000000 0.000000 0.000000 0.000000 0.000000 0.000000 0.000000 0.000000 0.000000 0.000000 0.000000 0.000000 0.000000 0.000000 0.000000 0.000000 0.000000 0.000000 0.000000 0.000000 0.000000 0.000000 0.000000 0.000000 0.000000 0.000000 0.000000 0.000000 0.000000 0.000000 0.000000 0.000000 0.000000 0.000000 0.000000 0.000000 0.000000 0.000000 0.000000 0.000000 0.000000 0.000000 0.000000 0.000000 0.000000 0.000000 0.000000 0.000000 0.000000 0.000000 0.000000 0.000000 0.000000 0.000000 0.000000 0.000000 0.000000 0.000000 0.000000 0.000000 0.000000 0.000000 0.000000 0.000000 0.000000 0.000000 0.000000 0.000000 0.000000 0.000000 0.000000 0.000000 0.000000 0.000000 0.000000 0.000000 0.000000 0.000000 0.000000 0.000000 0.000000 0.000000 0.000000 0.000000 0.000000 0.000000 0.000000 0.000000 0.000000 0.000000 0.000000 0.000000 0.000000 0.000000 0.000000 0.000000 0.000000 0.000000 0.000000 0.000000 0.000000 0.000000 0.000000 0.000000 0.000000 0.000000 0.000000 0.000000 0.000000 0.000000 0.000000 0.000000 0.000000 0.000000 0.000000 0.000000 0.000000 0.000000 0.000000 0.000000 0.000000 0.000000 0.000000 0.000000 0.000000 0.000000 0.000000 0.000000 0.000000 0.000000 0.000000 0.000000 0.000000 0.000000 0.000000 0.000000 0.000000 0.000000 0.000000 0.000000 0.000000 0.000000 0.000000 0.000000 0.000000 0.000000 0.000000 0.000000 0.000000 0.000000 0.000000 0.000000  
0.000000 0.000000 0.000000 0.000000 0.000000 0.000000 0.000000 0.000000 0.000000 0.000000 0.000000 0.000000 0.000000 0.000000 0.000000 0.000000 0.000000 0.000000 0.000000 0.000000 0.000000 0.000000 0.000000 0.000000 0.000000 0.000000 0.000000 0.000000 0.000000 0.000000 0.000000 0.000000 0.000000 0.000000 0.000000 0.000000 0.000000 0.000000 0.000000 0.000000 0.000000 0.000000 0.000000 0.000000 0.000000 0.000000 0.000000 0.000000 0.000000 0.000000 0.000000 0.000000 0.000000 0.000000 0.000000 0.000000 0.000000 0.000000 0.000000 0.000000 0.000000 0.000000 0.000000 0.000000 0.000000 0.000000 0.000000 0.000000 0.000000 0.000000 0.000000 0.000000 0.000000 0.000000 0.000000 0.000000 0.000000 0.000000 0.000000 0.000000 0.000000 0.000000 0.000000 0.000000 0.000000 0.000000 0.000000 0.000000 0.000000 0.000000 0.000000 0.000000 0.000000 0.000000 0.000000 0.000000 0.000000 0.000000 0.000000 0.000000 0.000000 0.000000 0.000000 0.000000 0.000000 0.000000 0.000000 0.000000 0.000000 0.000000 0.000000 0.000000 0.000000 0.000000 0.000000 0.000000 0.000000 0.000000 0.000000 0.000000 0.000000 0.000000 0.000000 0.000000 0.000000 0.000000 0.000000 0.000000 0.000000 0.000000 0.000000 0.000000 0.000000 0.000000 0.000000 0.000000 0.000000 0.000000 0.000000 0.000000 0.000000 0.000000 0.000000 0.000000 0.000000 0.000000 0.000000 0.000000 0.000000 0.000000 0.000000 0.000000 0.000000 0.000000 0.000000 0.000000 0.000000 0.000000 0.000000 0.000000 0.000000 0.000000 0.000000 0.000000 0.000000 0.000000 0.000000 0.000000 0.000000 0.000000 0.000000 0.000000 0.000000 0.000000 0.000000 0.000000 0.000000 0.000000 0.000000 0.000000 0.000000 0.000000 0.000000 0.000000 0.000000 0.000000 0.000000 0.000000 0.000000 0.000000 0.000000 0.000000 0.000000 0.000000 0.000000 0.000000 0.000000 0.000000 0.000000 0.000000 0.000000 0.000000 0.000000 0.000000 0.000000 0.000000 0.000000 0.000000 0.000000 0.000000 0.000000 0.000000 0.000000 0.000000 0.000000 0.000000 0.000000 0.000000 0.000000 0.000000 0.000000 0.000000 0.000000 0.000000 0.000000 0.000000 0.000000 0.000000 0.000000 0.000000 0.000000 0.000000 0.000000 0.000000 0.000000 0.000000 0.000000 0.000000 0.000000 0.000000 0.000000 0.000000 0.000000 0.000000 0.000000 0.000000 0.000000 0.000000 0.000000 0.000000 0.000000 0.000000 0.000000 0.000000 0.000000 0.000000 0.000000 0.000000 0.000000 0.000000 0.000000 0.000000 0.000000 0.000000 0.000000 0.000000 0.000000 0.000000 0.000000 0.000000 0.000000 0.000000 0.000000 0.000000 0.000000 0.000000 0.000000 0.000000 0.000000 0.000000 0.000000 0.000000 0.000000 0.000000 0.000000 0.000000 0.000000 0.000000 0.000000 0.000000 0.000000 0.000000 0.000000 0.000000 0.000000 0.000000 0.000000 0.000000 0.000000 0.000000 0.000000 0.000000 0.000000 0.000000 0.000000 0.000000 0.000000 0.000000 0.000000 0.000000 0.000000 0.000000 0.000000 0.000000 0.000000 0.000000 0.000000 0.000000 0.000000 0.000000 0.000000 0.000000 0.000000 0.000000 0.000000 0.000000 0.000000 0.000000 0.000000 0.000000 0.000000 0.000000 0.000000 0.000000 0.000000 0.000000 0.000000 0.000000 0.000000 0.000000 0.000000 0.000000 0.000000 0.000000 0.000000 0.000000 0.000000 0.000000 0.000000 0.000000 0.000000 0.000000 0.000000 0.000000 0.000000 0.000000 0.000000 0.000000 0.000000 0.000000 0.000000 0.000000 0.000000 0.000000 0.000000 0.000000 0.000000 0.000000 0.000000 0.000000 0.000000 0.000000 0.000000 0.000000 0.000000 0.000000 0.000000 0.000000 0.000000 0.000000 0.000000 0.000000 0.000000 0.000000 0.000000 0.000000 0.000000 0.000000 0.000000 0.000000 0.000000 0.000000 0.000000 0.000000 0.000000 0.000000 0.000000 0.000000 0.000000 0.000000 0.000000 0.000000 0.000000 0.000000 0.000000 0.000000 0.000000 0.000000 0.000000 0.000000 0.000000 0.000000 0.000000 0.000000 0.000000 0.000000 0.000000 0.000000 0.000000 0.000000 0.000000 0.000000 0.000000 0.000000 0.000000 0.000000 0.000000 0.000000 0.000000 0.000000 0.000000 0.000000 0.000000 0.000000 0.000000 0.000000 0.000000 0.000000 0.000000 0.000000 0.000000 0.000000 0.000000 0.000000 0.000000 0.000000 0.000000 0.000000 0.000000 0.000000 0.000000 0.000000 0.000000 0.000000 0.000000 0.000000 0.000000 0.000000 0.000000 0.000000 0.000000 0.000000 0.000000 0.000000 0.000000 0.000000 0.000000 0.000000 0.000000 0.000000 0.000000 0.000000 0.000000 0.000000 0.000000 0.000000 0.000000 0.000000 0.000000 0.000000 0.000000 0.000000 0.000000 0.000000 0.000000 0.000000 0.000000 0.000000 0.000000 0.000000 0.000000 0.000000 0.000000 0.000000 0.000000 0.000000 0.000000 0.000000 0.000000 0.000000 0.000000 0.000000 0.000000 0.000000 0.000000 0.000000 0.000000 0.000000 0.000000 0.000000 0.000000 0.000000 0.000000 0.000000 0.000000 0.000000 0.000000 0.000000 0.000000 0.000000 0.000000 0.000000 0.000000 0.000000 0.000000 0.000000 0.000000 0.000000 0.000000 0.000000 0.000000 0.000000 0.000000 0.000000 0.000000 0.000000 0.000000 0.000000 0.000000 0.000000 0.000000 0.000000 0.000000 0.000000 0.000000 0.000000 0.000000 0.000000 0.000000 0.000000 0.000000 0.000000 0.000000 0.000000 0.000000 0.000000 0.000000 0.000000 0.000000 0.000000 0.000000 0.000000 0.000000 0.000000 0.000000 0.000000 0.000000 0.000000 0.000000 0.000000 0.000000 0.000000 0.000000 0.000000 0.000000 0.000000 0.000000 0.000000 0.000000 0.000000 0.000000 0.000000 0.000000 0.000000 0.000000 0.000000 0.000000 0.000000 0.000000 0.000000 0.000000 0.000000 0.000000 0.000000 0.000000 0.000000 0.000000 0.000000 0.000000 0.000000 0.000000 0.000000 0.000000 0.000000 0.000000 0.000000 0.000000 0.000000 0.000000 0.000000 0.000000 0.000000 0.000000 0.000000 0.000000 0.000000 0.000000 0.000000 0.000000 0.000000 0.000000 0.000000 0.000000 0.000000 0.000000 0.000000 0.000000 0.000000 0.000000 0.000000 0.000000 0.000000 0.000000 0.000000 0.000000 0.000000 0.000000 0.000000 0.000000 0.000000 0.000000 0.000000 0.000000 0.000000 0.000000 0.000000 0.000000 0.000000 0.000000 0.000000 0.000000 0.000000 0.000000 0.000000 0.000000 0.000000 0.000000 0.000000 0.000000 0.000000 0.000000 0.000000 0.000000 0.000000 0.000000 0.000000 0.000000 0.000000 0.000000 0.000000 0.000000 0.000000 0.000000 0.000000 0.000000 0.000000 0.000000 0.000000 0.000000 0.000000 0.000000 0.000000 0.000000 0.000000 0.000000 0.000000 0.000000 0.000000 0.000000 0.000000 0.000000 0.000000 0.000000 0.000000 0.000000 0.000000 0.000000 0.000000 0.000000 0.000000 0.000000 0.000000 0.000000 0.000000 0.000000 0.000000 0.000000 0.000000 0.000000 0.000000 0.000000 0.000000 0.000000 0.000000 0.000000 0.000000 0.000000 0.000000 0.000000 0.000000 0.000000 0.000000 0.000000 0.000000  
0.012365 0.010005 0.006699 0.005705 0.012365 0.010005 0.006699 0.005705 0.012365 0.010005 0.006699 0.005705 0.012365 0.010005 0.006699 0.005705 0.012365 0.010005 0.006699 0.005705 0.012365 0.010005 0.006699 0.005705 0.012365 0.010005 0.006699 0.005705 0.012365 0.010005 0.006699 0.005705 0.012365 0.010005 0.006699 0.005705 0.012365 0.010005 0.006699 0.005705 0.012365 0.010005 0.006699 0.005705 0.012365 0.010005 0.006699 0.005705 0.012365 0.010005 0.006699 0.005705 0.012365 0.010005 0.006699 0.005705 0.012365 0.010005 0.006699 0.005705 0.012365 0.010005 0.006699 0.005705 0.012365 0.010005 0.006699 0.005705 0.012365 0.010005 0.006699 0.005705 0.012365 0.010005 0.006699 0.005705 0.012365 0.010005 0.006699 0.005705 0.012365 0.010005 0.006699 0.005705 0.012561 0.010152 0.006785 0.005774 0.012763 0.010301 0.006872 0.005845 0.012971 0.010455 0.006962 0.005917 0.013184 0.010612 0.007052 0.005990 0.013403 0.010773 0.007144 0.006065 0.013630 0.010938 0.007238 0.006140 0.013862 0.011107 0.007333 0.006217 0.014102 0.011281 0.007432 0.006392 0.014350 0.011460 0.007531 0.006697 0.014607 0.011643 0.007633 0.006785 0.014872 0.011831 0.007737 0.006874 0.015146 0.012024 0.007843 0.006964 0.015430 0.012224 0.007950 0.007057 0.015725 0.012429 0.008062 0.007518 0.016031 0.012641 0.008213 0.007622 0.016350 0.012859 0.008711 0.007728 0.016682 0.013085 0.008838 0.008114 0.017029 0.013317 0.008968 0.008356 0.017391 0.013557 0.009468 0.008609 0.017770 0.013806 0.009713 0.009339 0.018166 0.014064 0.010260 0.010381 0.018584 0.014331 0.010583 0.011638 0.019023 0.014609 0.011295 0.012315 0.019486 0.014897 0.011994 0.013667 0.019977 0.015622 0.013419 0.014594 0.020497 0.015990 0.014639 0.016066 0.021051 0.016813 0.016160 0.016893 0.021643 0.017470 0.017796 0.018310 0.022416 0.018415 0.019758 0.019354 0.023419 0.019182 0.021691 0.020488 0.024151 0.020285 0.023471 0.021736 0.025142 0.020968 0.025589 0.022689 0.026650 0.023524 0.028203 0.024317 0.028078 0.027174 0.030398 0.025888 0.030212 0.030322 0.033452 0.028471 0.032152 0.036160 0.037228 0.031281 0.034964 0.040732 0.039879 0.033571 0.038042 0.048421 0.044431 0.035860 0.043539 0.052760 0.048223 0.038462 0.052527 0.059514 0.051271 0.042959 0.057437 0.064949 0.056968 0.045351 0.064096 0.071459 0.060850 0.048902 0.071060 0.077144 0.066067 0.052222 0.079695 0.086375 0.070972 0.057241 0.092174 0.092043 0.074882 0.062525 0.096961 0.098217 0.078683 0.066510 0.103328 0.105539 0.083714 0.069519 0.112174 0.112570 0.090086 0.075521 0.116947 0.118566 0.095719 0.078567 0.123381 0.125410 0.100917 0.083031 0.129103 0.130112 0.104830 0.088152 0.136879 0.135908 0.111660 0.091449 0.143849 0.142063 0.115324 0.099602 0.148536 0.149742 0.119868 0.106134 0.156629 0.155308 0.129674 0.111726 0.162014 0.158926 0.133315 0.116760 0.166585 0.163469 0.137023 0.120326 0.174526 0.171408 0.142182 0.126297 0.180226 0.177505 0.149880 0.133127 0.185303 0.180821 0.153662 0.136397 0.189171 0.184273 0.157137 0.140807 0.194374 0.191239 0.163081 0.148463 0.202481 0.198933 0.169153 0.154244 0.207714 0.203434 0.175566 0.157400 0.212188 0.207198 0.178793 0.161736 0.217202 0.210885 0.182648 0.168660 0.221817 0.216430 0.191354 0.177279 0.227754 0.222766 0.200509 0.180139 0.234562 0.228473 0.204662 0.184239 0.239678 0.234397 0.207743 0.191540 0.244520 0.238503 0.211154 0.203259 0.250084 0.243612 0.214911 0.207589 0.257131 0.249355 0.219882 0.210266 0.262546 0.254902 0.229552 0.213841 0.268402 0.261695 0.235697 0.217871 0.274396 0.268217 0.239227 0.223679 0.279144 0.272682 0.242520 0.235969 0.286269 0.276444 0.245918 0.239729 0.293446 0.281367 0.250742 0.243326 0.301142 0.287883 0.261003 0.246011 0.308029 0.296226 0.267853 0.250129 0.313516 0.301838 0.271785 0.258818 0.319932 0.306878 0.278646 0.267326 0.326943 0.313353 0.283570 0.273053 0.334772 0.324685 0.294689 0.276675 0.343113 0.333708 0.302267 0.279599 0.350478 0.340603 0.306689 0.283810 0.358173 0.346902 0.310652 0.293139 0.369101 0.353596 0.318892 0.302420 0.378151 0.364368 0.327527 0.309311 0.385521 0.372892 0.336483 0.312061 0.392545 0.379274 0.341286 0.316542 0.398495 0.387910 0.348800 0.325395 0.403495 0.400355 0.355863 0.338461 0.408495 0.410432 0.365744 0.341772 0.413495 0.420237 0.376885 0.353771 0.418495 0.430855 0.382580 0.364722 0.423495 0.436347 0.393300 0.370401 0.428495 0.441978 0.406780 0.376854 0.433495 0.450578 0.417246 0.386434 0.438495 0.460455 0.424881 0.401542 0.443495 0.465455 0.443937 0.409465 0.448495 0.470455 0.458185 0.425640 0.453495 0.475455 0.474617 0.438108 0.458495 0.480455 0.499669 0.447995 0.463495 0.485455 0.501885 0.463155 0.468495 0.490455 0.506881 0.477852 0.473495 0.495455 0.521562 0.496824 0.478495 0.500455 0.532978 0.512339 0.483495 0.505455 0.537978 0.517339 0.488495 0.510455 0.542978 0.522339 0.493495 0.515455 0.547978 0.527339 0.498495 0.520455 0.552978 0.532339 0.503495 0.525455 0.557978 0.537339 0.508495 0.530455 0.562978 0.542339 0.513495 0.535455 0.567978 0.547339 0.518495 0.540455 0.572978 0.552339 0.523495 0.545455 0.577978 0.557339 0.528495 0.550455 0.582978 0.562339 0.533495 0.555455 0.587978 0.567339 0.538495 0.560455 0.592978 0.572339 0.543495 0.565455 0.597978 0.577339 0.548495 0.570455 0.602978 0.582339 0.553495 0.575455 0.607978 0.587339 0.558495 0.580455 0.612978 0.592339 0.563495 0.585455 0.617978 0.597339 0.568495 0.590455 0.622978 0.602339 0.573495 0.595455 0.627978 0.607339 0.578495 0.600455 0.632978 0.612339 0.583495 0.605455 0.637978 0.617339 0.588495 0.610455 0.642978 0.622339 0.593495 0.615455 0.647978 0.627339 0.598495 0.620455 0.652978 0.632339 0.603495 0.625455 0.657978 0.637339 0.608495 0.630455 0.662978 0.642339 0.613495 0.635455 0.667978 0.647339 0.618495 0.640455 0.672978 0.652339 0.623495 0.645455 0.677978 0.657339 0.628495 0.650455 0.682978 0.662339 0.633495 0.655455 0.687978 0.667339 0.638495 0.660455 0.692978 0.672339 0.643495 0.665455 0.697978 0.677339 0.648495 0.670455 0.702978 0.682339 0.653495 0.675455 0.707978 0.687339 0.658495 0.680455 0.712978 0.692339 0.663495 0.685455 0.717978 0.697339 0.668495 0.690455 0.722978 0.702339 0.673495 0.695455 0.727978 0.707339 0.678495 0.700455 0.732978 0.712339 0.683495 0.705455 0.737978 0.717339 0.688495 0.710455 0.742978 0.722339 0.693495 0.715455 0.747978 0.727339 0.698495 0.720455 0.752978 0.732339 0.703495 0.725455 0.757978 0.737339 0.708495 0.730455 0.762978 0.742339 0.713495 0.735455 0.767978 0.747339 0.718495 0.740455 0.772978 0.752339 0.723495 0.745455 0.777978 0.757339 0.728495 0.750455 0.782978 0.762339 0.733495 0.755455 0.787978 0.767339  
0.012365 0.010005 0.006699 0.005705 0.012365 0.010005 0.006699 0.005705 0.012365 0.010005 0.006699 0.005705 0.012365 0.010005 0.006699 0.005705 0.012365 0.010005 0.006699 0.005705 0.012365 0.010005 0.006699 0.005705 0.012365 0.010005 0.006699 0.005705 0.012365 0.010005 0.006699 0.005705 0.012365 0.010005 0.006699 0.005705 0.012365 0.010005 0.006699 0.005705 0.012365 0.010005 0.006699 0.005705 0.012365 0.010005 0.006699 0.005705 0.012365 0.010005 0.006699 0.005705 0.012365 0.010005 0.006699 0.005705 0.012365 0.010005 0.006699 0.005705 0.012365 0.010005 0.006699 0.005705 0.012365 0.010005 0.006699 0.005705 0.012365 0.010005 0.006699 0.005705 0.012365 0.010005 0.006699 0.005705 0.012365 0.010005 0.006699 0.005705 0.012365 0.010005 0.006699 0.005705 0.012561 0.010152 0.006785 0.005774 0.012763 0.010301 0.006872 0.005845 0.012971 0.010455 0.006962 0.005917 0.013184 0.010612 0.007052 0.005990 0.013403 0.010773 0.007144 0.006065 0.013630 0.010938 0.007238 0.006140 0.013862 0.011107 0.007333 0.006217 0.014102 0.011281 0.007432 0.006392 0.014350 0.011460 0.007531 0.006697 0.014607 0.011643 0.007633 0.006785 0.014872 0.011831 0.007737 0.006874 0.015146 0.012024 0.007843 0.006964 0.015430 0.012224 0.007950 0.007057 0.015725 0.012429 0.008062 0.007518 0.016031 0.012641 0.008213 0.007622 0.016350 0.012859 0.008711 0.007728 0.016682 0.013085 0.008838 0.008114 0.017029 0.013317 0.008968 0.008356 0.017391 0.013557 0.009468 0.008609 0.017770 0.013806 0.009713 0.009339 0.018166 0.014064 0.010260 0.010381 0.018584 0.014331 0.010583 0.011638 0.019023 0.014609 0.011295 0.012315 0.019486 0.014897 0.011994 0.013667 0.019977 0.015622 0.013419 0.014594 0.020497 0.015990 0.014639 0.016066 0.021051 0.016813 0.016160 0.016893 0.021643 0.017470 0.017796 0.018310 0.022416 0.018415 0.019758 0.019354 0.023419 0.019182 0.021691 0.020488 0.024151 0.020285 0.023471 0.021736 0.025142 0.020968 0.025589 0.022689 0.026650 0.023524 0.028203 0.024317 0.028078 0.027174 0.030398 0.025888 0.030212 0.030322 0.033452 0.028471 0.032152 0.036160 0.037228 0.031281 0.034964 0.040732 0.039879 0.033571 0.038042 0.048421 0.044431 0.035860 0.043539 0.052760 0.048223 0.038462 0.052527 0.059514 0.051271 0.042959 0.057437 0.064949 0.056968 0.045351 0.064096 0.071459 0.060850 0.048902 0.071060 0.077144 0.066067 0.052222 0.079695 0.086375 0.070972 0.057241 0.092174 0.092043 0.074882 0.062525 0.096961 0.098217 0.078683 0.066510 0.103328 0.105539 0.083714 0.069519 0.112174 0.112570 0.090086 0.075521 0.116947 0.118566 0.095719 0.078567 0.123381 0.125410 0.100917 0.083031 0.129103 0.130112 0.104830 0.088152 0.136879 0.135908 0.111660 0.091449 0.143849 0.142063 0.115324 0.099602 0.148536 0.149742 0.119868 0.106134 0.156629 0.155308 0.129674 0.111726 0.162014 0.158926 0.133315 0.116760 0.166585 0.163469 0.137023 0.120326 0.174526 0.171408 0.142182 0.126297 0.180226 0.177505 0.149880 0.133127 0.185303 0.180821 0.153662 0.136397 0.189171 0.184273 0.157137 0.140807 0.194374 0.191239 0.163081 0.148463 0.202481 0.198933 0.169153 0.154244 0.207714 0.203434 0.175566 0.157400 0.212188 0.207198 0.178793 0.161736 0.217202 0.210885 0.182648 0.168660 0.221817 0.216430 0.191354 0.177279 0.227754 0.222766 0.200509 0.180139 0.234562 0.228473 0.204662 0.184239 0.239678 0.234397 0.207743 0.191540 0.244520 0.238503 0.211154 0.203259 0.250084 0.243612 0.214911 0.207589 0.257131 0.249355 0.219882 0.210266 0.262546 0.254902 0.229552 0.213841 0.268402 0.261695 0.235697 0.217871 0.274396 0.268217 0.239227 0.223679 0.279144 0.272682 0.242520 0.235969 0.286269 0.276444 0.245918 0.239729 0.293446 0.281367 0.250742 0.243326 0.301142 0.287883 0.261003 0.246011 0.308029 0.296226 0.267853 0.250129 0.313516 0.301838 0.271785 0.258818 0.319932 0.306878 0.278646 0.267326 0.326943 0.313353 0.283570 0.273053 0.334772 0.324685 0.294689 0.276675 0.343113 0.333708 0.302267 0.279599 0.350478 0.340603 0.306689 0.283810 0.358173 0.346902 0.310652 0.293139 0.369101 0.353596 0.318892 0.302420 0.378151 0.364368 0.327527 0.309311 0.385521 0.372892 0.336483 0.312061 0.392545 0.379274 0.341286 0.316542 0.398495 0.387910 0.348800 0.325395 0.403495 0.400355 0.355863 0.338461 0.408495 0.410432 0.365744 0.341772 0.413495 0.420237 0.376885 0.353771 0.418495 0.430855 0.382580 0.364722 0.423495 0.436347 0.393300 0.370401 0.428495 0.441978 0.406780 0.376854 0.433495 0.450578 0.417246 0.386434 0.438495 0.460455 0.424881 0.401542 0.443495 0.465455 0.443937 0.409465 0.448495 0.470455 0.458185 0.425640 0.453495 0.475455 0.474617 0.438108 0.458495 0.480455 0.499669 0.447995 0.463495 0.485455 0.501885 0.463155 0.468495 0.490455 0.506881 0.477852 0.473495 0.495455 0.521562 0.496824 0.478495 0.500455 0.532978 0.512339 0.483495 0.505455 0.537978 0.517339 0.488495 0.510455 0.542978 0.522339 0.493495 0.515455 0.547978 0.527339 0.498495 0.520455 0.552978 0.532339 0.503495 0.525455 0.557978 0.537339 0.508495 0.530455 0.562978 0.542339 0.513495 0.535455 0.567978 0.547339 0.518495 0.540455 0.572978 0.552339 0.523495 0.545455 0.577978 0.557339 0.528495 0.550455 0.582978 0.562339 0.533495 0.555455 0.587978 0.567339 0.538495 0.560455 0.592978 0.572339 0.543495 0.565455 0.597978 0.577339 0.548495 0.570455 0.602978 0.582339 0.553495 0.575455 0.607978 0.587339 0.558495 0.580455 0.612978 0.592339 0.563495 0.585455 0.617978 0.597339 0.568495 0.590455 0.622978 0.602339 0.573495 0.595455 0.627978 0.607339 0.578495 0.600455 0.632978 0.612339 0.583495 0.605455 0.637978 0.617339 0.588495 0.610455 0.642978 0.622339 0.593495 0.615455 0.647978 0.627339 0.598495 0.620455 0.652978 0.632339 0.603495 0.625455 0.657978 0.637339 0.608495 0.630455 0.662978 0.642339 0.613495 0.635455 0.667978 0.647339 0.618495 0.640455 0.672978 0.652339 0.623495 0.645455 0.677978 0.657339 0.628495 0.650455 0.682978 0.662339 0.633495 0.655455 0.687978 0.667339 0.638495 0.660455 0.692978 0.672339 0.643495 0.665455 0.697978 0.677339 0.648495 0.670455 0.702978 0.682339 0.653495 0.675455 0.707978 0.687339 0.658495 0.680455 0.712978 0.692339 0.663495 0.685455 0.717978 0.697339 0.668495 0.690455 0.722978 0.702339 0.673495 0.695455 0.727978 0.707339 0.678495 0.700455 0.732978 0.712339 0.683495 0.705455 0.737978 0.717339 0.688495 0.710455 0.742978 0.722339 0.693495 0.715455 0.747978 0.727339 0.698495 0.720455 0.752978 0.732339 0.703495 0.725455 0.757978 0.737339 0.708495 0.730455 0.762978 0.742339 0.713495 0.735455 0.767978 0.747339 0.718495 0.740455 0.772978 0.752339 0.723495 0.745455 0.777978 0.757339 0.728495 0.750455 0.782978 0.762339 0.733495 0.755455 0.787978 0.767339  
0.000010 0.000010 0.000010 0.000010 0.000010 0.000010 0.000010 0.000010 0.000010 0.000010 0.000010 0.000010 0.000010 0.000010 0.000010 0.000010 0.000010 0.000010 0.000010 0.000010 0.000010 0.000010 0.000010 0.000010 0.000010 0.000010 0.000010 0.000010 0.000010 0.000010 0.000010 0.000010 0.000010 0.000010 0.000010 0.000010 0.000010 0.000010 0.000010 0.000010 0.000010 0.000010 0.000010 0.000010 0.000010 0.000010 0.000010 0.000010 0.000010 0.000010 0.000010 0.000010 0.000010 0.000010 0.000010 0.000010 0.000010 0.000010 0.000010 0.000010 0.000010 0.000010 0.000010 0.000010 0.000010 0.000010 0.000010 0.000010 0.000010 0.000010 0.000010 0.000010 0.000010 0.000010 0.000010 0.000010 0.000010 0.000010 0.000010 0.000010 0.000010 0.000010 0.000010 0.000010 0.000010 0.000010 0.000010 0.000010 0.000010 0.000010 0.000010 0.000010 0.000010 0.000010 0.000010 0.000010 0.000010 0.000010 0.000010 0.000010 0.000010 0.000010 0.000010 0.000010 0.000010 0.000010 0.000010 0.000010 0.000010 0.000010 0.000010 0.000010 0.000010 0.000010 0.000010 0.000010 0.000010 0.000010 0.000010 0.000010 0.000010 0.000010 0.000010 0.000010 0.000010 0.000010 0.000010 0.000010 0.000010 0.000010 0.000010 0.000010 0.000010 0.000010 0.000010 0.000010 0.000010 0.000010 0.000010 0.000010 0.000010 0.000010 0.000010 0.000010 0.000010 0.000010 0.000010 0.000010 0.000010 0.000010 0.000010 0.000010 0.000010 0.000010 0.000010 0.000010 0.000010 0.000010 0.000010 0.000010 0.000010 0.000010 0.000010 0.000010 0.000010 0.000010 0.000010 0.000010 0.000010 0.000010 0.000010 0.000010 0.000010 0.000010 0.000010 0.000010 0.000010 0.000010 0.000010 0.000010 0.000010 0.000010 0.000010 0.000010 0.000010 0.000010 0.000010 0.000010 0.000010 0.000010 0.000010 0.000010 0.000010 0.000010 0.000010 0.000010 0.000010 0.000010 0.000010 0.000010 0.000010 0.000010 0.000010 0.000010 0.000010 0.000010 0.000010 0.000010 0.000010 0.000010 0.000010 0.000010 0.000010 0.000010 0.000010 0.000010 0.000010 0.000010 0.000010 0.000010 0.000010 0.000010 0.000010 0.000010 0.000010 0.000010 0.000010 0.000010 0.000010 0.000010 0.000010 0.000010 0.000010 0.000010 0.000010 0.000010 0.000010 0.000010 0.000010 0.000010 0.000010 0.000010 0.000010 0.000010 0.000010 0.000010 0.000010 0.000010 0.000010 0.000010 0.000010 0.000010 0.000010 0.000010 0.000010 0.000010 0.000010 0.000010 0.000010 0.000010 0.000010 0.000010 0.000010 0.000010 0.000010 0.000010 0.000010 0.000010 0.000010 0.000010 0.000010 0.000010 0.000010 0.000010 0.000010 0.000010 0.000010 0.000010 0.000010 0.000010 0.000010 0.000010 0.000010 0.000010 0.000010 0.000010 0.000010 0.000010 0.000010 0.000010 0.000010 0.000010 0.000010 0.000010 0.000010 0.000010 0.000010 0.000010 0.000010 0.000010 0.000010 0.000010 0.000010 0.000010 0.000010 0.000010 0.000010 0.000010 0.000010 0.000010 0.000010 0.000010 0.000010 0.000010 0.000010 0.000010 0.000010 0.000010 0.000010 0.000010 0.000010 0.000010 0.000010 0.000010 0.000010 0.000010 0.000010 0.000010 0.000010 0.000010 0.000010 0.000010 0.000010 0.000010 0.000010 0.000010 0.000010 0.000010 0.000010 0.000010 0.000010 0.000010 0.000010 0.000010 0.000010 0.000010 0.000010 0.000010 0.000010 0.000010 0.000010 0.000010 0.000010 0.000010 0.000010 0.000010 0.000010 0.000010 0.000010 0.000010 0.000010 0.000010 0.000010 0.000010 0.000010 0.000010 0.000010 0.000010 0.000010 0.000010 0.000010 0.000010 0.000010 0.000010 0.000010 0.000010 0.000010 0.000010 0.000010 0.000010 0.000010 0.000010 0.000010 0.000010 0.000010 0.000010 0.000010 0.000010 0.000010 0.000010 0.000010 0.000010 0.000010 0.000010 0.000010 0.000010 0.000010 0.000010 0.000010 0.000010 0.000010 0.000010 0.000010 0.000010 0.000010 0.000010 0.000010 0.000010 0.000010 0.000010 0.000010 0.000010 0.000010 0.000010 0.000010 0.000010 0.000010 0.000010 0.000010 0.000010 0.000010 0.000010 0.000010 0.000010 0.000010 0.000010 0.000010 0.000010 0.000010 0.000010 0.000010 0.000010 0.000010 0.000010 0.000010 0.000010 0.000010 0.000010 0.000010 0.000010 0.000010 0.000010 0.000010 0.000010 0.000010 0.000010 0.000010 0.000010 0.000010 0.000010 0.000010 0.000010 0.000010 0.000010 0.000010 0.000010 0.000010 0.000010 0.000010 0.000010 0.000010 0.000010 0.000010 0.000010 0.000010 0.000010 0.000010 0.000010 0.000010 0.000010 0.000010 0.000010 0.000010 0.000010 0.000010 0.000010 0.000010 0.000010 0.000010 0.000010 0.000010 0.000010 0.000010 0.000010 0.000010 0.000010 0.000010 0.000010 0.000010 0.000010 0.000010 0.000010 0.000010 0.000010 0.000010 0.000010 0.000010 0.000010 0.000010 0.000010 0.000010 0.000010 0.000010 0.000010 0.000010 0.000010 0.000010 0.000010 0.000010 0.000010 0.000010 0.000010 0.000010 0.000010 0.000010 0.000010 0.000010 0.000010 0.000010 0.000010 0.000010 0.000010 0.000010 0.000010 0.000010 0.000010 0.000010 0.000010 0.000010 0.000010 0.000010 0.000010 0.000010 0.000010 0.000010 0.000010 0.000010 0.000010 0.000010 0.000010 0.000010 0.000010 0.000010 0.000010 0.000010 0.000010 0.000010 0.000010 0.000010 0.000010 0.000010 0.000010 0.000010 0.000010 0.000010 0.000010 0.000010 0.000010 0.000010 0.000010 0.000010 0.000010 0.000010 0.000010 0.000010 0.000010 0.000010 0.000010 0.000010 0.000010 0.000010 0.000010 0.000010 0.000010 0.000010 0.000010 0.000010 0.000010 0.000010 0.000010 0.000010 0.000010 0.000010 0.000010 0.000010 0.000010 0.000010 0.000010 0.000010 0.000010 0.000010 0.000010 0.000010 0.000010 0.000010 0.000010 0.000010 0.000010 0.000010 0.000010 0.000010 0.000010 0.000010 0.000010 0.000010 0.000010 0.000010 0.000010 0.000010 0.000010 0.000010 0.000010 0.000010 0.000010 0.000010 0.000010 0.000010 0.000010 0.000010 0.000010 0.000010 0.000010 0.000010 0.000010 0.000010 0.000010 0.000010 0.000010 0.000010 0.000010 0.000010 0.000010 0.000010 0.000010 0.000010 0.000010 0.000010 0.000010 0.000010 0.000010 0.000010 0.000010 0.000010 0.000010 0.000010 0.000010 0.000010 0.000010 0.000010 0.000010 0.000010 0.000010 0.000010 0.000010 0.000010 0.000010 0.000010 0.000010 0.000010 0.000010 0.000010 0.000010 0.000010 0.000010 0.000010 0.000010 0.000010 0.000010 0.000010 0.000010 0.000010 0.000010 0.000010 0.000010 0.000010 0.000010 0.000010 0.000010 0.000010 0.000010 0.000010 0.000010 0.000010 0.000010 0.000010 0.000010 0.000010 0.000010 0.000010 0.000010 0.000010 0.000010 0.000010 0.000010 0.000010 0.000010 0.000010 0.000010 0.000010 0.000010 0.000010 0.000010 0.000010 0.000010 0.000010 0.000010 0.000010 0.000010 0.000010 0.000010 0.000010 0.000010 0.000010 0.000010 0.000010 0.000010 0.000010 0.000010 0.000010 0.000010 0.000010 0.000010 0.000010 0.000010  
0.000000 0.000000 0.000000 0.000000 0.000000 0.000000 0.000000 0.000000 0.000000 0.000000 0.000000 0.000000 0.000000 0.000000 0.000000 0.000000 0.000000 0.000000 0.000000 0.000000 0.000000 0.000000 0.000000 0.000000 0.000000 0.000000 0.000000 0.000000 0.000000 0.000000 0.000000 0.000000 0.000000 0.000000 0.000000 0.000000 0.000000 0.000000 0.000000 0.000000 0.000000 0.000000 0.000000 0.000000 0.000000 0.000000 0.000000 0.000000 0.000000 0.000000 0.000000 0.000000 0.000000 0.000000 0.000000 0.000000 0.000000 0.000000 0.000000 0.000000 0.000000 0.000000 0.000000 0.000000 0.000000 0.000000 0.000000 0.000000 0.000000 0.000000 0.000000 0.000000 0.000000 0.000000 0.000000 0.000000 0.000000 0.000000 0.000000 0.000000 0.000000 0.000000 0.000000 0.000000 0.000000 0.000000 0.000000 0.000000 0.000000 0.000000 0.000000 0.000000 0.000000 0.000000 0.000000 0.000000 0.000000 0.000000 0.000000 0.000000 0.000000 0.000000 0.000000 0.000000 0.000000 0.000000 0.000000 0.000000 0.000000 0.000000 0.000000 0.000000 0.000000 0.000000 0.000000 0.000000 0.000000 0.000000 0.000000 0.000000 0.000000 0.000000 0.000000 0.000000 0.000000 0.000000 0.000000 0.000000 0.000000 0.000000 0.000000 0.000000 0.000000 0.000000 0.000000 0.000000 0.000000 0.000000 0.000000 0.000000 0.000000 0.000000 0.000000 0.000000 0.000000 0.000000 0.000000 0.000000 0.000000 0.000000 0.000000 0.000000 0.000000 0.000000 0.000000 0.000000 0.000000 0.000000 0.000000 0.000000 0.000000 0.000000 0.000000 0.000000 0.000000 0.000000 0.000000 0.000000 0.000000 0.000000 0.000000 0.000000 0.000000 0.000000 0.000000 0.000000 0.000000 0.000000 0.000000 0.000000 0.000000 0.000000 0.000000 0.000000 0.000000 0.000000 0.000000 0.000000 0.000000 0.000000 0.000000 0.000000 0.000000 0.000000 0.000000 0.000000 0.000000 0.000000 0.000000 0.000000 0.000000 0.000000 0.000000 0.000000 0.000000 0.000000 0.000000 0.000000 0.000000 0.000000 0.000000 0.000000 0.000000 0.000000 0.000000 0.000000 0.000000 0.000000 0.000000 0.000000 0.000000 0.000000 0.000000 0.000000 0.000000 0.000000 0.000000 0.000000 0.000000 0.000000 0.000000 0.000000 0.000000 0.000000 0.000000 0.000000 0.000000 0.000000 0.000000 0.000000 0.000000 0.000000 0.000000 0.000000 0.000000 0.000000 0.000000 0.000000 0.000000 0.000000 0.000000 0.000000 0.000000 0.000000 0.000000 0.000000 0.000000 0.000000 0.000000 0.000000 0.000000 0.000000 0.000000 0.000000 0.000000 0.000000 0.000000 0.000000 0.000000 0.000000 0.000000 0.000000 0.000000 0.000000 0.000000 0.000000 0.000000 0.000000 0.000000 0.000000 0.000000 0.000000 0.000000 0.000000 0.000000 0.000000 0.000000 0.000000 0.000000 0.000000 0.000000 0.000000 0.000000 0.000000 0.000000 0.000000 0.000000 0.000000 0.000000 0.000000 0.000000 0.000000 0.000000 0.000000 0.000000 0.000000 0.000000 0.000000 0.000000 0.000000 0.000000 0.000000 0.000000 0.000000 0.000000 0.000000 0.000000 0.000000 0.000000 0.000000 0.000000 0.000000 0.000000 0.000000 0.000000 0.000000 0.000000 0.000000 0.000000 0.000000 0.000000 0.000000 0.000000 0.000000 0.000000 0.000000 0.000000 0.000000 0.000000 0.000000 0.000000 0.000000 0.000000 0.000000 0.000000 0.000000 0.000000 0.000000 0.000000 0.000000 0.000000 0.000000 0.000000 0.000000 0.000000 0.000000 0.000000 0.000000 0.000000 0.000000 0.000000 0.000000 0.000000 0.000000 0.000000 0.000000 0.000000 0.000000 0.000000 0.000000 0.000000 0.000000 0.000000 0.000000 0.000000 0.000000 0.000000 0.000000 0.000000 0.000000 0.000000 0.000000 0.000000 0.000000 0.000000 0.000000 0.000000 0.000000 0.000000 0.000000 0.000000 0.000000 0.000000 0.000000 0.000000 0.000000 0.000000 0.000000 0.000000 0.000000 0.000000 0.000000 0.000000 0.000000 0.000000 0.000000 0.000000 0.000000 0.000000 0.000000 0.000000 0.000000 0.000000 0.000000 0.000000 0.000000 0.000000 0.000000 0.000000 0.000000 0.000000 0.000000 0.000000 0.000000 0.000000 0.000000 0.000000 0.000000 0.000000 0.000000 0.000000 0.000000 0.000000 0.000000 0.000000 0.000000 0.000000 0.000000 0.000000 0.000000 0.000000 0.000000 0.000000 0.000000 0.000000 0.000000 0.000000 0.000000 0.000000 0.000000 0.000000 0.000000 0.000000 0.000000 0.000000 0.000000 0.000000 0.000000 0.000000 0.000000 0.000000 0.000000 0.000000 0.000000 0.000000 0.000000 0.000000 0.000000 0.000000 0.000000 0.000000 0.000000 0.000000 0.000000 0.000000 0.000000 0.000000 0.000000 0.000000 0.000000 0.000000 0.000000 0.000000 0.000000 0.000000 0.000000 0.000000 0.000000 0.000000 0.000000 0.000000 0.000000 0.000000 0.000000 0.000000 0.000000 0.000000 0.000000 0.000000 0.000000 0.000000 0.000000 0.000000 0.000000 0.000000 0.000000 0.000000 0.000000 0.000000 0.000000 0.000000 0.000000 0.000000 0.000000 0.000000 0.000000 0.000000 0.000000 0.000000 0.000000 0.000000 0.000000 0.000000 0.000000 0.000000 0.000000 0.000000 0.000000 0.000000 0.000000 0.000000 0.000000 0.000000 0.000000 0.000000 0.000000 0.000000 0.000000 0.000000 0.000000 0.000000 0.000000 0.000000 0.000000 0.000000 0.000000 0.000000 0.000000 0.000000 0.000000 0.000000 0.000000 0.000000 0.000000 0.000000 0.000000 0.000000 0.000000 0.000000 0.000000 0.000000 0.000000 0.000000 0.000000 0.000000 0.000000 0.000000 0.000000 0.000000 0.000000 0.000000 0.000000 0.000000 0.000000 0.000000 0.000000 0.000000 0.000000 0.000000 0.000000 0.000000 0.000000 0.000000 0.000000 0.000000 0.000000 0.000000 0.000000 0.000000 0.000000 0.000000 0.000000 0.000000 0.000000 0.000000 0.000000 0.000000 0.000000 0.000000 0.000000 0.000000 0.000000 0.000000 0.000000 0.000000 0.000000 0.000000 0.000000 0.000000 0.000000 0.000000 0.000000 0.000000 0.000000 0.000000 0.000000 0.000000 0.000000 0.000000 0.000000 0.000000 0.000000 0.000000 0.000000 0.000000 0.000000 0.000000 0.000000 0.000000 0.000000 0.000000 0.000000 0.000000 0.000000 0.000000 0.000000 0.000000 0.000000 0.000000 0.000000 0.000000 0.000000 0.000000 0.000000 0.000000 0.000000 0.000000 0.000000 0.000000 0.000000 0.000000 0.000000 0.000000 0.000000 0.000000 0.000000 0.000000 0.000000 0.000000 0.000000 0.000000 0.000000 0.000000 0.000000 0.000000 0.000000 0.000000 0.000000 0.000000 0.000000 0.000000 0.000000 0.000000 0.000000 0.000000 0.000000 0.000000 0.000000 0.000000 0.000000 0.000000 0.000000 0.000000 0.000000 0.000000 0.000000 0.000000 0.000000 0.000000 0.000000 0.000000 0.000000 0.000000 0.000000 0.000000 0.000000 0.000000 0.000000 0.000000 0.000000 0.000000 0.000000 0.000000 0.000000 0.000000 0.000000 0.000000 0.000000 0.000000 0.000000 0.000000 0.000000 0.000000 0.000000 0.000000 0.000000 0.000000 0.000000 0.000000 0.000000 0.000000 0.000000 0.000000 0.000000 