Reynolds number List -  Side 
4 
      500000.0 
     1000000.0 
     5000000.0 
    10000000.0 
Angle of Attack List -  Downwards 
181 
-5.00 
 -4.75 
 -4.50 
 -4.25 
 -4.00 
 -3.75 
 -3.50 
 -3.25 
 -3.00 
 -2.75 
 -2.50 
 -2.25 
 -2.00 
 -1.75 
 -1.50 
 -1.25 
 -1.00 
 -0.75 
 -0.50 
 -0.25 
 0.00 
 0.25 
 0.50 
 0.75 
 1.00 
 1.25 
 1.50 
 1.75 
 2.00 
 2.25 
 2.50 
 2.75 
 3.00 
 3.25 
 3.50 
 3.75 
 4.00 
 4.25 
 4.50 
 4.75 
 5.00 
 5.25 
 5.50 
 5.75 
 6.00 
 6.25 
 6.50 
 6.75 
 7.00 
 7.25 
 7.50 
 7.75 
 8.00 
 8.25 
 8.50 
 8.75 
 9.00 
 9.25 
 9.50 
 9.75 
 10.00 
 10.25 
 10.50 
 10.75 
 11.00 
 11.25 
 11.50 
 11.75 
 12.00 
 12.25 
 12.50 
 12.75 
 13.00 
 13.25 
 13.50 
 13.75 
 14.00 
 14.25 
 14.50 
 14.75 
 15.00 
 15.25 
 15.50 
 15.75 
 16.00 
 16.25 
 16.50 
 16.75 
 17.00 
 17.25 
 17.50 
 17.75 
 18.00 
 18.25 
 18.50 
 18.75 
 19.00 
 19.25 
 19.50 
 19.75 
 20.00 
 20.25 
 20.50 
 20.75 
 21.00 
 21.25 
 21.50 
 21.75 
 22.00 
 22.25 
 22.50 
 22.75 
 23.00 
 23.25 
 23.50 
 23.75 
 24.00 
 24.25 
 24.50 
 24.75 
 25.00 
 25.25 
 25.50 
 25.75 
 26.00 
 26.25 
 26.50 
 26.75 
 27.00 
 27.25 
 27.50 
 27.75 
 28.00 
 28.25 
 28.50 
 28.75 
 29.00 
 29.25 
 29.50 
 29.75 
 30.00 
 30.25 
 30.50 
 30.75 
 31.00 
 31.25 
 31.50 
 31.75 
 32.00 
 32.25 
 32.50 
 32.75 
 33.00 
 33.25 
 33.50 
 33.75 
 34.00 
 34.25 
 34.50 
 34.75 
 35.00 
 35.25 
 35.50 
 35.75 
 36.00 
 36.25 
 36.50 
 36.75 
 37.00 
 37.25 
 37.50 
 37.75 
 38.00 
 38.25 
 38.50 
 38.75 
 39.00 
 39.25 
 39.50 
 39.75 
 40.00 
  Pressure BL Thick 
 Pressure Disp Thick 
Pressure Cf  
Suction BL Thick  
Suction Disp Thick  
Cf Suction  
0.004201 0.003410 0.002242 0.001945 0.004201 0.003410 0.002242 0.001945 0.004201 0.003410 0.002242 0.001945 0.004201 0.003410 0.002242 0.001945 0.004201 0.003410 0.002242 0.001945 0.004201 0.003410 0.002242 0.001945 0.004201 0.003410 0.002242 0.001945 0.004201 0.003410 0.002242 0.001945 0.004201 0.003410 0.002242 0.001945 0.004201 0.003410 0.002242 0.001945 0.004201 0.003410 0.002242 0.001945 0.004201 0.003410 0.002242 0.001945 0.004201 0.003410 0.002242 0.001945 0.004201 0.003410 0.002242 0.001945 0.004201 0.003410 0.002242 0.001945 0.004201 0.003410 0.002242 0.001945 0.004201 0.003410 0.002242 0.001945 0.004201 0.003410 0.002242 0.001945 0.004201 0.003410 0.002242 0.001945 0.004201 0.003410 0.002242 0.001945 0.004201 0.003410 0.002242 0.001945 0.004111 0.003345 0.002207 0.001917 0.004025 0.003282 0.002172 0.001888 0.003940 0.003221 0.002139 0.001861 0.003858 0.003161 0.002105 0.001834 0.003779 0.003102 0.002072 0.001807 0.003702 0.003045 0.002041 0.001781 0.003627 0.002990 0.002009 0.001755 0.003553 0.002935 0.001978 0.001727 0.003482 0.002882 0.001948 0.001695 0.003412 0.002830 0.001918 0.001670 0.003345 0.002779 0.001889 0.001646 0.003278 0.002730 0.001861 0.001622 0.003214 0.002681 0.001833 0.001598 0.003150 0.002633 0.001805 0.001566 0.003089 0.002587 0.001777 0.001544 0.003029 0.002541 0.001740 0.001521 0.002969 0.002496 0.001713 0.001491 0.002911 0.002452 0.001688 0.001468 0.002854 0.002410 0.001652 0.001445 0.002799 0.002367 0.001626 0.001409 0.002744 0.002325 0.001591 0.001372 0.002690 0.002284 0.001566 0.001332 0.002637 0.002243 0.001531 0.001304 0.002585 0.002204 0.001498 0.001267 0.002533 0.002153 0.001450 0.001240 0.002483 0.002113 0.001412 0.001207 0.002433 0.002063 0.001371 0.001182 0.002383 0.002022 0.001331 0.001151 0.002331 0.001972 0.001291 0.001126 0.002274 0.001932 0.001252 0.001101 0.002227 0.001882 0.001215 0.001075 0.002174 0.001845 0.001173 0.001053 0.002113 0.001774 0.001135 0.001024 0.002056 0.001689 0.001105 0.000991 0.001991 0.001629 0.001074 0.000951 0.001938 0.001560 0.001044 0.000923 0.001864 0.001511 0.001020 0.000902 0.001781 0.001454 0.000992 0.000882 0.001723 0.001421 0.000973 0.000864 0.001642 0.001380 0.000952 0.000842 0.001599 0.001332 0.000930 0.000823 0.001553 0.001268 0.000910 0.000807 0.001510 0.001238 0.000889 0.000790 0.001467 0.001206 0.000871 0.000773 0.001425 0.001188 0.000849 0.000750 0.001394 0.001165 0.000807 0.000736 0.001363 0.001136 0.000795 0.000699 0.001333 0.001117 0.000776 0.000689 0.001306 0.001093 0.000764 0.000673 0.001277 0.001073 0.000752 0.000662 0.001236 0.001050 0.000735 0.000651 0.001210 0.001010 0.000727 0.000637 0.001190 0.000992 0.000695 0.000610 0.001170 0.000981 0.000680 0.000595 0.001143 0.000960 0.000671 0.000587 0.001119 0.000939 0.000660 0.000579 0.001094 0.000917 0.000646 0.000565 0.001066 0.000890 0.000619 0.000542 0.001050 0.000878 0.000611 0.000536 0.001022 0.000852 0.000600 0.000524 0.000990 0.000825 0.000588 0.000512 0.000975 0.000816 0.000578 0.000492 0.000966 0.000810 0.000557 0.000487 0.000952 0.000790 0.000552 0.000478 0.000930 0.000766 0.000543 0.000468 0.000900 0.000752 0.000531 0.000464 0.000887 0.000740 0.000510 0.000462 0.000871 0.000724 0.000508 0.000441 0.000845 0.000710 0.000502 0.000431 0.000832 0.000702 0.000480 0.000424 0.000813 0.000681 0.000468 0.000413 0.000787 0.000656 0.000460 0.000407 0.000778 0.000649 0.000440 0.000400 0.000766 0.000635 0.000441 0.000377 0.000746 0.000623 0.000437 0.000371 0.000735 0.000616 0.000431 0.000368 0.000713 0.000605 0.000408 0.000359 0.000698 0.000588 0.000403 0.000355 0.000691 0.000574 0.000399 0.000346 0.000684 0.000570 0.000400 0.000329 0.000674 0.000560 0.000387 0.000326 0.000654 0.000546 0.000381 0.000326 0.000640 0.000535 0.000371 0.000325 0.000624 0.000526 0.000365 0.000312 0.000611 0.000517 0.000354 0.000304 0.000606 0.000499 0.000352 0.000298 0.000591 0.000488 0.000324 0.000284 0.000569 0.000475 0.000319 0.000284 0.000560 0.000456 0.000318 0.000276 0.000556 0.000449 0.000307 0.000263 0.000555 0.000440 0.000294 0.000249 0.000553 0.000421 0.000281 0.000238 0.000551 0.000405 0.000269 0.000221 0.000551 0.000394 0.000257 0.000197 0.000551 0.000375 0.000248 0.000180 0.000551 0.000352 0.000240 0.000175 0.000551 0.000330 0.000225 0.000170 0.000551 0.000328 0.000217 0.000157 0.000551 0.000325 0.000202 0.000147 0.000551 0.000325 0.000194 0.000140 0.000551 0.000324 0.000183 0.000139 0.000551 0.000324 0.000176 0.000137 0.000551 0.000324 0.000170 0.000136 0.000551 0.000324 0.000205 0.000134 0.000551 0.000324 0.000161 0.000132 0.000551 0.000324 0.000156 0.000132 0.000551 0.000324 0.000155 0.000132 0.000551 0.000324 0.000159 0.000133 0.000551 0.000324 0.000154 0.000135 0.000551 0.000324 0.000154 0.000135 0.000551 0.000324 0.000154 0.000135 0.000551 0.000324 0.000154 0.000135 0.000551 0.000324 0.000154 0.000135 0.000551 0.000324 0.000154 0.000135 0.000551 0.000324 0.000154 0.000135 0.000551 0.000324 0.000154 0.000135 0.000551 0.000324 0.000154 0.000135 0.000551 0.000324 0.000154 0.000135 0.000551 0.000324 0.000154 0.000135 0.000551 0.000324 0.000154 0.000135 0.000551 0.000324 0.000154 0.000135 0.000551 0.000324 0.000154 0.000135 0.000551 0.000324 0.000154 0.000135 0.000551 0.000324 0.000154 0.000135 0.000551 0.000324 0.000154 0.000135 0.000551 0.000324 0.000154 0.000135 0.000551 0.000324 0.000154 0.000135 0.000551 0.000324 0.000154 0.000135 0.000551 0.000324 0.000154 0.000135 0.000551 0.000324 0.000154 0.000135 0.000551 0.000324 0.000154 0.000135 0.000551 0.000324 0.000154 0.000135 0.000551 0.000324 0.000154 0.000135 0.000551 0.000324 0.000154 0.000135 0.000551 0.000324 0.000154 0.000135 0.000551 0.000324 0.000154 0.000135 0.000551 0.000324 0.000154 0.000135 0.000551 0.000324 0.000154 0.000135 0.000551 0.000324 0.000154 0.000135 0.000551 0.000324 0.000154 0.000135 0.000551 0.000324 0.000154 0.000135 0.000551 0.000324 0.000154 0.000135 0.000551 0.000324 0.000154 0.000135 0.000551 0.000324 0.000154 0.000135 0.000551 0.000324 0.000154 0.000135 0.000551 0.000324 0.000154 0.000135 0.000551 0.000324 0.000154 0.000135 0.000551 0.000324 0.000154 0.000135 0.000551 0.000324 0.000154 0.000135 0.000551 0.000324 0.000154 0.000135 0.000551 0.000324 0.000154 0.000135 0.000551 0.000324 0.000154 0.000135 0.000551 0.000324 0.000154 0.000135 0.000551 0.000324 0.000154 0.000135 0.000551 0.000324 0.000154 0.000135 0.000551 0.000324 0.000154 0.000135 0.000551 0.000324 0.000154 0.000135 0.000551 0.000324 0.000154 0.000135 0.000551 0.000324 0.000154 0.000135 0.000551 0.000324 0.000154 0.000135  
0.004201 0.003410 0.002242 0.001945 0.004201 0.003410 0.002242 0.001945 0.004201 0.003410 0.002242 0.001945 0.004201 0.003410 0.002242 0.001945 0.004201 0.003410 0.002242 0.001945 0.004201 0.003410 0.002242 0.001945 0.004201 0.003410 0.002242 0.001945 0.004201 0.003410 0.002242 0.001945 0.004201 0.003410 0.002242 0.001945 0.004201 0.003410 0.002242 0.001945 0.004201 0.003410 0.002242 0.001945 0.004201 0.003410 0.002242 0.001945 0.004201 0.003410 0.002242 0.001945 0.004201 0.003410 0.002242 0.001945 0.004201 0.003410 0.002242 0.001945 0.004201 0.003410 0.002242 0.001945 0.004201 0.003410 0.002242 0.001945 0.004201 0.003410 0.002242 0.001945 0.004201 0.003410 0.002242 0.001945 0.004201 0.003410 0.002242 0.001945 0.004201 0.003410 0.002242 0.001945 0.004111 0.003345 0.002207 0.001917 0.004025 0.003282 0.002172 0.001888 0.003940 0.003221 0.002139 0.001861 0.003858 0.003161 0.002105 0.001834 0.003779 0.003102 0.002072 0.001807 0.003702 0.003045 0.002041 0.001781 0.003627 0.002990 0.002009 0.001755 0.003553 0.002935 0.001978 0.001727 0.003482 0.002882 0.001948 0.001695 0.003412 0.002830 0.001918 0.001670 0.003345 0.002779 0.001889 0.001646 0.003278 0.002730 0.001861 0.001622 0.003214 0.002681 0.001833 0.001598 0.003150 0.002633 0.001805 0.001566 0.003089 0.002587 0.001777 0.001544 0.003029 0.002541 0.001740 0.001521 0.002969 0.002496 0.001713 0.001491 0.002911 0.002452 0.001688 0.001468 0.002854 0.002410 0.001652 0.001445 0.002799 0.002367 0.001626 0.001409 0.002744 0.002325 0.001591 0.001372 0.002690 0.002284 0.001566 0.001332 0.002637 0.002243 0.001531 0.001304 0.002585 0.002204 0.001498 0.001267 0.002533 0.002153 0.001450 0.001240 0.002483 0.002113 0.001412 0.001207 0.002433 0.002063 0.001371 0.001182 0.002383 0.002022 0.001331 0.001151 0.002331 0.001972 0.001291 0.001126 0.002274 0.001932 0.001252 0.001101 0.002227 0.001882 0.001215 0.001075 0.002174 0.001845 0.001173 0.001053 0.002113 0.001774 0.001135 0.001024 0.002056 0.001689 0.001105 0.000991 0.001991 0.001629 0.001074 0.000951 0.001938 0.001560 0.001044 0.000923 0.001864 0.001511 0.001020 0.000902 0.001781 0.001454 0.000992 0.000882 0.001723 0.001421 0.000973 0.000864 0.001642 0.001380 0.000952 0.000842 0.001599 0.001332 0.000930 0.000823 0.001553 0.001268 0.000910 0.000807 0.001510 0.001238 0.000889 0.000790 0.001467 0.001206 0.000871 0.000773 0.001425 0.001188 0.000849 0.000750 0.001394 0.001165 0.000807 0.000736 0.001363 0.001136 0.000795 0.000699 0.001333 0.001117 0.000776 0.000689 0.001306 0.001093 0.000764 0.000673 0.001277 0.001073 0.000752 0.000662 0.001236 0.001050 0.000735 0.000651 0.001210 0.001010 0.000727 0.000637 0.001190 0.000992 0.000695 0.000610 0.001170 0.000981 0.000680 0.000595 0.001143 0.000960 0.000671 0.000587 0.001119 0.000939 0.000660 0.000579 0.001094 0.000917 0.000646 0.000565 0.001066 0.000890 0.000619 0.000542 0.001050 0.000878 0.000611 0.000536 0.001022 0.000852 0.000600 0.000524 0.000990 0.000825 0.000588 0.000512 0.000975 0.000816 0.000578 0.000492 0.000966 0.000810 0.000557 0.000487 0.000952 0.000790 0.000552 0.000478 0.000930 0.000766 0.000543 0.000468 0.000900 0.000752 0.000531 0.000464 0.000887 0.000740 0.000510 0.000462 0.000871 0.000724 0.000508 0.000441 0.000845 0.000710 0.000502 0.000431 0.000832 0.000702 0.000480 0.000424 0.000813 0.000681 0.000468 0.000413 0.000787 0.000656 0.000460 0.000407 0.000778 0.000649 0.000440 0.000400 0.000766 0.000635 0.000441 0.000377 0.000746 0.000623 0.000437 0.000371 0.000735 0.000616 0.000431 0.000368 0.000713 0.000605 0.000408 0.000359 0.000698 0.000588 0.000403 0.000355 0.000691 0.000574 0.000399 0.000346 0.000684 0.000570 0.000400 0.000329 0.000674 0.000560 0.000387 0.000326 0.000654 0.000546 0.000381 0.000326 0.000640 0.000535 0.000371 0.000325 0.000624 0.000526 0.000365 0.000312 0.000611 0.000517 0.000354 0.000304 0.000606 0.000499 0.000352 0.000298 0.000591 0.000488 0.000324 0.000284 0.000569 0.000475 0.000319 0.000284 0.000560 0.000456 0.000318 0.000276 0.000556 0.000449 0.000307 0.000263 0.000555 0.000440 0.000294 0.000249 0.000553 0.000421 0.000281 0.000238 0.000551 0.000405 0.000269 0.000221 0.000551 0.000394 0.000257 0.000197 0.000551 0.000375 0.000248 0.000180 0.000551 0.000352 0.000240 0.000175 0.000551 0.000330 0.000225 0.000170 0.000551 0.000328 0.000217 0.000157 0.000551 0.000325 0.000202 0.000147 0.000551 0.000325 0.000194 0.000140 0.000551 0.000324 0.000183 0.000139 0.000551 0.000324 0.000176 0.000137 0.000551 0.000324 0.000170 0.000136 0.000551 0.000324 0.000205 0.000134 0.000551 0.000324 0.000161 0.000132 0.000551 0.000324 0.000156 0.000132 0.000551 0.000324 0.000155 0.000132 0.000551 0.000324 0.000159 0.000133 0.000551 0.000324 0.000154 0.000135 0.000551 0.000324 0.000154 0.000135 0.000551 0.000324 0.000154 0.000135 0.000551 0.000324 0.000154 0.000135 0.000551 0.000324 0.000154 0.000135 0.000551 0.000324 0.000154 0.000135 0.000551 0.000324 0.000154 0.000135 0.000551 0.000324 0.000154 0.000135 0.000551 0.000324 0.000154 0.000135 0.000551 0.000324 0.000154 0.000135 0.000551 0.000324 0.000154 0.000135 0.000551 0.000324 0.000154 0.000135 0.000551 0.000324 0.000154 0.000135 0.000551 0.000324 0.000154 0.000135 0.000551 0.000324 0.000154 0.000135 0.000551 0.000324 0.000154 0.000135 0.000551 0.000324 0.000154 0.000135 0.000551 0.000324 0.000154 0.000135 0.000551 0.000324 0.000154 0.000135 0.000551 0.000324 0.000154 0.000135 0.000551 0.000324 0.000154 0.000135 0.000551 0.000324 0.000154 0.000135 0.000551 0.000324 0.000154 0.000135 0.000551 0.000324 0.000154 0.000135 0.000551 0.000324 0.000154 0.000135 0.000551 0.000324 0.000154 0.000135 0.000551 0.000324 0.000154 0.000135 0.000551 0.000324 0.000154 0.000135 0.000551 0.000324 0.000154 0.000135 0.000551 0.000324 0.000154 0.000135 0.000551 0.000324 0.000154 0.000135 0.000551 0.000324 0.000154 0.000135 0.000551 0.000324 0.000154 0.000135 0.000551 0.000324 0.000154 0.000135 0.000551 0.000324 0.000154 0.000135 0.000551 0.000324 0.000154 0.000135 0.000551 0.000324 0.000154 0.000135 0.000551 0.000324 0.000154 0.000135 0.000551 0.000324 0.000154 0.000135 0.000551 0.000324 0.000154 0.000135 0.000551 0.000324 0.000154 0.000135 0.000551 0.000324 0.000154 0.000135 0.000551 0.000324 0.000154 0.000135 0.000551 0.000324 0.000154 0.000135 0.000551 0.000324 0.000154 0.000135 0.000551 0.000324 0.000154 0.000135 0.000551 0.000324 0.000154 0.000135 0.000551 0.000324 0.000154 0.000135 0.000551 0.000324 0.000154 0.000135 0.000551 0.000324 0.000154 0.000135 0.000551 0.000324 0.000154 0.000135 0.000551 0.000324 0.000154 0.000135  
0.000000 0.000000 0.000000 0.000000 0.000000 0.000000 0.000000 0.000000 0.000000 0.000000 0.000000 0.000000 0.000000 0.000000 0.000000 0.000000 0.000000 0.000000 0.000000 0.000000 0.000000 0.000000 0.000000 0.000000 0.000000 0.000000 0.000000 0.000000 0.000000 0.000000 0.000000 0.000000 0.000000 0.000000 0.000000 0.000000 0.000000 0.000000 0.000000 0.000000 0.000000 0.000000 0.000000 0.000000 0.000000 0.000000 0.000000 0.000000 0.000000 0.000000 0.000000 0.000000 0.000000 0.000000 0.000000 0.000000 0.000000 0.000000 0.000000 0.000000 0.000000 0.000000 0.000000 0.000000 0.000000 0.000000 0.000000 0.000000 0.000000 0.000000 0.000000 0.000000 0.000000 0.000000 0.000000 0.000000 0.000000 0.000000 0.000000 0.000000 0.000000 0.000000 0.000000 0.000000 0.000000 0.000000 0.000000 0.000000 0.000000 0.000000 0.000000 0.000000 0.000000 0.000000 0.000000 0.000000 0.000000 0.000000 0.000000 0.000000 0.000000 0.000000 0.000000 0.000000 0.000000 0.000000 0.000000 0.000000 0.000000 0.000000 0.000000 0.000000 0.000000 0.000000 0.000000 0.000000 0.000000 0.000000 0.000000 0.000000 0.000000 0.000000 0.000000 0.000000 0.000000 0.000000 0.000000 0.000000 0.000000 0.000000 0.000000 0.000000 0.000000 0.000000 0.000000 0.000000 0.000000 0.000000 0.000000 0.000000 0.000000 0.000000 0.000000 0.000000 0.000000 0.000000 0.000000 0.000000 0.000000 0.000000 0.000000 0.000000 0.000000 0.000000 0.000000 0.000000 0.000000 0.000000 0.000000 0.000000 0.000000 0.000000 0.000000 0.000000 0.000000 0.000000 0.000000 0.000000 0.000000 0.000000 0.000000 0.000000 0.000000 0.000000 0.000000 0.000000 0.000000 0.000000 0.000000 0.000000 0.000000 0.000000 0.000000 0.000000 0.000000 0.000000 0.000000 0.000000 0.000000 0.000000 0.000000 0.000000 0.000000 0.000000 0.000000 0.000000 0.000000 0.000000 0.000000 0.000000 0.000000 0.000000 0.000000 0.000000 0.000000 0.000000 0.000000 0.000000 0.000000 0.000000 0.000000 0.000000 0.000000 0.000000 0.000000 0.000000 0.000000 0.000000 0.000000 0.000000 0.000000 0.000000 0.000000 0.000000 0.000000 0.000000 0.000000 0.000000 0.000000 0.000000 0.000000 0.000000 0.000000 0.000000 0.000000 0.000000 0.000000 0.000000 0.000000 0.000000 0.000000 0.000000 0.000000 0.000000 0.000000 0.000000 0.000000 0.000000 0.000000 0.000000 0.000000 0.000000 0.000000 0.000000 0.000000 0.000000 0.000000 0.000000 0.000000 0.000000 0.000000 0.000000 0.000000 0.000000 0.000000 0.000000 0.000000 0.000000 0.000000 0.000000 0.000000 0.000000 0.000000 0.000000 0.000000 0.000000 0.000000 0.000000 0.000000 0.000000 0.000000 0.000000 0.000000 0.000000 0.000000 0.000000 0.000000 0.000000 0.000000 0.000000 0.000000 0.000000 0.000000 0.000000 0.000000 0.000000 0.000000 0.000000 0.000000 0.000000 0.000000 0.000000 0.000000 0.000000 0.000000 0.000000 0.000000 0.000000 0.000000 0.000000 0.000000 0.000000 0.000000 0.000000 0.000000 0.000000 0.000000 0.000000 0.000000 0.000000 0.000000 0.000000 0.000000 0.000000 0.000000 0.000000 0.000000 0.000000 0.000000 0.000000 0.000000 0.000000 0.000000 0.000000 0.000000 0.000000 0.000000 0.000000 0.000000 0.000000 0.000000 0.000000 0.000000 0.000000 0.000000 0.000000 0.000000 0.000000 0.000000 0.000000 0.000000 0.000000 0.000000 0.000000 0.000000 0.000000 0.000000 0.000000 0.000000 0.000000 0.000000 0.000000 0.000000 0.000000 0.000000 0.000000 0.000000 0.000000 0.000000 0.000000 0.000000 0.000000 0.000000 0.000000 0.000000 0.000000 0.000000 0.000000 0.000000 0.000000 0.000000 0.000000 0.000000 0.000000 0.000000 0.000000 0.000000 0.000000 0.000000 0.000000 0.000000 0.000000 0.000000 0.000000 0.000000 0.000000 0.000000 0.000000 0.000000 0.000000 0.000000 0.000000 0.000000 0.000000 0.000000 0.000000 0.000000 0.000000 0.000000 0.000000 0.000000 0.000000 0.000000 0.000000 0.000000 0.000000 0.000000 0.000000 0.000000 0.000000 0.000000 0.000000 0.000000 0.000000 0.000000 0.000000 0.000000 0.000000 0.000000 0.000000 0.000000 0.000000 0.000000 0.000000 0.000000 0.000000 0.000000 0.000000 0.000000 0.000000 0.000000 0.000000 0.000000 0.000000 0.000000 0.000000 0.000000 0.000000 0.000000 0.000000 0.000000 0.000000 0.000000 0.000000 0.000000 0.000000 0.000000 0.000000 0.000000 0.000000 0.000000 0.000000 0.000000 0.000000 0.000000 0.000000 0.000000 0.000000 0.000000 0.000000 0.000000 0.000000 0.000000 0.000000 0.000000 0.000000 0.000000 0.000000 0.000000 0.000000 0.000000 0.000000 0.000000 0.000000 0.000000 0.000000 0.000000 0.000000 0.000000 0.000000 0.000000 0.000000 0.000000 0.000000 0.000000 0.000000 0.000000 0.000000 0.000000 0.000000 0.000000 0.000000 0.000000 0.000000 0.000000 0.000000 0.000000 0.000000 0.000000 0.000000 0.000000 0.000000 0.000000 0.000000 0.000000 0.000000 0.000000 0.000000 0.000000 0.000000 0.000000 0.000000 0.000000 0.000000 0.000000 0.000000 0.000000 0.000000 0.000000 0.000000 0.000000 0.000000 0.000000 0.000000 0.000000 0.000000 0.000000 0.000000 0.000000 0.000000 0.000000 0.000000 0.000000 0.000000 0.000000 0.000000 0.000000 0.000000 0.000000 0.000000 0.000000 0.000000 0.000000 0.000000 0.000000 0.000000 0.000000 0.000000 0.000000 0.000000 0.000000 0.000000 0.000000 0.000000 0.000000 0.000000 0.000000 0.000000 0.000000 0.000000 0.000000 0.000000 0.000000 0.000000 0.000000 0.000000 0.000000 0.000000 0.000000 0.000000 0.000000 0.000000 0.000000 0.000000 0.000000 0.000000 0.000000 0.000000 0.000000 0.000000 0.000000 0.000000 0.000000 0.000000 0.000000 0.000000 0.000000 0.000000 0.000000 0.000000 0.000000 0.000000 0.000000 0.000000 0.000000 0.000000 0.000000 0.000000 0.000000 0.000000 0.000000 0.000000 0.000000 0.000000 0.000000 0.000000 0.000000 0.000000 0.000000 0.000000 0.000000 0.000000 0.000000 0.000000 0.000000 0.000000 0.000000 0.000000 0.000000 0.000000 0.000000 0.000000 0.000000 0.000000 0.000000 0.000000 0.000000 0.000000 0.000000 0.000000 0.000000 0.000000 0.000000 0.000000 0.000000 0.000000 0.000000 0.000000 0.000000 0.000000 0.000000 0.000000 0.000000 0.000000 0.000000 0.000000 0.000000 0.000000 0.000000 0.000000 0.000000 0.000000 0.000000 0.000000 0.000000 0.000000 0.000000 0.000000 0.000000 0.000000 0.000000 0.000000 0.000000 0.000000 0.000000 0.000000 0.000000 0.000000 0.000000 0.000000 0.000000 0.000000 0.000000 0.000000 0.000000 0.000000 0.000000 0.000000 0.000000 0.000000 0.000000 0.000000 0.000000 0.000000 0.000000 0.000000 0.000000 0.000000 0.000000 0.000000 0.000000 0.000000 0.000000 0.000000 0.000000 0.000000 0.000000 0.000000 0.000000 0.000000 0.000000 0.000000 0.000000 0.000000 0.000000 0.000000 0.000000 0.000000 0.000000 0.000000 0.000000 0.000000 0.000000 0.000000  
0.000000 0.000000 0.000000 0.000000 0.000000 0.000000 0.000000 0.000000 0.000000 0.000000 0.000000 0.000000 0.000000 0.000000 0.000000 0.000000 0.000000 0.000000 0.000000 0.000000 0.000000 0.000000 0.000000 0.000000 0.000000 0.000000 0.000000 0.000000 0.000000 0.000000 0.000000 0.000000 0.000000 0.000000 0.000000 0.000000 0.000000 0.000000 0.000000 0.000000 0.000000 0.000000 0.000000 0.000000 0.000000 0.000000 0.000000 0.000000 0.000000 0.000000 0.000000 0.000000 0.000000 0.000000 0.000000 0.000000 0.000000 0.000000 0.000000 0.000000 0.000000 0.000000 0.000000 0.000000 0.000000 0.000000 0.000000 0.000000 0.000000 0.000000 0.000000 0.000000 0.000000 0.000000 0.000000 0.000000 0.000000 0.000000 0.000000 0.000000 0.000000 0.000000 0.000000 0.000000 0.000000 0.000000 0.000000 0.000000 0.000000 0.000000 0.000000 0.000000 0.000000 0.000000 0.000000 0.000000 0.000000 0.000000 0.000000 0.000000 0.000000 0.000000 0.000000 0.000000 0.000000 0.000000 0.000000 0.000000 0.000000 0.000000 0.000000 0.000000 0.000000 0.000000 0.000000 0.000000 0.000000 0.000000 0.000000 0.000000 0.000000 0.000000 0.000000 0.000000 0.000000 0.000000 0.000000 0.000000 0.000000 0.000000 0.000000 0.000000 0.000000 0.000000 0.000000 0.000000 0.000000 0.000000 0.000000 0.000000 0.000000 0.000000 0.000000 0.000000 0.000000 0.000000 0.000000 0.000000 0.000000 0.000000 0.000000 0.000000 0.000000 0.000000 0.000000 0.000000 0.000000 0.000000 0.000000 0.000000 0.000000 0.000000 0.000000 0.000000 0.000000 0.000000 0.000000 0.000000 0.000000 0.000000 0.000000 0.000000 0.000000 0.000000 0.000000 0.000000 0.000000 0.000000 0.000000 0.000000 0.000000 0.000000 0.000000 0.000000 0.000000 0.000000 0.000000 0.000000 0.000000 0.000000 0.000000 0.000000 0.000000 0.000000 0.000000 0.000000 0.000000 0.000000 0.000000 0.000000 0.000000 0.000000 0.000000 0.000000 0.000000 0.000000 0.000000 0.000000 0.000000 0.000000 0.000000 0.000000 0.000000 0.000000 0.000000 0.000000 0.000000 0.000000 0.000000 0.000000 0.000000 0.000000 0.000000 0.000000 0.000000 0.000000 0.000000 0.000000 0.000000 0.000000 0.000000 0.000000 0.000000 0.000000 0.000000 0.000000 0.000000 0.000000 0.000000 0.000000 0.000000 0.000000 0.000000 0.000000 0.000000 0.000000 0.000000 0.000000 0.000000 0.000000 0.000000 0.000000 0.000000 0.000000 0.000000 0.000000 0.000000 0.000000 0.000000 0.000000 0.000000 0.000000 0.000000 0.000000 0.000000 0.000000 0.000000 0.000000 0.000000 0.000000 0.000000 0.000000 0.000000 0.000000 0.000000 0.000000 0.000000 0.000000 0.000000 0.000000 0.000000 0.000000 0.000000 0.000000 0.000000 0.000000 0.000000 0.000000 0.000000 0.000000 0.000000 0.000000 0.000000 0.000000 0.000000 0.000000 0.000000 0.000000 0.000000 0.000000 0.000000 0.000000 0.000000 0.000000 0.000000 0.000000 0.000000 0.000000 0.000000 0.000000 0.000000 0.000000 0.000000 0.000000 0.000000 0.000000 0.000000 0.000000 0.000000 0.000000 0.000000 0.000000 0.000000 0.000000 0.000000 0.000000 0.000000 0.000000 0.000000 0.000000 0.000000 0.000000 0.000000 0.000000 0.000000 0.000000 0.000000 0.000000 0.000000 0.000000 0.000000 0.000000 0.000000 0.000000 0.000000 0.000000 0.000000 0.000000 0.000000 0.000000 0.000000 0.000000 0.000000 0.000000 0.000000 0.000000 0.000000 0.000000 0.000000 0.000000 0.000000 0.000000 0.000000 0.000000 0.000000 0.000000 0.000000 0.000000 0.000000 0.000000 0.000000 0.000000 0.000000 0.000000 0.000000 0.000000 0.000000 0.000000 0.000000 0.000000 0.000000 0.000000 0.000000 0.000000 0.000000 0.000000 0.000000 0.000000 0.000000 0.000000 0.000000 0.000000 0.000000 0.000000 0.000000 0.000000 0.000000 0.000000 0.000000 0.000000 0.000000 0.000000 0.000000 0.000000 0.000000 0.000000 0.000000 0.000000 0.000000 0.000000 0.000000 0.000000 0.000000 0.000000 0.000000 0.000000 0.000000 0.000000 0.000000 0.000000 0.000000 0.000000 0.000000 0.000000 0.000000 0.000000 0.000000 0.000000 0.000000 0.000000 0.000000 0.000000 0.000000 0.000000 0.000000 0.000000 0.000000 0.000000 0.000000 0.000000 0.000000 0.000000 0.000000 0.000000 0.000000 0.000000 0.000000 0.000000 0.000000 0.000000 0.000000 0.000000 0.000000 0.000000 0.000000 0.000000 0.000000 0.000000 0.000000 0.000000 0.000000 0.000000 0.000000 0.000000 0.000000 0.000000 0.000000 0.000000 0.000000 0.000000 0.000000 0.000000 0.000000 0.000000 0.000000 0.000000 0.000000 0.000000 0.000000 0.000000 0.000000 0.000000 0.000000 0.000000 0.000000 0.000000 0.000000 0.000000 0.000000 0.000000 0.000000 0.000000 0.000000 0.000000 0.000000 0.000000 0.000000 0.000000 0.000000 0.000000 0.000000 0.000000 0.000000 0.000000 0.000000 0.000000 0.000000 0.000000 0.000000 0.000000 0.000000 0.000000 0.000000 0.000000 0.000000 0.000000 0.000000 0.000000 0.000000 0.000000 0.000000 0.000000 0.000000 0.000000 0.000000 0.000000 0.000000 0.000000 0.000000 0.000000 0.000000 0.000000 0.000000 0.000000 0.000000 0.000000 0.000000 0.000000 0.000000 0.000000 0.000000 0.000000 0.000000 0.000000 0.000000 0.000000 0.000000 0.000000 0.000000 0.000000 0.000000 0.000000 0.000000 0.000000 0.000000 0.000000 0.000000 0.000000 0.000000 0.000000 0.000000 0.000000 0.000000 0.000000 0.000000 0.000000 0.000000 0.000000 0.000000 0.000000 0.000000 0.000000 0.000000 0.000000 0.000000 0.000000 0.000000 0.000000 0.000000 0.000000 0.000000 0.000000 0.000000 0.000000 0.000000 0.000000 0.000000 0.000000 0.000000 0.000000 0.000000 0.000000 0.000000 0.000000 0.000000 0.000000 0.000000 0.000000 0.000000 0.000000 0.000000 0.000000 0.000000 0.000000 0.000000 0.000000 0.000000 0.000000 0.000000 0.000000 0.000000 0.000000 0.000000 0.000000 0.000000 0.000000 0.000000 0.000000 0.000000 0.000000 0.000000 0.000000 0.000000 0.000000 0.000000 0.000000 0.000000 0.000000 0.000000 0.000000 0.000000 0.000000 0.000000 0.000000 0.000000 0.000000 0.000000 0.000000 0.000000 0.000000 0.000000 0.000000 0.000000 0.000000 0.000000 0.000000 0.000000 0.000000 0.000000 0.000000 0.000000 0.000000 0.000000 0.000000 0.000000 0.000000 0.000000 0.000000 0.000000 0.000000 0.000000 0.000000 0.000000 0.000000 0.000000 0.000000 0.000000 0.000000 0.000000 0.000000 0.000000 0.000000 0.000000 0.000000 0.000000 0.000000 0.000000 0.000000 0.000000 0.000000 0.000000 0.000000 0.000000 0.000000 0.000000 0.000000 0.000000 0.000000 0.000000 0.000000 0.000000 0.000000 0.000000 0.000000 0.000000 0.000000 0.000000 0.000000 0.000000 0.000000 0.000000 0.000000 0.000000 0.000000 0.000000 0.000000 0.000000 0.000000 0.000000 0.000000 0.000000 0.000000 0.000000 0.000000 0.000000 0.000000 0.000000 0.000000 0.000000 0.000000 0.000000 0.000000 0.000000 0.000000  
0.012365 0.010003 0.006730 0.005731 0.012365 0.010003 0.006730 0.005731 0.012365 0.010003 0.006730 0.005731 0.012365 0.010003 0.006730 0.005731 0.012365 0.010003 0.006730 0.005731 0.012365 0.010003 0.006730 0.005731 0.012365 0.010003 0.006730 0.005731 0.012365 0.010003 0.006730 0.005731 0.012365 0.010003 0.006730 0.005731 0.012365 0.010003 0.006730 0.005731 0.012365 0.010003 0.006730 0.005731 0.012365 0.010003 0.006730 0.005731 0.012365 0.010003 0.006730 0.005731 0.012365 0.010003 0.006730 0.005731 0.012365 0.010003 0.006730 0.005731 0.012365 0.010003 0.006730 0.005731 0.012365 0.010003 0.006730 0.005731 0.012365 0.010003 0.006730 0.005731 0.012365 0.010003 0.006730 0.005731 0.012365 0.010003 0.006730 0.005731 0.012365 0.010003 0.006730 0.005731 0.012559 0.010147 0.006816 0.005800 0.012759 0.010295 0.006902 0.005870 0.012965 0.010447 0.006991 0.005942 0.013177 0.010603 0.007080 0.006014 0.013394 0.010761 0.007172 0.006088 0.013619 0.010924 0.007265 0.006162 0.013850 0.011092 0.007359 0.006238 0.014087 0.011263 0.007457 0.006374 0.014334 0.011440 0.007556 0.006717 0.014589 0.011621 0.007656 0.006803 0.014852 0.011807 0.007759 0.006891 0.015125 0.011998 0.007865 0.006981 0.015406 0.012196 0.007971 0.007073 0.015700 0.012399 0.008081 0.007533 0.016004 0.012608 0.008216 0.007635 0.016321 0.012824 0.008728 0.007740 0.016651 0.013047 0.008854 0.008174 0.016996 0.013276 0.008983 0.008365 0.017357 0.013514 0.009521 0.008565 0.017735 0.013761 0.009725 0.009397 0.018130 0.014016 0.010312 0.010434 0.018547 0.014281 0.010571 0.011795 0.018985 0.014556 0.011279 0.012471 0.019448 0.014842 0.011994 0.013932 0.019938 0.015638 0.013629 0.014796 0.020458 0.016013 0.014955 0.016195 0.021013 0.016919 0.016504 0.017044 0.021607 0.017491 0.018176 0.018471 0.022406 0.018533 0.020112 0.019513 0.023469 0.019200 0.022122 0.020646 0.024204 0.020415 0.023868 0.021894 0.025233 0.021072 0.026076 0.022772 0.026762 0.023774 0.028718 0.024407 0.028211 0.027790 0.030709 0.025893 0.030365 0.031139 0.033911 0.028496 0.032299 0.037319 0.037719 0.031382 0.035342 0.042154 0.040120 0.033518 0.038442 0.050185 0.044656 0.035784 0.044103 0.054480 0.048265 0.038386 0.054112 0.061040 0.051052 0.042854 0.058667 0.066778 0.056769 0.045229 0.065461 0.073130 0.060337 0.048818 0.072487 0.078337 0.065832 0.051784 0.081719 0.087708 0.070554 0.056478 0.094424 0.092948 0.074364 0.062049 0.098612 0.098335 0.077735 0.065803 0.104780 0.105466 0.082928 0.068677 0.113935 0.112657 0.089024 0.074445 0.118176 0.117984 0.094673 0.077530 0.123673 0.125142 0.099439 0.082424 0.129244 0.129521 0.103161 0.087056 0.136813 0.134578 0.109481 0.090335 0.143694 0.140861 0.113522 0.097678 0.148718 0.147927 0.117781 0.104199 0.155951 0.153720 0.127158 0.109181 0.160630 0.157363 0.131264 0.114929 0.165487 0.162075 0.135126 0.118681 0.173162 0.170037 0.139642 0.123690 0.178470 0.175301 0.146966 0.130810 0.183794 0.178785 0.151226 0.134418 0.187646 0.182366 0.155014 0.138746 0.193035 0.189233 0.160158 0.144889 0.200841 0.196599 0.165411 0.151589 0.205566 0.200929 0.172421 0.155146 0.210141 0.204756 0.176065 0.159550 0.215532 0.208579 0.180176 0.165342 0.220207 0.214493 0.188217 0.173934 0.226283 0.221098 0.196956 0.177307 0.232998 0.226416 0.201300 0.181691 0.237758 0.231690 0.204759 0.189169 0.242330 0.235815 0.208689 0.199698 0.247918 0.241233 0.212634 0.204088 0.255394 0.247511 0.217478 0.207417 0.260770 0.253188 0.226626 0.211505 0.266167 0.259259 0.232060 0.215674 0.271691 0.265054 0.235899 0.221335 0.276452 0.269626 0.239748 0.232033 0.284253 0.273789 0.243524 0.236007 0.291841 0.278952 0.248417 0.240297 0.298806 0.285554 0.258045 0.243538 0.305271 0.293047 0.263884 0.247872 0.311089 0.298592 0.268023 0.256921 0.317939 0.303882 0.276077 0.263882 0.325041 0.310538 0.281305 0.269014 0.332496 0.321502 0.291684 0.273432 0.340902 0.330735 0.298357 0.276958 0.348811 0.338067 0.303358 0.281446 0.356857 0.345153 0.308017 0.291219 0.367735 0.352019 0.317131 0.298786 0.376839 0.362019 0.324666 0.305427 0.383261 0.370848 0.332745 0.309106 0.389475 0.377987 0.338316 0.314266 0.395045 0.387159 0.347150 0.323712 0.400045 0.398887 0.354430 0.334301 0.405045 0.409573 0.363288 0.338546 0.410045 0.420658 0.374681 0.350514 0.415045 0.430015 0.381476 0.359611 0.420045 0.435310 0.393238 0.366308 0.425045 0.440688 0.405043 0.374323 0.430045 0.447848 0.417115 0.384242 0.435045 0.455774 0.425806 0.398143 0.440045 0.460774 0.443654 0.407740 0.445045 0.465774 0.460239 0.422950 0.450045 0.470774 0.479323 0.435041 0.455045 0.475774 0.503783 0.445961 0.460045 0.480774 0.507113 0.462888 0.465045 0.485774 0.512111 0.479272 0.470045 0.490774 0.522919 0.500674 0.475045 0.495774 0.531768 0.518019 0.480045 0.500774 0.536768 0.523019 0.485045 0.505774 0.541768 0.528019 0.490045 0.510774 0.546768 0.533019 0.495045 0.515774 0.551768 0.538019 0.500045 0.520774 0.556768 0.543019 0.505045 0.525774 0.561768 0.548019 0.510045 0.530774 0.566768 0.553019 0.515045 0.535774 0.571768 0.558019 0.520045 0.540774 0.576768 0.563019 0.525045 0.545774 0.581768 0.568019 0.530045 0.550774 0.586768 0.573019 0.535045 0.555774 0.591768 0.578019 0.540045 0.560774 0.596768 0.583019 0.545045 0.565774 0.601768 0.588019 0.550045 0.570774 0.606768 0.593019 0.555045 0.575774 0.611768 0.598019 0.560045 0.580774 0.616768 0.603019 0.565045 0.585774 0.621768 0.608019 0.570045 0.590774 0.626768 0.613019 0.575045 0.595774 0.631768 0.618019 0.580045 0.600774 0.636768 0.623019 0.585045 0.605774 0.641768 0.628019 0.590045 0.610774 0.646768 0.633019 0.595045 0.615774 0.651768 0.638019 0.600045 0.620774 0.656768 0.643019 0.605045 0.625774 0.661768 0.648019 0.610045 0.630774 0.666768 0.653019 0.615045 0.635774 0.671768 0.658019 0.620045 0.640774 0.676768 0.663019 0.625045 0.645774 0.681768 0.668019 0.630045 0.650774 0.686768 0.673019 0.635045 0.655774 0.691768 0.678019 0.640045 0.660774 0.696768 0.683019 0.645045 0.665774 0.701768 0.688019 0.650045 0.670774 0.706768 0.693019 0.655045 0.675774 0.711768 0.698019 0.660045 0.680774 0.716768 0.703019 0.665045 0.685774 0.721768 0.708019 0.670045 0.690774 0.726768 0.713019 0.675045 0.695774 0.731768 0.718019 0.680045 0.700774 0.736768 0.723019 0.685045 0.705774 0.741768 0.728019 0.690045 0.710774 0.746768 0.733019 0.695045 0.715774 0.751768 0.738019 0.700045 0.720774 0.756768 0.743019 0.705045 0.725774 0.761768 0.748019 0.710045 0.730774 0.766768 0.753019 0.715045 0.735774 0.771768 0.758019 0.720045 0.740774 0.776768 0.763019 0.725045 0.745774 0.781768 0.768019 0.730045 0.750774 0.786768 0.773019  
0.012365 0.010003 0.006730 0.005731 0.012365 0.010003 0.006730 0.005731 0.012365 0.010003 0.006730 0.005731 0.012365 0.010003 0.006730 0.005731 0.012365 0.010003 0.006730 0.005731 0.012365 0.010003 0.006730 0.005731 0.012365 0.010003 0.006730 0.005731 0.012365 0.010003 0.006730 0.005731 0.012365 0.010003 0.006730 0.005731 0.012365 0.010003 0.006730 0.005731 0.012365 0.010003 0.006730 0.005731 0.012365 0.010003 0.006730 0.005731 0.012365 0.010003 0.006730 0.005731 0.012365 0.010003 0.006730 0.005731 0.012365 0.010003 0.006730 0.005731 0.012365 0.010003 0.006730 0.005731 0.012365 0.010003 0.006730 0.005731 0.012365 0.010003 0.006730 0.005731 0.012365 0.010003 0.006730 0.005731 0.012365 0.010003 0.006730 0.005731 0.012365 0.010003 0.006730 0.005731 0.012559 0.010147 0.006816 0.005800 0.012759 0.010295 0.006902 0.005870 0.012965 0.010447 0.006991 0.005942 0.013177 0.010603 0.007080 0.006014 0.013394 0.010761 0.007172 0.006088 0.013619 0.010924 0.007265 0.006162 0.013850 0.011092 0.007359 0.006238 0.014087 0.011263 0.007457 0.006374 0.014334 0.011440 0.007556 0.006717 0.014589 0.011621 0.007656 0.006803 0.014852 0.011807 0.007759 0.006891 0.015125 0.011998 0.007865 0.006981 0.015406 0.012196 0.007971 0.007073 0.015700 0.012399 0.008081 0.007533 0.016004 0.012608 0.008216 0.007635 0.016321 0.012824 0.008728 0.007740 0.016651 0.013047 0.008854 0.008174 0.016996 0.013276 0.008983 0.008365 0.017357 0.013514 0.009521 0.008565 0.017735 0.013761 0.009725 0.009397 0.018130 0.014016 0.010312 0.010434 0.018547 0.014281 0.010571 0.011795 0.018985 0.014556 0.011279 0.012471 0.019448 0.014842 0.011994 0.013932 0.019938 0.015638 0.013629 0.014796 0.020458 0.016013 0.014955 0.016195 0.021013 0.016919 0.016504 0.017044 0.021607 0.017491 0.018176 0.018471 0.022406 0.018533 0.020112 0.019513 0.023469 0.019200 0.022122 0.020646 0.024204 0.020415 0.023868 0.021894 0.025233 0.021072 0.026076 0.022772 0.026762 0.023774 0.028718 0.024407 0.028211 0.027790 0.030709 0.025893 0.030365 0.031139 0.033911 0.028496 0.032299 0.037319 0.037719 0.031382 0.035342 0.042154 0.040120 0.033518 0.038442 0.050185 0.044656 0.035784 0.044103 0.054480 0.048265 0.038386 0.054112 0.061040 0.051052 0.042854 0.058667 0.066778 0.056769 0.045229 0.065461 0.073130 0.060337 0.048818 0.072487 0.078337 0.065832 0.051784 0.081719 0.087708 0.070554 0.056478 0.094424 0.092948 0.074364 0.062049 0.098612 0.098335 0.077735 0.065803 0.104780 0.105466 0.082928 0.068677 0.113935 0.112657 0.089024 0.074445 0.118176 0.117984 0.094673 0.077530 0.123673 0.125142 0.099439 0.082424 0.129244 0.129521 0.103161 0.087056 0.136813 0.134578 0.109481 0.090335 0.143694 0.140861 0.113522 0.097678 0.148718 0.147927 0.117781 0.104199 0.155951 0.153720 0.127158 0.109181 0.160630 0.157363 0.131264 0.114929 0.165487 0.162075 0.135126 0.118681 0.173162 0.170037 0.139642 0.123690 0.178470 0.175301 0.146966 0.130810 0.183794 0.178785 0.151226 0.134418 0.187646 0.182366 0.155014 0.138746 0.193035 0.189233 0.160158 0.144889 0.200841 0.196599 0.165411 0.151589 0.205566 0.200929 0.172421 0.155146 0.210141 0.204756 0.176065 0.159550 0.215532 0.208579 0.180176 0.165342 0.220207 0.214493 0.188217 0.173934 0.226283 0.221098 0.196956 0.177307 0.232998 0.226416 0.201300 0.181691 0.237758 0.231690 0.204759 0.189169 0.242330 0.235815 0.208689 0.199698 0.247918 0.241233 0.212634 0.204088 0.255394 0.247511 0.217478 0.207417 0.260770 0.253188 0.226626 0.211505 0.266167 0.259259 0.232060 0.215674 0.271691 0.265054 0.235899 0.221335 0.276452 0.269626 0.239748 0.232033 0.284253 0.273789 0.243524 0.236007 0.291841 0.278952 0.248417 0.240297 0.298806 0.285554 0.258045 0.243538 0.305271 0.293047 0.263884 0.247872 0.311089 0.298592 0.268023 0.256921 0.317939 0.303882 0.276077 0.263882 0.325041 0.310538 0.281305 0.269014 0.332496 0.321502 0.291684 0.273432 0.340902 0.330735 0.298357 0.276958 0.348811 0.338067 0.303358 0.281446 0.356857 0.345153 0.308017 0.291219 0.367735 0.352019 0.317131 0.298786 0.376839 0.362019 0.324666 0.305427 0.383261 0.370848 0.332745 0.309106 0.389475 0.377987 0.338316 0.314266 0.395045 0.387159 0.347150 0.323712 0.400045 0.398887 0.354430 0.334301 0.405045 0.409573 0.363288 0.338546 0.410045 0.420658 0.374681 0.350514 0.415045 0.430015 0.381476 0.359611 0.420045 0.435310 0.393238 0.366308 0.425045 0.440688 0.405043 0.374323 0.430045 0.447848 0.417115 0.384242 0.435045 0.455774 0.425806 0.398143 0.440045 0.460774 0.443654 0.407740 0.445045 0.465774 0.460239 0.422950 0.450045 0.470774 0.479323 0.435041 0.455045 0.475774 0.503783 0.445961 0.460045 0.480774 0.507113 0.462888 0.465045 0.485774 0.512111 0.479272 0.470045 0.490774 0.522919 0.500674 0.475045 0.495774 0.531768 0.518019 0.480045 0.500774 0.536768 0.523019 0.485045 0.505774 0.541768 0.528019 0.490045 0.510774 0.546768 0.533019 0.495045 0.515774 0.551768 0.538019 0.500045 0.520774 0.556768 0.543019 0.505045 0.525774 0.561768 0.548019 0.510045 0.530774 0.566768 0.553019 0.515045 0.535774 0.571768 0.558019 0.520045 0.540774 0.576768 0.563019 0.525045 0.545774 0.581768 0.568019 0.530045 0.550774 0.586768 0.573019 0.535045 0.555774 0.591768 0.578019 0.540045 0.560774 0.596768 0.583019 0.545045 0.565774 0.601768 0.588019 0.550045 0.570774 0.606768 0.593019 0.555045 0.575774 0.611768 0.598019 0.560045 0.580774 0.616768 0.603019 0.565045 0.585774 0.621768 0.608019 0.570045 0.590774 0.626768 0.613019 0.575045 0.595774 0.631768 0.618019 0.580045 0.600774 0.636768 0.623019 0.585045 0.605774 0.641768 0.628019 0.590045 0.610774 0.646768 0.633019 0.595045 0.615774 0.651768 0.638019 0.600045 0.620774 0.656768 0.643019 0.605045 0.625774 0.661768 0.648019 0.610045 0.630774 0.666768 0.653019 0.615045 0.635774 0.671768 0.658019 0.620045 0.640774 0.676768 0.663019 0.625045 0.645774 0.681768 0.668019 0.630045 0.650774 0.686768 0.673019 0.635045 0.655774 0.691768 0.678019 0.640045 0.660774 0.696768 0.683019 0.645045 0.665774 0.701768 0.688019 0.650045 0.670774 0.706768 0.693019 0.655045 0.675774 0.711768 0.698019 0.660045 0.680774 0.716768 0.703019 0.665045 0.685774 0.721768 0.708019 0.670045 0.690774 0.726768 0.713019 0.675045 0.695774 0.731768 0.718019 0.680045 0.700774 0.736768 0.723019 0.685045 0.705774 0.741768 0.728019 0.690045 0.710774 0.746768 0.733019 0.695045 0.715774 0.751768 0.738019 0.700045 0.720774 0.756768 0.743019 0.705045 0.725774 0.761768 0.748019 0.710045 0.730774 0.766768 0.753019 0.715045 0.735774 0.771768 0.758019 0.720045 0.740774 0.776768 0.763019 0.725045 0.745774 0.781768 0.768019 0.730045 0.750774 0.786768 0.773019  
0.000010 0.000010 0.000010 0.000010 0.000010 0.000010 0.000010 0.000010 0.000010 0.000010 0.000010 0.000010 0.000010 0.000010 0.000010 0.000010 0.000010 0.000010 0.000010 0.000010 0.000010 0.000010 0.000010 0.000010 0.000010 0.000010 0.000010 0.000010 0.000010 0.000010 0.000010 0.000010 0.000010 0.000010 0.000010 0.000010 0.000010 0.000010 0.000010 0.000010 0.000010 0.000010 0.000010 0.000010 0.000010 0.000010 0.000010 0.000010 0.000010 0.000010 0.000010 0.000010 0.000010 0.000010 0.000010 0.000010 0.000010 0.000010 0.000010 0.000010 0.000010 0.000010 0.000010 0.000010 0.000010 0.000010 0.000010 0.000010 0.000010 0.000010 0.000010 0.000010 0.000010 0.000010 0.000010 0.000010 0.000010 0.000010 0.000010 0.000010 0.000010 0.000010 0.000010 0.000010 0.000010 0.000010 0.000010 0.000010 0.000010 0.000010 0.000010 0.000010 0.000010 0.000010 0.000010 0.000010 0.000010 0.000010 0.000010 0.000010 0.000010 0.000010 0.000010 0.000010 0.000010 0.000010 0.000010 0.000010 0.000010 0.000010 0.000010 0.000010 0.000010 0.000010 0.000010 0.000010 0.000010 0.000010 0.000010 0.000010 0.000010 0.000010 0.000010 0.000010 0.000010 0.000010 0.000010 0.000010 0.000010 0.000010 0.000010 0.000010 0.000010 0.000010 0.000010 0.000010 0.000010 0.000010 0.000010 0.000010 0.000010 0.000010 0.000010 0.000010 0.000010 0.000010 0.000010 0.000010 0.000010 0.000010 0.000010 0.000010 0.000010 0.000010 0.000010 0.000010 0.000010 0.000010 0.000010 0.000010 0.000010 0.000010 0.000010 0.000010 0.000010 0.000010 0.000010 0.000010 0.000010 0.000010 0.000010 0.000010 0.000010 0.000010 0.000010 0.000010 0.000010 0.000010 0.000010 0.000010 0.000010 0.000010 0.000010 0.000010 0.000010 0.000010 0.000010 0.000010 0.000010 0.000010 0.000010 0.000010 0.000010 0.000010 0.000010 0.000010 0.000010 0.000010 0.000010 0.000010 0.000010 0.000010 0.000010 0.000010 0.000010 0.000010 0.000010 0.000010 0.000010 0.000010 0.000010 0.000010 0.000010 0.000010 0.000010 0.000010 0.000010 0.000010 0.000010 0.000010 0.000010 0.000010 0.000010 0.000010 0.000010 0.000010 0.000010 0.000010 0.000010 0.000010 0.000010 0.000010 0.000010 0.000010 0.000010 0.000010 0.000010 0.000010 0.000010 0.000010 0.000010 0.000010 0.000010 0.000010 0.000010 0.000010 0.000010 0.000010 0.000010 0.000010 0.000010 0.000010 0.000010 0.000010 0.000010 0.000010 0.000010 0.000010 0.000010 0.000010 0.000010 0.000010 0.000010 0.000010 0.000010 0.000010 0.000010 0.000010 0.000010 0.000010 0.000010 0.000010 0.000010 0.000010 0.000010 0.000010 0.000010 0.000010 0.000010 0.000010 0.000010 0.000010 0.000010 0.000010 0.000010 0.000010 0.000010 0.000010 0.000010 0.000010 0.000010 0.000010 0.000010 0.000010 0.000010 0.000010 0.000010 0.000010 0.000010 0.000010 0.000010 0.000010 0.000010 0.000010 0.000010 0.000010 0.000010 0.000010 0.000010 0.000010 0.000010 0.000010 0.000010 0.000010 0.000010 0.000010 0.000010 0.000010 0.000010 0.000010 0.000010 0.000010 0.000010 0.000010 0.000010 0.000010 0.000010 0.000010 0.000010 0.000010 0.000010 0.000010 0.000010 0.000010 0.000010 0.000010 0.000010 0.000010 0.000010 0.000010 0.000010 0.000010 0.000010 0.000010 0.000010 0.000010 0.000010 0.000010 0.000010 0.000010 0.000010 0.000010 0.000010 0.000010 0.000010 0.000010 0.000010 0.000010 0.000010 0.000010 0.000010 0.000010 0.000010 0.000010 0.000010 0.000010 0.000010 0.000010 0.000010 0.000010 0.000010 0.000010 0.000010 0.000010 0.000010 0.000010 0.000010 0.000010 0.000010 0.000010 0.000010 0.000010 0.000010 0.000010 0.000010 0.000010 0.000010 0.000010 0.000010 0.000010 0.000010 0.000010 0.000010 0.000010 0.000010 0.000010 0.000010 0.000010 0.000010 0.000010 0.000010 0.000010 0.000010 0.000010 0.000010 0.000010 0.000010 0.000010 0.000010 0.000010 0.000010 0.000010 0.000010 0.000010 0.000010 0.000010 0.000010 0.000010 0.000010 0.000010 0.000010 0.000010 0.000010 0.000010 0.000010 0.000010 0.000010 0.000010 0.000010 0.000010 0.000010 0.000010 0.000010 0.000010 0.000010 0.000010 0.000010 0.000010 0.000010 0.000010 0.000010 0.000010 0.000010 0.000010 0.000010 0.000010 0.000010 0.000010 0.000010 0.000010 0.000010 0.000010 0.000010 0.000010 0.000010 0.000010 0.000010 0.000010 0.000010 0.000010 0.000010 0.000010 0.000010 0.000010 0.000010 0.000010 0.000010 0.000010 0.000010 0.000010 0.000010 0.000010 0.000010 0.000010 0.000010 0.000010 0.000010 0.000010 0.000010 0.000010 0.000010 0.000010 0.000010 0.000010 0.000010 0.000010 0.000010 0.000010 0.000010 0.000010 0.000010 0.000010 0.000010 0.000010 0.000010 0.000010 0.000010 0.000010 0.000010 0.000010 0.000010 0.000010 0.000010 0.000010 0.000010 0.000010 0.000010 0.000010 0.000010 0.000010 0.000010 0.000010 0.000010 0.000010 0.000010 0.000010 0.000010 0.000010 0.000010 0.000010 0.000010 0.000010 0.000010 0.000010 0.000010 0.000010 0.000010 0.000010 0.000010 0.000010 0.000010 0.000010 0.000010 0.000010 0.000010 0.000010 0.000010 0.000010 0.000010 0.000010 0.000010 0.000010 0.000010 0.000010 0.000010 0.000010 0.000010 0.000010 0.000010 0.000010 0.000010 0.000010 0.000010 0.000010 0.000010 0.000010 0.000010 0.000010 0.000010 0.000010 0.000010 0.000010 0.000010 0.000010 0.000010 0.000010 0.000010 0.000010 0.000010 0.000010 0.000010 0.000010 0.000010 0.000010 0.000010 0.000010 0.000010 0.000010 0.000010 0.000010 0.000010 0.000010 0.000010 0.000010 0.000010 0.000010 0.000010 0.000010 0.000010 0.000010 0.000010 0.000010 0.000010 0.000010 0.000010 0.000010 0.000010 0.000010 0.000010 0.000010 0.000010 0.000010 0.000010 0.000010 0.000010 0.000010 0.000010 0.000010 0.000010 0.000010 0.000010 0.000010 0.000010 0.000010 0.000010 0.000010 0.000010 0.000010 0.000010 0.000010 0.000010 0.000010 0.000010 0.000010 0.000010 0.000010 0.000010 0.000010 0.000010 0.000010 0.000010 0.000010 0.000010 0.000010 0.000010 0.000010 0.000010 0.000010 0.000010 0.000010 0.000010 0.000010 0.000010 0.000010 0.000010 0.000010 0.000010 0.000010 0.000010 0.000010 0.000010 0.000010 0.000010 0.000010 0.000010 0.000010 0.000010 0.000010 0.000010 0.000010 0.000010 0.000010 0.000010 0.000010 0.000010 0.000010 0.000010 0.000010 0.000010 0.000010 0.000010 0.000010 0.000010 0.000010 0.000010 0.000010 0.000010 0.000010 0.000010 0.000010 0.000010 0.000010 0.000010 0.000010 0.000010 0.000010 0.000010 0.000010 0.000010 0.000010 0.000010 0.000010 0.000010 0.000010 0.000010 0.000010 0.000010 0.000010 0.000010 0.000010 0.000010 0.000010 0.000010 0.000010 0.000010 0.000010 0.000010 0.000010 0.000010 0.000010 0.000010 0.000010 0.000010 0.000010 0.000010 0.000010 0.000010 0.000010 0.000010 0.000010 0.000010 0.000010 0.000010 0.000010  
0.000000 0.000000 0.000000 0.000000 0.000000 0.000000 0.000000 0.000000 0.000000 0.000000 0.000000 0.000000 0.000000 0.000000 0.000000 0.000000 0.000000 0.000000 0.000000 0.000000 0.000000 0.000000 0.000000 0.000000 0.000000 0.000000 0.000000 0.000000 0.000000 0.000000 0.000000 0.000000 0.000000 0.000000 0.000000 0.000000 0.000000 0.000000 0.000000 0.000000 0.000000 0.000000 0.000000 0.000000 0.000000 0.000000 0.000000 0.000000 0.000000 0.000000 0.000000 0.000000 0.000000 0.000000 0.000000 0.000000 0.000000 0.000000 0.000000 0.000000 0.000000 0.000000 0.000000 0.000000 0.000000 0.000000 0.000000 0.000000 0.000000 0.000000 0.000000 0.000000 0.000000 0.000000 0.000000 0.000000 0.000000 0.000000 0.000000 0.000000 0.000000 0.000000 0.000000 0.000000 0.000000 0.000000 0.000000 0.000000 0.000000 0.000000 0.000000 0.000000 0.000000 0.000000 0.000000 0.000000 0.000000 0.000000 0.000000 0.000000 0.000000 0.000000 0.000000 0.000000 0.000000 0.000000 0.000000 0.000000 0.000000 0.000000 0.000000 0.000000 0.000000 0.000000 0.000000 0.000000 0.000000 0.000000 0.000000 0.000000 0.000000 0.000000 0.000000 0.000000 0.000000 0.000000 0.000000 0.000000 0.000000 0.000000 0.000000 0.000000 0.000000 0.000000 0.000000 0.000000 0.000000 0.000000 0.000000 0.000000 0.000000 0.000000 0.000000 0.000000 0.000000 0.000000 0.000000 0.000000 0.000000 0.000000 0.000000 0.000000 0.000000 0.000000 0.000000 0.000000 0.000000 0.000000 0.000000 0.000000 0.000000 0.000000 0.000000 0.000000 0.000000 0.000000 0.000000 0.000000 0.000000 0.000000 0.000000 0.000000 0.000000 0.000000 0.000000 0.000000 0.000000 0.000000 0.000000 0.000000 0.000000 0.000000 0.000000 0.000000 0.000000 0.000000 0.000000 0.000000 0.000000 0.000000 0.000000 0.000000 0.000000 0.000000 0.000000 0.000000 0.000000 0.000000 0.000000 0.000000 0.000000 0.000000 0.000000 0.000000 0.000000 0.000000 0.000000 0.000000 0.000000 0.000000 0.000000 0.000000 0.000000 0.000000 0.000000 0.000000 0.000000 0.000000 0.000000 0.000000 0.000000 0.000000 0.000000 0.000000 0.000000 0.000000 0.000000 0.000000 0.000000 0.000000 0.000000 0.000000 0.000000 0.000000 0.000000 0.000000 0.000000 0.000000 0.000000 0.000000 0.000000 0.000000 0.000000 0.000000 0.000000 0.000000 0.000000 0.000000 0.000000 0.000000 0.000000 0.000000 0.000000 0.000000 0.000000 0.000000 0.000000 0.000000 0.000000 0.000000 0.000000 0.000000 0.000000 0.000000 0.000000 0.000000 0.000000 0.000000 0.000000 0.000000 0.000000 0.000000 0.000000 0.000000 0.000000 0.000000 0.000000 0.000000 0.000000 0.000000 0.000000 0.000000 0.000000 0.000000 0.000000 0.000000 0.000000 0.000000 0.000000 0.000000 0.000000 0.000000 0.000000 0.000000 0.000000 0.000000 0.000000 0.000000 0.000000 0.000000 0.000000 0.000000 0.000000 0.000000 0.000000 0.000000 0.000000 0.000000 0.000000 0.000000 0.000000 0.000000 0.000000 0.000000 0.000000 0.000000 0.000000 0.000000 0.000000 0.000000 0.000000 0.000000 0.000000 0.000000 0.000000 0.000000 0.000000 0.000000 0.000000 0.000000 0.000000 0.000000 0.000000 0.000000 0.000000 0.000000 0.000000 0.000000 0.000000 0.000000 0.000000 0.000000 0.000000 0.000000 0.000000 0.000000 0.000000 0.000000 0.000000 0.000000 0.000000 0.000000 0.000000 0.000000 0.000000 0.000000 0.000000 0.000000 0.000000 0.000000 0.000000 0.000000 0.000000 0.000000 0.000000 0.000000 0.000000 0.000000 0.000000 0.000000 0.000000 0.000000 0.000000 0.000000 0.000000 0.000000 0.000000 0.000000 0.000000 0.000000 0.000000 0.000000 0.000000 0.000000 0.000000 0.000000 0.000000 0.000000 0.000000 0.000000 0.000000 0.000000 0.000000 0.000000 0.000000 0.000000 0.000000 0.000000 0.000000 0.000000 0.000000 0.000000 0.000000 0.000000 0.000000 0.000000 0.000000 0.000000 0.000000 0.000000 0.000000 0.000000 0.000000 0.000000 0.000000 0.000000 0.000000 0.000000 0.000000 0.000000 0.000000 0.000000 0.000000 0.000000 0.000000 0.000000 0.000000 0.000000 0.000000 0.000000 0.000000 0.000000 0.000000 0.000000 0.000000 0.000000 0.000000 0.000000 0.000000 0.000000 0.000000 0.000000 0.000000 0.000000 0.000000 0.000000 0.000000 0.000000 0.000000 0.000000 0.000000 0.000000 0.000000 0.000000 0.000000 0.000000 0.000000 0.000000 0.000000 0.000000 0.000000 0.000000 0.000000 0.000000 0.000000 0.000000 0.000000 0.000000 0.000000 0.000000 0.000000 0.000000 0.000000 0.000000 0.000000 0.000000 0.000000 0.000000 0.000000 0.000000 0.000000 0.000000 0.000000 0.000000 0.000000 0.000000 0.000000 0.000000 0.000000 0.000000 0.000000 0.000000 0.000000 0.000000 0.000000 0.000000 0.000000 0.000000 0.000000 0.000000 0.000000 0.000000 0.000000 0.000000 0.000000 0.000000 0.000000 0.000000 0.000000 0.000000 0.000000 0.000000 0.000000 0.000000 0.000000 0.000000 0.000000 0.000000 0.000000 0.000000 0.000000 0.000000 0.000000 0.000000 0.000000 0.000000 0.000000 0.000000 0.000000 0.000000 0.000000 0.000000 0.000000 0.000000 0.000000 0.000000 0.000000 0.000000 0.000000 0.000000 0.000000 0.000000 0.000000 0.000000 0.000000 0.000000 0.000000 0.000000 0.000000 0.000000 0.000000 0.000000 0.000000 0.000000 0.000000 0.000000 0.000000 0.000000 0.000000 0.000000 0.000000 0.000000 0.000000 0.000000 0.000000 0.000000 0.000000 0.000000 0.000000 0.000000 0.000000 0.000000 0.000000 0.000000 0.000000 0.000000 0.000000 0.000000 0.000000 0.000000 0.000000 0.000000 0.000000 0.000000 0.000000 0.000000 0.000000 0.000000 0.000000 0.000000 0.000000 0.000000 0.000000 0.000000 0.000000 0.000000 0.000000 0.000000 0.000000 0.000000 0.000000 0.000000 0.000000 0.000000 0.000000 0.000000 0.000000 0.000000 0.000000 0.000000 0.000000 0.000000 0.000000 0.000000 0.000000 0.000000 0.000000 0.000000 0.000000 0.000000 0.000000 0.000000 0.000000 0.000000 0.000000 0.000000 0.000000 0.000000 0.000000 0.000000 0.000000 0.000000 0.000000 0.000000 0.000000 0.000000 0.000000 0.000000 0.000000 0.000000 0.000000 0.000000 0.000000 0.000000 0.000000 0.000000 0.000000 0.000000 0.000000 0.000000 0.000000 0.000000 0.000000 0.000000 0.000000 0.000000 0.000000 0.000000 0.000000 0.000000 0.000000 0.000000 0.000000 0.000000 0.000000 0.000000 0.000000 0.000000 0.000000 0.000000 0.000000 0.000000 0.000000 0.000000 0.000000 0.000000 0.000000 0.000000 0.000000 0.000000 0.000000 0.000000 0.000000 0.000000 0.000000 0.000000 0.000000 0.000000 0.000000 0.000000 0.000000 0.000000 0.000000 0.000000 0.000000 0.000000 0.000000 0.000000 0.000000 0.000000 0.000000 0.000000 0.000000 0.000000 0.000000 0.000000 0.000000 0.000000 0.000000 0.000000 0.000000 0.000000 0.000000 0.000000 0.000000 0.000000 0.000000 0.000000 0.000000 0.000000 0.000000 0.000000 0.000000 0.000000 