Reynolds number List -  Side 
4 
      500000.0 
     1000000.0 
     5000000.0 
    10000000.0 
Angle of Attack List -  Downwards 
181 
-5.00 
 -4.75 
 -4.50 
 -4.25 
 -4.00 
 -3.75 
 -3.50 
 -3.25 
 -3.00 
 -2.75 
 -2.50 
 -2.25 
 -2.00 
 -1.75 
 -1.50 
 -1.25 
 -1.00 
 -0.75 
 -0.50 
 -0.25 
 0.00 
 0.25 
 0.50 
 0.75 
 1.00 
 1.25 
 1.50 
 1.75 
 2.00 
 2.25 
 2.50 
 2.75 
 3.00 
 3.25 
 3.50 
 3.75 
 4.00 
 4.25 
 4.50 
 4.75 
 5.00 
 5.25 
 5.50 
 5.75 
 6.00 
 6.25 
 6.50 
 6.75 
 7.00 
 7.25 
 7.50 
 7.75 
 8.00 
 8.25 
 8.50 
 8.75 
 9.00 
 9.25 
 9.50 
 9.75 
 10.00 
 10.25 
 10.50 
 10.75 
 11.00 
 11.25 
 11.50 
 11.75 
 12.00 
 12.25 
 12.50 
 12.75 
 13.00 
 13.25 
 13.50 
 13.75 
 14.00 
 14.25 
 14.50 
 14.75 
 15.00 
 15.25 
 15.50 
 15.75 
 16.00 
 16.25 
 16.50 
 16.75 
 17.00 
 17.25 
 17.50 
 17.75 
 18.00 
 18.25 
 18.50 
 18.75 
 19.00 
 19.25 
 19.50 
 19.75 
 20.00 
 20.25 
 20.50 
 20.75 
 21.00 
 21.25 
 21.50 
 21.75 
 22.00 
 22.25 
 22.50 
 22.75 
 23.00 
 23.25 
 23.50 
 23.75 
 24.00 
 24.25 
 24.50 
 24.75 
 25.00 
 25.25 
 25.50 
 25.75 
 26.00 
 26.25 
 26.50 
 26.75 
 27.00 
 27.25 
 27.50 
 27.75 
 28.00 
 28.25 
 28.50 
 28.75 
 29.00 
 29.25 
 29.50 
 29.75 
 30.00 
 30.25 
 30.50 
 30.75 
 31.00 
 31.25 
 31.50 
 31.75 
 32.00 
 32.25 
 32.50 
 32.75 
 33.00 
 33.25 
 33.50 
 33.75 
 34.00 
 34.25 
 34.50 
 34.75 
 35.00 
 35.25 
 35.50 
 35.75 
 36.00 
 36.25 
 36.50 
 36.75 
 37.00 
 37.25 
 37.50 
 37.75 
 38.00 
 38.25 
 38.50 
 38.75 
 39.00 
 39.25 
 39.50 
 39.75 
 40.00 
  Pressure BL Thick 
 Pressure Disp Thick 
Pressure Cf  
Suction BL Thick  
Suction Disp Thick  
Cf Suction  
0.004190 0.003413 0.002251 0.001939 0.004190 0.003413 0.002251 0.001939 0.004190 0.003413 0.002251 0.001939 0.004190 0.003413 0.002251 0.001939 0.004190 0.003413 0.002251 0.001939 0.004190 0.003413 0.002251 0.001939 0.004190 0.003413 0.002251 0.001939 0.004190 0.003413 0.002251 0.001939 0.004190 0.003413 0.002251 0.001939 0.004190 0.003413 0.002251 0.001939 0.004190 0.003413 0.002251 0.001939 0.004190 0.003413 0.002251 0.001939 0.004190 0.003413 0.002251 0.001939 0.004190 0.003413 0.002251 0.001939 0.004190 0.003413 0.002251 0.001939 0.004190 0.003413 0.002251 0.001939 0.004190 0.003413 0.002251 0.001939 0.004190 0.003413 0.002251 0.001939 0.004190 0.003413 0.002251 0.001939 0.004190 0.003413 0.002251 0.001939 0.004190 0.003413 0.002251 0.001939 0.004101 0.003348 0.002215 0.001911 0.004016 0.003285 0.002180 0.001882 0.003931 0.003224 0.002146 0.001855 0.003850 0.003164 0.002112 0.001828 0.003772 0.003105 0.002079 0.001801 0.003695 0.003048 0.002048 0.001775 0.003620 0.002993 0.002016 0.001749 0.003547 0.002938 0.001985 0.001722 0.003476 0.002885 0.001954 0.001689 0.003407 0.002833 0.001924 0.001664 0.003340 0.002782 0.001895 0.001640 0.003273 0.002733 0.001866 0.001616 0.003209 0.002684 0.001838 0.001593 0.003146 0.002636 0.001810 0.001560 0.003085 0.002590 0.001782 0.001538 0.003025 0.002544 0.001745 0.001515 0.002966 0.002499 0.001718 0.001484 0.002908 0.002455 0.001692 0.001462 0.002851 0.002412 0.001655 0.001440 0.002796 0.002369 0.001630 0.001402 0.002741 0.002327 0.001594 0.001365 0.002687 0.002286 0.001569 0.001323 0.002634 0.002245 0.001534 0.001295 0.002582 0.002206 0.001501 0.001257 0.002530 0.002153 0.001449 0.001231 0.002480 0.002113 0.001409 0.001198 0.002430 0.002061 0.001368 0.001173 0.002380 0.002021 0.001327 0.001142 0.002327 0.001969 0.001287 0.001117 0.002269 0.001931 0.001247 0.001092 0.002222 0.001879 0.001210 0.001066 0.002168 0.001842 0.001166 0.001046 0.002106 0.001768 0.001128 0.001016 0.002049 0.001678 0.001102 0.000985 0.001983 0.001616 0.001070 0.000950 0.001931 0.001548 0.001041 0.000922 0.001853 0.001499 0.001017 0.000901 0.001766 0.001443 0.000990 0.000881 0.001708 0.001410 0.000972 0.000863 0.001627 0.001371 0.000950 0.000841 0.001589 0.001323 0.000927 0.000822 0.001544 0.001261 0.000908 0.000806 0.001500 0.001232 0.000886 0.000789 0.001456 0.001200 0.000870 0.000774 0.001414 0.001182 0.000852 0.000753 0.001385 0.001160 0.000806 0.000739 0.001355 0.001131 0.000795 0.000698 0.001324 0.001112 0.000775 0.000688 0.001299 0.001088 0.000764 0.000672 0.001269 0.001070 0.000752 0.000663 0.001226 0.001047 0.000734 0.000651 0.001199 0.001003 0.000725 0.000637 0.001179 0.000985 0.000692 0.000607 0.001161 0.000973 0.000677 0.000592 0.001136 0.000953 0.000666 0.000583 0.001114 0.000934 0.000657 0.000577 0.001089 0.000914 0.000643 0.000563 0.001058 0.000885 0.000612 0.000536 0.001041 0.000871 0.000606 0.000531 0.001011 0.000844 0.000597 0.000522 0.000979 0.000817 0.000586 0.000510 0.000966 0.000808 0.000575 0.000486 0.000955 0.000801 0.000550 0.000482 0.000941 0.000779 0.000546 0.000475 0.000917 0.000754 0.000538 0.000465 0.000886 0.000741 0.000527 0.000459 0.000875 0.000731 0.000502 0.000457 0.000859 0.000714 0.000499 0.000435 0.000832 0.000697 0.000494 0.000426 0.000819 0.000688 0.000471 0.000419 0.000799 0.000667 0.000460 0.000404 0.000773 0.000645 0.000453 0.000398 0.000765 0.000638 0.000433 0.000393 0.000752 0.000624 0.000432 0.000370 0.000729 0.000609 0.000428 0.000365 0.000718 0.000601 0.000422 0.000362 0.000696 0.000591 0.000399 0.000349 0.000681 0.000574 0.000394 0.000345 0.000674 0.000560 0.000390 0.000337 0.000666 0.000556 0.000391 0.000320 0.000656 0.000543 0.000374 0.000317 0.000637 0.000528 0.000369 0.000317 0.000624 0.000520 0.000360 0.000315 0.000607 0.000513 0.000356 0.000300 0.000592 0.000502 0.000344 0.000293 0.000587 0.000481 0.000341 0.000289 0.000572 0.000470 0.000311 0.000275 0.000549 0.000458 0.000307 0.000275 0.000539 0.000438 0.000307 0.000264 0.000535 0.000428 0.000293 0.000249 0.000535 0.000419 0.000277 0.000236 0.000534 0.000400 0.000264 0.000225 0.000534 0.000383 0.000253 0.000206 0.000534 0.000369 0.000240 0.000177 0.000534 0.000348 0.000229 0.000159 0.000534 0.000324 0.000219 0.000153 0.000534 0.000299 0.000206 0.000145 0.000534 0.000299 0.000198 0.000132 0.000534 0.000298 0.000179 0.000124 0.000534 0.000298 0.000171 0.000117 0.000534 0.000297 0.000160 0.000115 0.000534 0.000297 0.000150 0.000115 0.000534 0.000297 0.000145 0.000112 0.000534 0.000297 0.000187 0.000109 0.000534 0.000297 0.000134 0.000107 0.000534 0.000297 0.000132 0.000107 0.000534 0.000297 0.000132 0.000107 0.000534 0.000297 0.000133 0.000109 0.000534 0.000297 0.000131 0.000111 0.000534 0.000297 0.000131 0.000111 0.000534 0.000297 0.000131 0.000111 0.000534 0.000297 0.000131 0.000111 0.000534 0.000297 0.000131 0.000111 0.000534 0.000297 0.000131 0.000111 0.000534 0.000297 0.000131 0.000111 0.000534 0.000297 0.000131 0.000111 0.000534 0.000297 0.000131 0.000111 0.000534 0.000297 0.000131 0.000111 0.000534 0.000297 0.000131 0.000111 0.000534 0.000297 0.000131 0.000111 0.000534 0.000297 0.000131 0.000111 0.000534 0.000297 0.000131 0.000111 0.000534 0.000297 0.000131 0.000111 0.000534 0.000297 0.000131 0.000111 0.000534 0.000297 0.000131 0.000111 0.000534 0.000297 0.000131 0.000111 0.000534 0.000297 0.000131 0.000111 0.000534 0.000297 0.000131 0.000111 0.000534 0.000297 0.000131 0.000111 0.000534 0.000297 0.000131 0.000111 0.000534 0.000297 0.000131 0.000111 0.000534 0.000297 0.000131 0.000111 0.000534 0.000297 0.000131 0.000111 0.000534 0.000297 0.000131 0.000111 0.000534 0.000297 0.000131 0.000111 0.000534 0.000297 0.000131 0.000111 0.000534 0.000297 0.000131 0.000111 0.000534 0.000297 0.000131 0.000111 0.000534 0.000297 0.000131 0.000111 0.000534 0.000297 0.000131 0.000111 0.000534 0.000297 0.000131 0.000111 0.000534 0.000297 0.000131 0.000111 0.000534 0.000297 0.000131 0.000111 0.000534 0.000297 0.000131 0.000111 0.000534 0.000297 0.000131 0.000111 0.000534 0.000297 0.000131 0.000111 0.000534 0.000297 0.000131 0.000111 0.000534 0.000297 0.000131 0.000111 0.000534 0.000297 0.000131 0.000111 0.000534 0.000297 0.000131 0.000111 0.000534 0.000297 0.000131 0.000111 0.000534 0.000297 0.000131 0.000111 0.000534 0.000297 0.000131 0.000111 0.000534 0.000297 0.000131 0.000111 0.000534 0.000297 0.000131 0.000111 0.000534 0.000297 0.000131 0.000111 0.000534 0.000297 0.000131 0.000111 0.000534 0.000297 0.000131 0.000111 0.000534 0.000297 0.000131 0.000111 0.000534 0.000297 0.000131 0.000111  
0.004190 0.003413 0.002251 0.001939 0.004190 0.003413 0.002251 0.001939 0.004190 0.003413 0.002251 0.001939 0.004190 0.003413 0.002251 0.001939 0.004190 0.003413 0.002251 0.001939 0.004190 0.003413 0.002251 0.001939 0.004190 0.003413 0.002251 0.001939 0.004190 0.003413 0.002251 0.001939 0.004190 0.003413 0.002251 0.001939 0.004190 0.003413 0.002251 0.001939 0.004190 0.003413 0.002251 0.001939 0.004190 0.003413 0.002251 0.001939 0.004190 0.003413 0.002251 0.001939 0.004190 0.003413 0.002251 0.001939 0.004190 0.003413 0.002251 0.001939 0.004190 0.003413 0.002251 0.001939 0.004190 0.003413 0.002251 0.001939 0.004190 0.003413 0.002251 0.001939 0.004190 0.003413 0.002251 0.001939 0.004190 0.003413 0.002251 0.001939 0.004190 0.003413 0.002251 0.001939 0.004101 0.003348 0.002215 0.001911 0.004016 0.003285 0.002180 0.001882 0.003931 0.003224 0.002146 0.001855 0.003850 0.003164 0.002112 0.001828 0.003772 0.003105 0.002079 0.001801 0.003695 0.003048 0.002048 0.001775 0.003620 0.002993 0.002016 0.001749 0.003547 0.002938 0.001985 0.001722 0.003476 0.002885 0.001954 0.001689 0.003407 0.002833 0.001924 0.001664 0.003340 0.002782 0.001895 0.001640 0.003273 0.002733 0.001866 0.001616 0.003209 0.002684 0.001838 0.001593 0.003146 0.002636 0.001810 0.001560 0.003085 0.002590 0.001782 0.001538 0.003025 0.002544 0.001745 0.001515 0.002966 0.002499 0.001718 0.001484 0.002908 0.002455 0.001692 0.001462 0.002851 0.002412 0.001655 0.001440 0.002796 0.002369 0.001630 0.001402 0.002741 0.002327 0.001594 0.001365 0.002687 0.002286 0.001569 0.001323 0.002634 0.002245 0.001534 0.001295 0.002582 0.002206 0.001501 0.001257 0.002530 0.002153 0.001449 0.001231 0.002480 0.002113 0.001409 0.001198 0.002430 0.002061 0.001368 0.001173 0.002380 0.002021 0.001327 0.001142 0.002327 0.001969 0.001287 0.001117 0.002269 0.001931 0.001247 0.001092 0.002222 0.001879 0.001210 0.001066 0.002168 0.001842 0.001166 0.001046 0.002106 0.001768 0.001128 0.001016 0.002049 0.001678 0.001102 0.000985 0.001983 0.001616 0.001070 0.000950 0.001931 0.001548 0.001041 0.000922 0.001853 0.001499 0.001017 0.000901 0.001766 0.001443 0.000990 0.000881 0.001708 0.001410 0.000972 0.000863 0.001627 0.001371 0.000950 0.000841 0.001589 0.001323 0.000927 0.000822 0.001544 0.001261 0.000908 0.000806 0.001500 0.001232 0.000886 0.000789 0.001456 0.001200 0.000870 0.000774 0.001414 0.001182 0.000852 0.000753 0.001385 0.001160 0.000806 0.000739 0.001355 0.001131 0.000795 0.000698 0.001324 0.001112 0.000775 0.000688 0.001299 0.001088 0.000764 0.000672 0.001269 0.001070 0.000752 0.000663 0.001226 0.001047 0.000734 0.000651 0.001199 0.001003 0.000725 0.000637 0.001179 0.000985 0.000692 0.000607 0.001161 0.000973 0.000677 0.000592 0.001136 0.000953 0.000666 0.000583 0.001114 0.000934 0.000657 0.000577 0.001089 0.000914 0.000643 0.000563 0.001058 0.000885 0.000612 0.000536 0.001041 0.000871 0.000606 0.000531 0.001011 0.000844 0.000597 0.000522 0.000979 0.000817 0.000586 0.000510 0.000966 0.000808 0.000575 0.000486 0.000955 0.000801 0.000550 0.000482 0.000941 0.000779 0.000546 0.000475 0.000917 0.000754 0.000538 0.000465 0.000886 0.000741 0.000527 0.000459 0.000875 0.000731 0.000502 0.000457 0.000859 0.000714 0.000499 0.000435 0.000832 0.000697 0.000494 0.000426 0.000819 0.000688 0.000471 0.000419 0.000799 0.000667 0.000460 0.000404 0.000773 0.000645 0.000453 0.000398 0.000765 0.000638 0.000433 0.000393 0.000752 0.000624 0.000432 0.000370 0.000729 0.000609 0.000428 0.000365 0.000718 0.000601 0.000422 0.000362 0.000696 0.000591 0.000399 0.000349 0.000681 0.000574 0.000394 0.000345 0.000674 0.000560 0.000390 0.000337 0.000666 0.000556 0.000391 0.000320 0.000656 0.000543 0.000374 0.000317 0.000637 0.000528 0.000369 0.000317 0.000624 0.000520 0.000360 0.000315 0.000607 0.000513 0.000356 0.000300 0.000592 0.000502 0.000344 0.000293 0.000587 0.000481 0.000341 0.000289 0.000572 0.000470 0.000311 0.000275 0.000549 0.000458 0.000307 0.000275 0.000539 0.000438 0.000307 0.000264 0.000535 0.000428 0.000293 0.000249 0.000535 0.000419 0.000277 0.000236 0.000534 0.000400 0.000264 0.000225 0.000534 0.000383 0.000253 0.000206 0.000534 0.000369 0.000240 0.000177 0.000534 0.000348 0.000229 0.000159 0.000534 0.000324 0.000219 0.000153 0.000534 0.000299 0.000206 0.000145 0.000534 0.000299 0.000198 0.000132 0.000534 0.000298 0.000179 0.000124 0.000534 0.000298 0.000171 0.000117 0.000534 0.000297 0.000160 0.000115 0.000534 0.000297 0.000150 0.000115 0.000534 0.000297 0.000145 0.000112 0.000534 0.000297 0.000187 0.000109 0.000534 0.000297 0.000134 0.000107 0.000534 0.000297 0.000132 0.000107 0.000534 0.000297 0.000132 0.000107 0.000534 0.000297 0.000133 0.000109 0.000534 0.000297 0.000131 0.000111 0.000534 0.000297 0.000131 0.000111 0.000534 0.000297 0.000131 0.000111 0.000534 0.000297 0.000131 0.000111 0.000534 0.000297 0.000131 0.000111 0.000534 0.000297 0.000131 0.000111 0.000534 0.000297 0.000131 0.000111 0.000534 0.000297 0.000131 0.000111 0.000534 0.000297 0.000131 0.000111 0.000534 0.000297 0.000131 0.000111 0.000534 0.000297 0.000131 0.000111 0.000534 0.000297 0.000131 0.000111 0.000534 0.000297 0.000131 0.000111 0.000534 0.000297 0.000131 0.000111 0.000534 0.000297 0.000131 0.000111 0.000534 0.000297 0.000131 0.000111 0.000534 0.000297 0.000131 0.000111 0.000534 0.000297 0.000131 0.000111 0.000534 0.000297 0.000131 0.000111 0.000534 0.000297 0.000131 0.000111 0.000534 0.000297 0.000131 0.000111 0.000534 0.000297 0.000131 0.000111 0.000534 0.000297 0.000131 0.000111 0.000534 0.000297 0.000131 0.000111 0.000534 0.000297 0.000131 0.000111 0.000534 0.000297 0.000131 0.000111 0.000534 0.000297 0.000131 0.000111 0.000534 0.000297 0.000131 0.000111 0.000534 0.000297 0.000131 0.000111 0.000534 0.000297 0.000131 0.000111 0.000534 0.000297 0.000131 0.000111 0.000534 0.000297 0.000131 0.000111 0.000534 0.000297 0.000131 0.000111 0.000534 0.000297 0.000131 0.000111 0.000534 0.000297 0.000131 0.000111 0.000534 0.000297 0.000131 0.000111 0.000534 0.000297 0.000131 0.000111 0.000534 0.000297 0.000131 0.000111 0.000534 0.000297 0.000131 0.000111 0.000534 0.000297 0.000131 0.000111 0.000534 0.000297 0.000131 0.000111 0.000534 0.000297 0.000131 0.000111 0.000534 0.000297 0.000131 0.000111 0.000534 0.000297 0.000131 0.000111 0.000534 0.000297 0.000131 0.000111 0.000534 0.000297 0.000131 0.000111 0.000534 0.000297 0.000131 0.000111 0.000534 0.000297 0.000131 0.000111 0.000534 0.000297 0.000131 0.000111 0.000534 0.000297 0.000131 0.000111 0.000534 0.000297 0.000131 0.000111 0.000534 0.000297 0.000131 0.000111  
0.000000 0.000000 0.000000 0.000000 0.000000 0.000000 0.000000 0.000000 0.000000 0.000000 0.000000 0.000000 0.000000 0.000000 0.000000 0.000000 0.000000 0.000000 0.000000 0.000000 0.000000 0.000000 0.000000 0.000000 0.000000 0.000000 0.000000 0.000000 0.000000 0.000000 0.000000 0.000000 0.000000 0.000000 0.000000 0.000000 0.000000 0.000000 0.000000 0.000000 0.000000 0.000000 0.000000 0.000000 0.000000 0.000000 0.000000 0.000000 0.000000 0.000000 0.000000 0.000000 0.000000 0.000000 0.000000 0.000000 0.000000 0.000000 0.000000 0.000000 0.000000 0.000000 0.000000 0.000000 0.000000 0.000000 0.000000 0.000000 0.000000 0.000000 0.000000 0.000000 0.000000 0.000000 0.000000 0.000000 0.000000 0.000000 0.000000 0.000000 0.000000 0.000000 0.000000 0.000000 0.000000 0.000000 0.000000 0.000000 0.000000 0.000000 0.000000 0.000000 0.000000 0.000000 0.000000 0.000000 0.000000 0.000000 0.000000 0.000000 0.000000 0.000000 0.000000 0.000000 0.000000 0.000000 0.000000 0.000000 0.000000 0.000000 0.000000 0.000000 0.000000 0.000000 0.000000 0.000000 0.000000 0.000000 0.000000 0.000000 0.000000 0.000000 0.000000 0.000000 0.000000 0.000000 0.000000 0.000000 0.000000 0.000000 0.000000 0.000000 0.000000 0.000000 0.000000 0.000000 0.000000 0.000000 0.000000 0.000000 0.000000 0.000000 0.000000 0.000000 0.000000 0.000000 0.000000 0.000000 0.000000 0.000000 0.000000 0.000000 0.000000 0.000000 0.000000 0.000000 0.000000 0.000000 0.000000 0.000000 0.000000 0.000000 0.000000 0.000000 0.000000 0.000000 0.000000 0.000000 0.000000 0.000000 0.000000 0.000000 0.000000 0.000000 0.000000 0.000000 0.000000 0.000000 0.000000 0.000000 0.000000 0.000000 0.000000 0.000000 0.000000 0.000000 0.000000 0.000000 0.000000 0.000000 0.000000 0.000000 0.000000 0.000000 0.000000 0.000000 0.000000 0.000000 0.000000 0.000000 0.000000 0.000000 0.000000 0.000000 0.000000 0.000000 0.000000 0.000000 0.000000 0.000000 0.000000 0.000000 0.000000 0.000000 0.000000 0.000000 0.000000 0.000000 0.000000 0.000000 0.000000 0.000000 0.000000 0.000000 0.000000 0.000000 0.000000 0.000000 0.000000 0.000000 0.000000 0.000000 0.000000 0.000000 0.000000 0.000000 0.000000 0.000000 0.000000 0.000000 0.000000 0.000000 0.000000 0.000000 0.000000 0.000000 0.000000 0.000000 0.000000 0.000000 0.000000 0.000000 0.000000 0.000000 0.000000 0.000000 0.000000 0.000000 0.000000 0.000000 0.000000 0.000000 0.000000 0.000000 0.000000 0.000000 0.000000 0.000000 0.000000 0.000000 0.000000 0.000000 0.000000 0.000000 0.000000 0.000000 0.000000 0.000000 0.000000 0.000000 0.000000 0.000000 0.000000 0.000000 0.000000 0.000000 0.000000 0.000000 0.000000 0.000000 0.000000 0.000000 0.000000 0.000000 0.000000 0.000000 0.000000 0.000000 0.000000 0.000000 0.000000 0.000000 0.000000 0.000000 0.000000 0.000000 0.000000 0.000000 0.000000 0.000000 0.000000 0.000000 0.000000 0.000000 0.000000 0.000000 0.000000 0.000000 0.000000 0.000000 0.000000 0.000000 0.000000 0.000000 0.000000 0.000000 0.000000 0.000000 0.000000 0.000000 0.000000 0.000000 0.000000 0.000000 0.000000 0.000000 0.000000 0.000000 0.000000 0.000000 0.000000 0.000000 0.000000 0.000000 0.000000 0.000000 0.000000 0.000000 0.000000 0.000000 0.000000 0.000000 0.000000 0.000000 0.000000 0.000000 0.000000 0.000000 0.000000 0.000000 0.000000 0.000000 0.000000 0.000000 0.000000 0.000000 0.000000 0.000000 0.000000 0.000000 0.000000 0.000000 0.000000 0.000000 0.000000 0.000000 0.000000 0.000000 0.000000 0.000000 0.000000 0.000000 0.000000 0.000000 0.000000 0.000000 0.000000 0.000000 0.000000 0.000000 0.000000 0.000000 0.000000 0.000000 0.000000 0.000000 0.000000 0.000000 0.000000 0.000000 0.000000 0.000000 0.000000 0.000000 0.000000 0.000000 0.000000 0.000000 0.000000 0.000000 0.000000 0.000000 0.000000 0.000000 0.000000 0.000000 0.000000 0.000000 0.000000 0.000000 0.000000 0.000000 0.000000 0.000000 0.000000 0.000000 0.000000 0.000000 0.000000 0.000000 0.000000 0.000000 0.000000 0.000000 0.000000 0.000000 0.000000 0.000000 0.000000 0.000000 0.000000 0.000000 0.000000 0.000000 0.000000 0.000000 0.000000 0.000000 0.000000 0.000000 0.000000 0.000000 0.000000 0.000000 0.000000 0.000000 0.000000 0.000000 0.000000 0.000000 0.000000 0.000000 0.000000 0.000000 0.000000 0.000000 0.000000 0.000000 0.000000 0.000000 0.000000 0.000000 0.000000 0.000000 0.000000 0.000000 0.000000 0.000000 0.000000 0.000000 0.000000 0.000000 0.000000 0.000000 0.000000 0.000000 0.000000 0.000000 0.000000 0.000000 0.000000 0.000000 0.000000 0.000000 0.000000 0.000000 0.000000 0.000000 0.000000 0.000000 0.000000 0.000000 0.000000 0.000000 0.000000 0.000000 0.000000 0.000000 0.000000 0.000000 0.000000 0.000000 0.000000 0.000000 0.000000 0.000000 0.000000 0.000000 0.000000 0.000000 0.000000 0.000000 0.000000 0.000000 0.000000 0.000000 0.000000 0.000000 0.000000 0.000000 0.000000 0.000000 0.000000 0.000000 0.000000 0.000000 0.000000 0.000000 0.000000 0.000000 0.000000 0.000000 0.000000 0.000000 0.000000 0.000000 0.000000 0.000000 0.000000 0.000000 0.000000 0.000000 0.000000 0.000000 0.000000 0.000000 0.000000 0.000000 0.000000 0.000000 0.000000 0.000000 0.000000 0.000000 0.000000 0.000000 0.000000 0.000000 0.000000 0.000000 0.000000 0.000000 0.000000 0.000000 0.000000 0.000000 0.000000 0.000000 0.000000 0.000000 0.000000 0.000000 0.000000 0.000000 0.000000 0.000000 0.000000 0.000000 0.000000 0.000000 0.000000 0.000000 0.000000 0.000000 0.000000 0.000000 0.000000 0.000000 0.000000 0.000000 0.000000 0.000000 0.000000 0.000000 0.000000 0.000000 0.000000 0.000000 0.000000 0.000000 0.000000 0.000000 0.000000 0.000000 0.000000 0.000000 0.000000 0.000000 0.000000 0.000000 0.000000 0.000000 0.000000 0.000000 0.000000 0.000000 0.000000 0.000000 0.000000 0.000000 0.000000 0.000000 0.000000 0.000000 0.000000 0.000000 0.000000 0.000000 0.000000 0.000000 0.000000 0.000000 0.000000 0.000000 0.000000 0.000000 0.000000 0.000000 0.000000 0.000000 0.000000 0.000000 0.000000 0.000000 0.000000 0.000000 0.000000 0.000000 0.000000 0.000000 0.000000 0.000000 0.000000 0.000000 0.000000 0.000000 0.000000 0.000000 0.000000 0.000000 0.000000 0.000000 0.000000 0.000000 0.000000 0.000000 0.000000 0.000000 0.000000 0.000000 0.000000 0.000000 0.000000 0.000000 0.000000 0.000000 0.000000 0.000000 0.000000 0.000000 0.000000 0.000000 0.000000 0.000000 0.000000 0.000000 0.000000 0.000000 0.000000 0.000000 0.000000 0.000000 0.000000 0.000000 0.000000 0.000000 0.000000 0.000000 0.000000 0.000000 0.000000 0.000000 0.000000 0.000000 0.000000 0.000000 0.000000 0.000000 0.000000 0.000000 0.000000 0.000000 0.000000 0.000000  
0.000000 0.000000 0.000000 0.000000 0.000000 0.000000 0.000000 0.000000 0.000000 0.000000 0.000000 0.000000 0.000000 0.000000 0.000000 0.000000 0.000000 0.000000 0.000000 0.000000 0.000000 0.000000 0.000000 0.000000 0.000000 0.000000 0.000000 0.000000 0.000000 0.000000 0.000000 0.000000 0.000000 0.000000 0.000000 0.000000 0.000000 0.000000 0.000000 0.000000 0.000000 0.000000 0.000000 0.000000 0.000000 0.000000 0.000000 0.000000 0.000000 0.000000 0.000000 0.000000 0.000000 0.000000 0.000000 0.000000 0.000000 0.000000 0.000000 0.000000 0.000000 0.000000 0.000000 0.000000 0.000000 0.000000 0.000000 0.000000 0.000000 0.000000 0.000000 0.000000 0.000000 0.000000 0.000000 0.000000 0.000000 0.000000 0.000000 0.000000 0.000000 0.000000 0.000000 0.000000 0.000000 0.000000 0.000000 0.000000 0.000000 0.000000 0.000000 0.000000 0.000000 0.000000 0.000000 0.000000 0.000000 0.000000 0.000000 0.000000 0.000000 0.000000 0.000000 0.000000 0.000000 0.000000 0.000000 0.000000 0.000000 0.000000 0.000000 0.000000 0.000000 0.000000 0.000000 0.000000 0.000000 0.000000 0.000000 0.000000 0.000000 0.000000 0.000000 0.000000 0.000000 0.000000 0.000000 0.000000 0.000000 0.000000 0.000000 0.000000 0.000000 0.000000 0.000000 0.000000 0.000000 0.000000 0.000000 0.000000 0.000000 0.000000 0.000000 0.000000 0.000000 0.000000 0.000000 0.000000 0.000000 0.000000 0.000000 0.000000 0.000000 0.000000 0.000000 0.000000 0.000000 0.000000 0.000000 0.000000 0.000000 0.000000 0.000000 0.000000 0.000000 0.000000 0.000000 0.000000 0.000000 0.000000 0.000000 0.000000 0.000000 0.000000 0.000000 0.000000 0.000000 0.000000 0.000000 0.000000 0.000000 0.000000 0.000000 0.000000 0.000000 0.000000 0.000000 0.000000 0.000000 0.000000 0.000000 0.000000 0.000000 0.000000 0.000000 0.000000 0.000000 0.000000 0.000000 0.000000 0.000000 0.000000 0.000000 0.000000 0.000000 0.000000 0.000000 0.000000 0.000000 0.000000 0.000000 0.000000 0.000000 0.000000 0.000000 0.000000 0.000000 0.000000 0.000000 0.000000 0.000000 0.000000 0.000000 0.000000 0.000000 0.000000 0.000000 0.000000 0.000000 0.000000 0.000000 0.000000 0.000000 0.000000 0.000000 0.000000 0.000000 0.000000 0.000000 0.000000 0.000000 0.000000 0.000000 0.000000 0.000000 0.000000 0.000000 0.000000 0.000000 0.000000 0.000000 0.000000 0.000000 0.000000 0.000000 0.000000 0.000000 0.000000 0.000000 0.000000 0.000000 0.000000 0.000000 0.000000 0.000000 0.000000 0.000000 0.000000 0.000000 0.000000 0.000000 0.000000 0.000000 0.000000 0.000000 0.000000 0.000000 0.000000 0.000000 0.000000 0.000000 0.000000 0.000000 0.000000 0.000000 0.000000 0.000000 0.000000 0.000000 0.000000 0.000000 0.000000 0.000000 0.000000 0.000000 0.000000 0.000000 0.000000 0.000000 0.000000 0.000000 0.000000 0.000000 0.000000 0.000000 0.000000 0.000000 0.000000 0.000000 0.000000 0.000000 0.000000 0.000000 0.000000 0.000000 0.000000 0.000000 0.000000 0.000000 0.000000 0.000000 0.000000 0.000000 0.000000 0.000000 0.000000 0.000000 0.000000 0.000000 0.000000 0.000000 0.000000 0.000000 0.000000 0.000000 0.000000 0.000000 0.000000 0.000000 0.000000 0.000000 0.000000 0.000000 0.000000 0.000000 0.000000 0.000000 0.000000 0.000000 0.000000 0.000000 0.000000 0.000000 0.000000 0.000000 0.000000 0.000000 0.000000 0.000000 0.000000 0.000000 0.000000 0.000000 0.000000 0.000000 0.000000 0.000000 0.000000 0.000000 0.000000 0.000000 0.000000 0.000000 0.000000 0.000000 0.000000 0.000000 0.000000 0.000000 0.000000 0.000000 0.000000 0.000000 0.000000 0.000000 0.000000 0.000000 0.000000 0.000000 0.000000 0.000000 0.000000 0.000000 0.000000 0.000000 0.000000 0.000000 0.000000 0.000000 0.000000 0.000000 0.000000 0.000000 0.000000 0.000000 0.000000 0.000000 0.000000 0.000000 0.000000 0.000000 0.000000 0.000000 0.000000 0.000000 0.000000 0.000000 0.000000 0.000000 0.000000 0.000000 0.000000 0.000000 0.000000 0.000000 0.000000 0.000000 0.000000 0.000000 0.000000 0.000000 0.000000 0.000000 0.000000 0.000000 0.000000 0.000000 0.000000 0.000000 0.000000 0.000000 0.000000 0.000000 0.000000 0.000000 0.000000 0.000000 0.000000 0.000000 0.000000 0.000000 0.000000 0.000000 0.000000 0.000000 0.000000 0.000000 0.000000 0.000000 0.000000 0.000000 0.000000 0.000000 0.000000 0.000000 0.000000 0.000000 0.000000 0.000000 0.000000 0.000000 0.000000 0.000000 0.000000 0.000000 0.000000 0.000000 0.000000 0.000000 0.000000 0.000000 0.000000 0.000000 0.000000 0.000000 0.000000 0.000000 0.000000 0.000000 0.000000 0.000000 0.000000 0.000000 0.000000 0.000000 0.000000 0.000000 0.000000 0.000000 0.000000 0.000000 0.000000 0.000000 0.000000 0.000000 0.000000 0.000000 0.000000 0.000000 0.000000 0.000000 0.000000 0.000000 0.000000 0.000000 0.000000 0.000000 0.000000 0.000000 0.000000 0.000000 0.000000 0.000000 0.000000 0.000000 0.000000 0.000000 0.000000 0.000000 0.000000 0.000000 0.000000 0.000000 0.000000 0.000000 0.000000 0.000000 0.000000 0.000000 0.000000 0.000000 0.000000 0.000000 0.000000 0.000000 0.000000 0.000000 0.000000 0.000000 0.000000 0.000000 0.000000 0.000000 0.000000 0.000000 0.000000 0.000000 0.000000 0.000000 0.000000 0.000000 0.000000 0.000000 0.000000 0.000000 0.000000 0.000000 0.000000 0.000000 0.000000 0.000000 0.000000 0.000000 0.000000 0.000000 0.000000 0.000000 0.000000 0.000000 0.000000 0.000000 0.000000 0.000000 0.000000 0.000000 0.000000 0.000000 0.000000 0.000000 0.000000 0.000000 0.000000 0.000000 0.000000 0.000000 0.000000 0.000000 0.000000 0.000000 0.000000 0.000000 0.000000 0.000000 0.000000 0.000000 0.000000 0.000000 0.000000 0.000000 0.000000 0.000000 0.000000 0.000000 0.000000 0.000000 0.000000 0.000000 0.000000 0.000000 0.000000 0.000000 0.000000 0.000000 0.000000 0.000000 0.000000 0.000000 0.000000 0.000000 0.000000 0.000000 0.000000 0.000000 0.000000 0.000000 0.000000 0.000000 0.000000 0.000000 0.000000 0.000000 0.000000 0.000000 0.000000 0.000000 0.000000 0.000000 0.000000 0.000000 0.000000 0.000000 0.000000 0.000000 0.000000 0.000000 0.000000 0.000000 0.000000 0.000000 0.000000 0.000000 0.000000 0.000000 0.000000 0.000000 0.000000 0.000000 0.000000 0.000000 0.000000 0.000000 0.000000 0.000000 0.000000 0.000000 0.000000 0.000000 0.000000 0.000000 0.000000 0.000000 0.000000 0.000000 0.000000 0.000000 0.000000 0.000000 0.000000 0.000000 0.000000 0.000000 0.000000 0.000000 0.000000 0.000000 0.000000 0.000000 0.000000 0.000000 0.000000 0.000000 0.000000 0.000000 0.000000 0.000000 0.000000 0.000000 0.000000 0.000000 0.000000 0.000000 0.000000 0.000000 0.000000 0.000000 0.000000 0.000000 0.000000 0.000000 0.000000 0.000000 0.000000 0.000000 0.000000  
0.012364 0.010000 0.006761 0.005757 0.012364 0.010000 0.006761 0.005757 0.012364 0.010000 0.006761 0.005757 0.012364 0.010000 0.006761 0.005757 0.012364 0.010000 0.006761 0.005757 0.012364 0.010000 0.006761 0.005757 0.012364 0.010000 0.006761 0.005757 0.012364 0.010000 0.006761 0.005757 0.012364 0.010000 0.006761 0.005757 0.012364 0.010000 0.006761 0.005757 0.012364 0.010000 0.006761 0.005757 0.012364 0.010000 0.006761 0.005757 0.012364 0.010000 0.006761 0.005757 0.012364 0.010000 0.006761 0.005757 0.012364 0.010000 0.006761 0.005757 0.012364 0.010000 0.006761 0.005757 0.012364 0.010000 0.006761 0.005757 0.012364 0.010000 0.006761 0.005757 0.012364 0.010000 0.006761 0.005757 0.012364 0.010000 0.006761 0.005757 0.012364 0.010000 0.006761 0.005757 0.012557 0.010143 0.006846 0.005825 0.012756 0.010289 0.006931 0.005895 0.012960 0.010439 0.007020 0.005966 0.013170 0.010593 0.007108 0.006037 0.013385 0.010750 0.007199 0.006111 0.013608 0.010911 0.007292 0.006184 0.013837 0.011077 0.007385 0.006259 0.014073 0.011246 0.007482 0.006356 0.014318 0.011421 0.007580 0.006736 0.014571 0.011600 0.007679 0.006822 0.014832 0.011783 0.007782 0.006909 0.015103 0.011972 0.007886 0.006998 0.015383 0.012167 0.007992 0.007089 0.015675 0.012368 0.008101 0.007547 0.015977 0.012575 0.008219 0.007648 0.016292 0.012789 0.008745 0.007753 0.016620 0.013009 0.008870 0.008233 0.016964 0.013236 0.008998 0.008374 0.017324 0.013471 0.009574 0.008520 0.017700 0.013716 0.009737 0.009455 0.018094 0.013968 0.010365 0.010487 0.018510 0.014230 0.010560 0.011952 0.018947 0.014503 0.011263 0.012626 0.019409 0.014786 0.011995 0.014197 0.019899 0.015653 0.013839 0.014998 0.020420 0.016036 0.015270 0.016324 0.020976 0.017026 0.016848 0.017195 0.021571 0.017512 0.018556 0.018632 0.022397 0.018650 0.020466 0.019672 0.023518 0.019218 0.022553 0.020804 0.024257 0.020544 0.024265 0.022052 0.025324 0.021176 0.026563 0.022855 0.026873 0.024023 0.029233 0.024497 0.028344 0.028405 0.031021 0.025898 0.030518 0.031956 0.034369 0.028521 0.032446 0.038478 0.038210 0.031482 0.035720 0.043575 0.040361 0.033465 0.038842 0.051948 0.044882 0.035709 0.044667 0.056200 0.048307 0.038311 0.055697 0.062565 0.050833 0.042749 0.059896 0.068606 0.056570 0.045108 0.066825 0.074800 0.059824 0.048734 0.073914 0.079529 0.065597 0.051346 0.083742 0.089040 0.070136 0.055714 0.096673 0.093852 0.073847 0.061574 0.100263 0.098452 0.076788 0.065097 0.106231 0.105393 0.082143 0.067836 0.115696 0.112743 0.087963 0.073370 0.119405 0.117403 0.093626 0.076493 0.123964 0.124873 0.097962 0.081817 0.129385 0.128930 0.101493 0.085960 0.136747 0.133248 0.107302 0.089221 0.143539 0.139660 0.111721 0.095755 0.148900 0.146113 0.115694 0.102265 0.155274 0.152133 0.124642 0.106638 0.159245 0.155800 0.129213 0.113098 0.164390 0.160682 0.133230 0.117036 0.171797 0.168666 0.137103 0.121083 0.176715 0.173098 0.144053 0.128493 0.182285 0.176749 0.148791 0.132439 0.186122 0.180459 0.152892 0.136685 0.191697 0.187227 0.157236 0.141316 0.199202 0.194266 0.161669 0.148936 0.203419 0.198425 0.169276 0.152893 0.208095 0.202315 0.173338 0.157365 0.213862 0.206273 0.177705 0.162025 0.218596 0.212556 0.185081 0.170591 0.224813 0.219431 0.193403 0.174476 0.231435 0.224359 0.197939 0.179143 0.235839 0.228983 0.201776 0.186799 0.240140 0.233127 0.206225 0.196138 0.245753 0.238855 0.210358 0.200587 0.253657 0.245667 0.215075 0.204570 0.258995 0.251473 0.223701 0.209169 0.263933 0.256823 0.228425 0.213478 0.268986 0.261892 0.232571 0.218991 0.273761 0.266571 0.236977 0.228097 0.282238 0.271134 0.241131 0.232286 0.290236 0.276537 0.246093 0.237269 0.296471 0.283225 0.255088 0.241065 0.302513 0.289869 0.259916 0.245615 0.308663 0.295347 0.264262 0.255024 0.315947 0.300886 0.273509 0.260439 0.323140 0.307724 0.279041 0.264977 0.330221 0.318319 0.288681 0.270190 0.338692 0.327763 0.294449 0.274317 0.347146 0.335532 0.300027 0.279083 0.355541 0.343404 0.305382 0.289300 0.366370 0.350442 0.315370 0.295153 0.375528 0.359670 0.321805 0.301545 0.381002 0.368805 0.329008 0.306151 0.386406 0.376700 0.335347 0.311991 0.391596 0.386408 0.345501 0.322029 0.396596 0.397419 0.352997 0.330142 0.401596 0.408713 0.360833 0.335321 0.406596 0.421079 0.372477 0.347257 0.411596 0.429174 0.380371 0.354502 0.416596 0.434273 0.393177 0.362216 0.421596 0.439399 0.403306 0.371792 0.426596 0.445119 0.416984 0.382051 0.431596 0.451094 0.426731 0.394744 0.436596 0.456094 0.443372 0.406015 0.441596 0.461094 0.462292 0.420261 0.446596 0.466094 0.484028 0.431975 0.451596 0.471094 0.507896 0.443927 0.456596 0.476094 0.512340 0.462621 0.461596 0.481094 0.517339 0.480691 0.466596 0.486094 0.524275 0.504523 0.471596 0.491094 0.530558 0.523696 0.476596 0.496094 0.535558 0.528696 0.481596 0.501094 0.540558 0.533696 0.486596 0.506094 0.545558 0.538696 0.491596 0.511094 0.550558 0.543696 0.496596 0.516094 0.555558 0.548696 0.501596 0.521094 0.560558 0.553696 0.506596 0.526094 0.565558 0.558696 0.511596 0.531094 0.570558 0.563696 0.516596 0.536094 0.575558 0.568696 0.521596 0.541094 0.580558 0.573696 0.526596 0.546094 0.585558 0.578696 0.531596 0.551094 0.590558 0.583696 0.536596 0.556094 0.595558 0.588696 0.541596 0.561094 0.600558 0.593696 0.546596 0.566094 0.605558 0.598696 0.551596 0.571094 0.610558 0.603696 0.556596 0.576094 0.615558 0.608696 0.561596 0.581094 0.620558 0.613696 0.566596 0.586094 0.625558 0.618696 0.571596 0.591094 0.630558 0.623696 0.576596 0.596094 0.635558 0.628696 0.581596 0.601094 0.640558 0.633696 0.586596 0.606094 0.645558 0.638696 0.591596 0.611094 0.650558 0.643696 0.596596 0.616094 0.655558 0.648696 0.601596 0.621094 0.660558 0.653696 0.606596 0.626094 0.665558 0.658696 0.611596 0.631094 0.670558 0.663696 0.616596 0.636094 0.675558 0.668696 0.621596 0.641094 0.680558 0.673696 0.626596 0.646094 0.685558 0.678696 0.631596 0.651094 0.690558 0.683696 0.636596 0.656094 0.695558 0.688696 0.641596 0.661094 0.700558 0.693696 0.646596 0.666094 0.705558 0.698696 0.651596 0.671094 0.710558 0.703696 0.656596 0.676094 0.715558 0.708696 0.661596 0.681094 0.720558 0.713696 0.666596 0.686094 0.725558 0.718696 0.671596 0.691094 0.730558 0.723696 0.676596 0.696094 0.735558 0.728696 0.681596 0.701094 0.740558 0.733696 0.686596 0.706094 0.745558 0.738696 0.691596 0.711094 0.750558 0.743696 0.696596 0.716094 0.755558 0.748696 0.701596 0.721094 0.760558 0.753696 0.706596 0.726094 0.765558 0.758696 0.711596 0.731094 0.770558 0.763696 0.716596 0.736094 0.775558 0.768696 0.721596 0.741094 0.780558 0.773696 0.726596 0.746094 0.785558 0.778696  
0.012364 0.010000 0.006761 0.005757 0.012364 0.010000 0.006761 0.005757 0.012364 0.010000 0.006761 0.005757 0.012364 0.010000 0.006761 0.005757 0.012364 0.010000 0.006761 0.005757 0.012364 0.010000 0.006761 0.005757 0.012364 0.010000 0.006761 0.005757 0.012364 0.010000 0.006761 0.005757 0.012364 0.010000 0.006761 0.005757 0.012364 0.010000 0.006761 0.005757 0.012364 0.010000 0.006761 0.005757 0.012364 0.010000 0.006761 0.005757 0.012364 0.010000 0.006761 0.005757 0.012364 0.010000 0.006761 0.005757 0.012364 0.010000 0.006761 0.005757 0.012364 0.010000 0.006761 0.005757 0.012364 0.010000 0.006761 0.005757 0.012364 0.010000 0.006761 0.005757 0.012364 0.010000 0.006761 0.005757 0.012364 0.010000 0.006761 0.005757 0.012364 0.010000 0.006761 0.005757 0.012557 0.010143 0.006846 0.005825 0.012756 0.010289 0.006931 0.005895 0.012960 0.010439 0.007020 0.005966 0.013170 0.010593 0.007108 0.006037 0.013385 0.010750 0.007199 0.006111 0.013608 0.010911 0.007292 0.006184 0.013837 0.011077 0.007385 0.006259 0.014073 0.011246 0.007482 0.006356 0.014318 0.011421 0.007580 0.006736 0.014571 0.011600 0.007679 0.006822 0.014832 0.011783 0.007782 0.006909 0.015103 0.011972 0.007886 0.006998 0.015383 0.012167 0.007992 0.007089 0.015675 0.012368 0.008101 0.007547 0.015977 0.012575 0.008219 0.007648 0.016292 0.012789 0.008745 0.007753 0.016620 0.013009 0.008870 0.008233 0.016964 0.013236 0.008998 0.008374 0.017324 0.013471 0.009574 0.008520 0.017700 0.013716 0.009737 0.009455 0.018094 0.013968 0.010365 0.010487 0.018510 0.014230 0.010560 0.011952 0.018947 0.014503 0.011263 0.012626 0.019409 0.014786 0.011995 0.014197 0.019899 0.015653 0.013839 0.014998 0.020420 0.016036 0.015270 0.016324 0.020976 0.017026 0.016848 0.017195 0.021571 0.017512 0.018556 0.018632 0.022397 0.018650 0.020466 0.019672 0.023518 0.019218 0.022553 0.020804 0.024257 0.020544 0.024265 0.022052 0.025324 0.021176 0.026563 0.022855 0.026873 0.024023 0.029233 0.024497 0.028344 0.028405 0.031021 0.025898 0.030518 0.031956 0.034369 0.028521 0.032446 0.038478 0.038210 0.031482 0.035720 0.043575 0.040361 0.033465 0.038842 0.051948 0.044882 0.035709 0.044667 0.056200 0.048307 0.038311 0.055697 0.062565 0.050833 0.042749 0.059896 0.068606 0.056570 0.045108 0.066825 0.074800 0.059824 0.048734 0.073914 0.079529 0.065597 0.051346 0.083742 0.089040 0.070136 0.055714 0.096673 0.093852 0.073847 0.061574 0.100263 0.098452 0.076788 0.065097 0.106231 0.105393 0.082143 0.067836 0.115696 0.112743 0.087963 0.073370 0.119405 0.117403 0.093626 0.076493 0.123964 0.124873 0.097962 0.081817 0.129385 0.128930 0.101493 0.085960 0.136747 0.133248 0.107302 0.089221 0.143539 0.139660 0.111721 0.095755 0.148900 0.146113 0.115694 0.102265 0.155274 0.152133 0.124642 0.106638 0.159245 0.155800 0.129213 0.113098 0.164390 0.160682 0.133230 0.117036 0.171797 0.168666 0.137103 0.121083 0.176715 0.173098 0.144053 0.128493 0.182285 0.176749 0.148791 0.132439 0.186122 0.180459 0.152892 0.136685 0.191697 0.187227 0.157236 0.141316 0.199202 0.194266 0.161669 0.148936 0.203419 0.198425 0.169276 0.152893 0.208095 0.202315 0.173338 0.157365 0.213862 0.206273 0.177705 0.162025 0.218596 0.212556 0.185081 0.170591 0.224813 0.219431 0.193403 0.174476 0.231435 0.224359 0.197939 0.179143 0.235839 0.228983 0.201776 0.186799 0.240140 0.233127 0.206225 0.196138 0.245753 0.238855 0.210358 0.200587 0.253657 0.245667 0.215075 0.204570 0.258995 0.251473 0.223701 0.209169 0.263933 0.256823 0.228425 0.213478 0.268986 0.261892 0.232571 0.218991 0.273761 0.266571 0.236977 0.228097 0.282238 0.271134 0.241131 0.232286 0.290236 0.276537 0.246093 0.237269 0.296471 0.283225 0.255088 0.241065 0.302513 0.289869 0.259916 0.245615 0.308663 0.295347 0.264262 0.255024 0.315947 0.300886 0.273509 0.260439 0.323140 0.307724 0.279041 0.264977 0.330221 0.318319 0.288681 0.270190 0.338692 0.327763 0.294449 0.274317 0.347146 0.335532 0.300027 0.279083 0.355541 0.343404 0.305382 0.289300 0.366370 0.350442 0.315370 0.295153 0.375528 0.359670 0.321805 0.301545 0.381002 0.368805 0.329008 0.306151 0.386406 0.376700 0.335347 0.311991 0.391596 0.386408 0.345501 0.322029 0.396596 0.397419 0.352997 0.330142 0.401596 0.408713 0.360833 0.335321 0.406596 0.421079 0.372477 0.347257 0.411596 0.429174 0.380371 0.354502 0.416596 0.434273 0.393177 0.362216 0.421596 0.439399 0.403306 0.371792 0.426596 0.445119 0.416984 0.382051 0.431596 0.451094 0.426731 0.394744 0.436596 0.456094 0.443372 0.406015 0.441596 0.461094 0.462292 0.420261 0.446596 0.466094 0.484028 0.431975 0.451596 0.471094 0.507896 0.443927 0.456596 0.476094 0.512340 0.462621 0.461596 0.481094 0.517339 0.480691 0.466596 0.486094 0.524275 0.504523 0.471596 0.491094 0.530558 0.523696 0.476596 0.496094 0.535558 0.528696 0.481596 0.501094 0.540558 0.533696 0.486596 0.506094 0.545558 0.538696 0.491596 0.511094 0.550558 0.543696 0.496596 0.516094 0.555558 0.548696 0.501596 0.521094 0.560558 0.553696 0.506596 0.526094 0.565558 0.558696 0.511596 0.531094 0.570558 0.563696 0.516596 0.536094 0.575558 0.568696 0.521596 0.541094 0.580558 0.573696 0.526596 0.546094 0.585558 0.578696 0.531596 0.551094 0.590558 0.583696 0.536596 0.556094 0.595558 0.588696 0.541596 0.561094 0.600558 0.593696 0.546596 0.566094 0.605558 0.598696 0.551596 0.571094 0.610558 0.603696 0.556596 0.576094 0.615558 0.608696 0.561596 0.581094 0.620558 0.613696 0.566596 0.586094 0.625558 0.618696 0.571596 0.591094 0.630558 0.623696 0.576596 0.596094 0.635558 0.628696 0.581596 0.601094 0.640558 0.633696 0.586596 0.606094 0.645558 0.638696 0.591596 0.611094 0.650558 0.643696 0.596596 0.616094 0.655558 0.648696 0.601596 0.621094 0.660558 0.653696 0.606596 0.626094 0.665558 0.658696 0.611596 0.631094 0.670558 0.663696 0.616596 0.636094 0.675558 0.668696 0.621596 0.641094 0.680558 0.673696 0.626596 0.646094 0.685558 0.678696 0.631596 0.651094 0.690558 0.683696 0.636596 0.656094 0.695558 0.688696 0.641596 0.661094 0.700558 0.693696 0.646596 0.666094 0.705558 0.698696 0.651596 0.671094 0.710558 0.703696 0.656596 0.676094 0.715558 0.708696 0.661596 0.681094 0.720558 0.713696 0.666596 0.686094 0.725558 0.718696 0.671596 0.691094 0.730558 0.723696 0.676596 0.696094 0.735558 0.728696 0.681596 0.701094 0.740558 0.733696 0.686596 0.706094 0.745558 0.738696 0.691596 0.711094 0.750558 0.743696 0.696596 0.716094 0.755558 0.748696 0.701596 0.721094 0.760558 0.753696 0.706596 0.726094 0.765558 0.758696 0.711596 0.731094 0.770558 0.763696 0.716596 0.736094 0.775558 0.768696 0.721596 0.741094 0.780558 0.773696 0.726596 0.746094 0.785558 0.778696  
0.000010 0.000010 0.000010 0.000010 0.000010 0.000010 0.000010 0.000010 0.000010 0.000010 0.000010 0.000010 0.000010 0.000010 0.000010 0.000010 0.000010 0.000010 0.000010 0.000010 0.000010 0.000010 0.000010 0.000010 0.000010 0.000010 0.000010 0.000010 0.000010 0.000010 0.000010 0.000010 0.000010 0.000010 0.000010 0.000010 0.000010 0.000010 0.000010 0.000010 0.000010 0.000010 0.000010 0.000010 0.000010 0.000010 0.000010 0.000010 0.000010 0.000010 0.000010 0.000010 0.000010 0.000010 0.000010 0.000010 0.000010 0.000010 0.000010 0.000010 0.000010 0.000010 0.000010 0.000010 0.000010 0.000010 0.000010 0.000010 0.000010 0.000010 0.000010 0.000010 0.000010 0.000010 0.000010 0.000010 0.000010 0.000010 0.000010 0.000010 0.000010 0.000010 0.000010 0.000010 0.000010 0.000010 0.000010 0.000010 0.000010 0.000010 0.000010 0.000010 0.000010 0.000010 0.000010 0.000010 0.000010 0.000010 0.000010 0.000010 0.000010 0.000010 0.000010 0.000010 0.000010 0.000010 0.000010 0.000010 0.000010 0.000010 0.000010 0.000010 0.000010 0.000010 0.000010 0.000010 0.000010 0.000010 0.000010 0.000010 0.000010 0.000010 0.000010 0.000010 0.000010 0.000010 0.000010 0.000010 0.000010 0.000010 0.000010 0.000010 0.000010 0.000010 0.000010 0.000010 0.000010 0.000010 0.000010 0.000010 0.000010 0.000010 0.000010 0.000010 0.000010 0.000010 0.000010 0.000010 0.000010 0.000010 0.000010 0.000010 0.000010 0.000010 0.000010 0.000010 0.000010 0.000010 0.000010 0.000010 0.000010 0.000010 0.000010 0.000010 0.000010 0.000010 0.000010 0.000010 0.000010 0.000010 0.000010 0.000010 0.000010 0.000010 0.000010 0.000010 0.000010 0.000010 0.000010 0.000010 0.000010 0.000010 0.000010 0.000010 0.000010 0.000010 0.000010 0.000010 0.000010 0.000010 0.000010 0.000010 0.000010 0.000010 0.000010 0.000010 0.000010 0.000010 0.000010 0.000010 0.000010 0.000010 0.000010 0.000010 0.000010 0.000010 0.000010 0.000010 0.000010 0.000010 0.000010 0.000010 0.000010 0.000010 0.000010 0.000010 0.000010 0.000010 0.000010 0.000010 0.000010 0.000010 0.000010 0.000010 0.000010 0.000010 0.000010 0.000010 0.000010 0.000010 0.000010 0.000010 0.000010 0.000010 0.000010 0.000010 0.000010 0.000010 0.000010 0.000010 0.000010 0.000010 0.000010 0.000010 0.000010 0.000010 0.000010 0.000010 0.000010 0.000010 0.000010 0.000010 0.000010 0.000010 0.000010 0.000010 0.000010 0.000010 0.000010 0.000010 0.000010 0.000010 0.000010 0.000010 0.000010 0.000010 0.000010 0.000010 0.000010 0.000010 0.000010 0.000010 0.000010 0.000010 0.000010 0.000010 0.000010 0.000010 0.000010 0.000010 0.000010 0.000010 0.000010 0.000010 0.000010 0.000010 0.000010 0.000010 0.000010 0.000010 0.000010 0.000010 0.000010 0.000010 0.000010 0.000010 0.000010 0.000010 0.000010 0.000010 0.000010 0.000010 0.000010 0.000010 0.000010 0.000010 0.000010 0.000010 0.000010 0.000010 0.000010 0.000010 0.000010 0.000010 0.000010 0.000010 0.000010 0.000010 0.000010 0.000010 0.000010 0.000010 0.000010 0.000010 0.000010 0.000010 0.000010 0.000010 0.000010 0.000010 0.000010 0.000010 0.000010 0.000010 0.000010 0.000010 0.000010 0.000010 0.000010 0.000010 0.000010 0.000010 0.000010 0.000010 0.000010 0.000010 0.000010 0.000010 0.000010 0.000010 0.000010 0.000010 0.000010 0.000010 0.000010 0.000010 0.000010 0.000010 0.000010 0.000010 0.000010 0.000010 0.000010 0.000010 0.000010 0.000010 0.000010 0.000010 0.000010 0.000010 0.000010 0.000010 0.000010 0.000010 0.000010 0.000010 0.000010 0.000010 0.000010 0.000010 0.000010 0.000010 0.000010 0.000010 0.000010 0.000010 0.000010 0.000010 0.000010 0.000010 0.000010 0.000010 0.000010 0.000010 0.000010 0.000010 0.000010 0.000010 0.000010 0.000010 0.000010 0.000010 0.000010 0.000010 0.000010 0.000010 0.000010 0.000010 0.000010 0.000010 0.000010 0.000010 0.000010 0.000010 0.000010 0.000010 0.000010 0.000010 0.000010 0.000010 0.000010 0.000010 0.000010 0.000010 0.000010 0.000010 0.000010 0.000010 0.000010 0.000010 0.000010 0.000010 0.000010 0.000010 0.000010 0.000010 0.000010 0.000010 0.000010 0.000010 0.000010 0.000010 0.000010 0.000010 0.000010 0.000010 0.000010 0.000010 0.000010 0.000010 0.000010 0.000010 0.000010 0.000010 0.000010 0.000010 0.000010 0.000010 0.000010 0.000010 0.000010 0.000010 0.000010 0.000010 0.000010 0.000010 0.000010 0.000010 0.000010 0.000010 0.000010 0.000010 0.000010 0.000010 0.000010 0.000010 0.000010 0.000010 0.000010 0.000010 0.000010 0.000010 0.000010 0.000010 0.000010 0.000010 0.000010 0.000010 0.000010 0.000010 0.000010 0.000010 0.000010 0.000010 0.000010 0.000010 0.000010 0.000010 0.000010 0.000010 0.000010 0.000010 0.000010 0.000010 0.000010 0.000010 0.000010 0.000010 0.000010 0.000010 0.000010 0.000010 0.000010 0.000010 0.000010 0.000010 0.000010 0.000010 0.000010 0.000010 0.000010 0.000010 0.000010 0.000010 0.000010 0.000010 0.000010 0.000010 0.000010 0.000010 0.000010 0.000010 0.000010 0.000010 0.000010 0.000010 0.000010 0.000010 0.000010 0.000010 0.000010 0.000010 0.000010 0.000010 0.000010 0.000010 0.000010 0.000010 0.000010 0.000010 0.000010 0.000010 0.000010 0.000010 0.000010 0.000010 0.000010 0.000010 0.000010 0.000010 0.000010 0.000010 0.000010 0.000010 0.000010 0.000010 0.000010 0.000010 0.000010 0.000010 0.000010 0.000010 0.000010 0.000010 0.000010 0.000010 0.000010 0.000010 0.000010 0.000010 0.000010 0.000010 0.000010 0.000010 0.000010 0.000010 0.000010 0.000010 0.000010 0.000010 0.000010 0.000010 0.000010 0.000010 0.000010 0.000010 0.000010 0.000010 0.000010 0.000010 0.000010 0.000010 0.000010 0.000010 0.000010 0.000010 0.000010 0.000010 0.000010 0.000010 0.000010 0.000010 0.000010 0.000010 0.000010 0.000010 0.000010 0.000010 0.000010 0.000010 0.000010 0.000010 0.000010 0.000010 0.000010 0.000010 0.000010 0.000010 0.000010 0.000010 0.000010 0.000010 0.000010 0.000010 0.000010 0.000010 0.000010 0.000010 0.000010 0.000010 0.000010 0.000010 0.000010 0.000010 0.000010 0.000010 0.000010 0.000010 0.000010 0.000010 0.000010 0.000010 0.000010 0.000010 0.000010 0.000010 0.000010 0.000010 0.000010 0.000010 0.000010 0.000010 0.000010 0.000010 0.000010 0.000010 0.000010 0.000010 0.000010 0.000010 0.000010 0.000010 0.000010 0.000010 0.000010 0.000010 0.000010 0.000010 0.000010 0.000010 0.000010 0.000010 0.000010 0.000010 0.000010 0.000010 0.000010 0.000010 0.000010 0.000010 0.000010 0.000010 0.000010 0.000010 0.000010 0.000010 0.000010 0.000010 0.000010 0.000010 0.000010 0.000010 0.000010 0.000010 0.000010 0.000010 0.000010 0.000010 0.000010 0.000010 0.000010 0.000010 0.000010 0.000010 0.000010 0.000010 0.000010 0.000010 0.000010 0.000010 0.000010 0.000010 0.000010 0.000010  
0.000000 0.000000 0.000000 0.000000 0.000000 0.000000 0.000000 0.000000 0.000000 0.000000 0.000000 0.000000 0.000000 0.000000 0.000000 0.000000 0.000000 0.000000 0.000000 0.000000 0.000000 0.000000 0.000000 0.000000 0.000000 0.000000 0.000000 0.000000 0.000000 0.000000 0.000000 0.000000 0.000000 0.000000 0.000000 0.000000 0.000000 0.000000 0.000000 0.000000 0.000000 0.000000 0.000000 0.000000 0.000000 0.000000 0.000000 0.000000 0.000000 0.000000 0.000000 0.000000 0.000000 0.000000 0.000000 0.000000 0.000000 0.000000 0.000000 0.000000 0.000000 0.000000 0.000000 0.000000 0.000000 0.000000 0.000000 0.000000 0.000000 0.000000 0.000000 0.000000 0.000000 0.000000 0.000000 0.000000 0.000000 0.000000 0.000000 0.000000 0.000000 0.000000 0.000000 0.000000 0.000000 0.000000 0.000000 0.000000 0.000000 0.000000 0.000000 0.000000 0.000000 0.000000 0.000000 0.000000 0.000000 0.000000 0.000000 0.000000 0.000000 0.000000 0.000000 0.000000 0.000000 0.000000 0.000000 0.000000 0.000000 0.000000 0.000000 0.000000 0.000000 0.000000 0.000000 0.000000 0.000000 0.000000 0.000000 0.000000 0.000000 0.000000 0.000000 0.000000 0.000000 0.000000 0.000000 0.000000 0.000000 0.000000 0.000000 0.000000 0.000000 0.000000 0.000000 0.000000 0.000000 0.000000 0.000000 0.000000 0.000000 0.000000 0.000000 0.000000 0.000000 0.000000 0.000000 0.000000 0.000000 0.000000 0.000000 0.000000 0.000000 0.000000 0.000000 0.000000 0.000000 0.000000 0.000000 0.000000 0.000000 0.000000 0.000000 0.000000 0.000000 0.000000 0.000000 0.000000 0.000000 0.000000 0.000000 0.000000 0.000000 0.000000 0.000000 0.000000 0.000000 0.000000 0.000000 0.000000 0.000000 0.000000 0.000000 0.000000 0.000000 0.000000 0.000000 0.000000 0.000000 0.000000 0.000000 0.000000 0.000000 0.000000 0.000000 0.000000 0.000000 0.000000 0.000000 0.000000 0.000000 0.000000 0.000000 0.000000 0.000000 0.000000 0.000000 0.000000 0.000000 0.000000 0.000000 0.000000 0.000000 0.000000 0.000000 0.000000 0.000000 0.000000 0.000000 0.000000 0.000000 0.000000 0.000000 0.000000 0.000000 0.000000 0.000000 0.000000 0.000000 0.000000 0.000000 0.000000 0.000000 0.000000 0.000000 0.000000 0.000000 0.000000 0.000000 0.000000 0.000000 0.000000 0.000000 0.000000 0.000000 0.000000 0.000000 0.000000 0.000000 0.000000 0.000000 0.000000 0.000000 0.000000 0.000000 0.000000 0.000000 0.000000 0.000000 0.000000 0.000000 0.000000 0.000000 0.000000 0.000000 0.000000 0.000000 0.000000 0.000000 0.000000 0.000000 0.000000 0.000000 0.000000 0.000000 0.000000 0.000000 0.000000 0.000000 0.000000 0.000000 0.000000 0.000000 0.000000 0.000000 0.000000 0.000000 0.000000 0.000000 0.000000 0.000000 0.000000 0.000000 0.000000 0.000000 0.000000 0.000000 0.000000 0.000000 0.000000 0.000000 0.000000 0.000000 0.000000 0.000000 0.000000 0.000000 0.000000 0.000000 0.000000 0.000000 0.000000 0.000000 0.000000 0.000000 0.000000 0.000000 0.000000 0.000000 0.000000 0.000000 0.000000 0.000000 0.000000 0.000000 0.000000 0.000000 0.000000 0.000000 0.000000 0.000000 0.000000 0.000000 0.000000 0.000000 0.000000 0.000000 0.000000 0.000000 0.000000 0.000000 0.000000 0.000000 0.000000 0.000000 0.000000 0.000000 0.000000 0.000000 0.000000 0.000000 0.000000 0.000000 0.000000 0.000000 0.000000 0.000000 0.000000 0.000000 0.000000 0.000000 0.000000 0.000000 0.000000 0.000000 0.000000 0.000000 0.000000 0.000000 0.000000 0.000000 0.000000 0.000000 0.000000 0.000000 0.000000 0.000000 0.000000 0.000000 0.000000 0.000000 0.000000 0.000000 0.000000 0.000000 0.000000 0.000000 0.000000 0.000000 0.000000 0.000000 0.000000 0.000000 0.000000 0.000000 0.000000 0.000000 0.000000 0.000000 0.000000 0.000000 0.000000 0.000000 0.000000 0.000000 0.000000 0.000000 0.000000 0.000000 0.000000 0.000000 0.000000 0.000000 0.000000 0.000000 0.000000 0.000000 0.000000 0.000000 0.000000 0.000000 0.000000 0.000000 0.000000 0.000000 0.000000 0.000000 0.000000 0.000000 0.000000 0.000000 0.000000 0.000000 0.000000 0.000000 0.000000 0.000000 0.000000 0.000000 0.000000 0.000000 0.000000 0.000000 0.000000 0.000000 0.000000 0.000000 0.000000 0.000000 0.000000 0.000000 0.000000 0.000000 0.000000 0.000000 0.000000 0.000000 0.000000 0.000000 0.000000 0.000000 0.000000 0.000000 0.000000 0.000000 0.000000 0.000000 0.000000 0.000000 0.000000 0.000000 0.000000 0.000000 0.000000 0.000000 0.000000 0.000000 0.000000 0.000000 0.000000 0.000000 0.000000 0.000000 0.000000 0.000000 0.000000 0.000000 0.000000 0.000000 0.000000 0.000000 0.000000 0.000000 0.000000 0.000000 0.000000 0.000000 0.000000 0.000000 0.000000 0.000000 0.000000 0.000000 0.000000 0.000000 0.000000 0.000000 0.000000 0.000000 0.000000 0.000000 0.000000 0.000000 0.000000 0.000000 0.000000 0.000000 0.000000 0.000000 0.000000 0.000000 0.000000 0.000000 0.000000 0.000000 0.000000 0.000000 0.000000 0.000000 0.000000 0.000000 0.000000 0.000000 0.000000 0.000000 0.000000 0.000000 0.000000 0.000000 0.000000 0.000000 0.000000 0.000000 0.000000 0.000000 0.000000 0.000000 0.000000 0.000000 0.000000 0.000000 0.000000 0.000000 0.000000 0.000000 0.000000 0.000000 0.000000 0.000000 0.000000 0.000000 0.000000 0.000000 0.000000 0.000000 0.000000 0.000000 0.000000 0.000000 0.000000 0.000000 0.000000 0.000000 0.000000 0.000000 0.000000 0.000000 0.000000 0.000000 0.000000 0.000000 0.000000 0.000000 0.000000 0.000000 0.000000 0.000000 0.000000 0.000000 0.000000 0.000000 0.000000 0.000000 0.000000 0.000000 0.000000 0.000000 0.000000 0.000000 0.000000 0.000000 0.000000 0.000000 0.000000 0.000000 0.000000 0.000000 0.000000 0.000000 0.000000 0.000000 0.000000 0.000000 0.000000 0.000000 0.000000 0.000000 0.000000 0.000000 0.000000 0.000000 0.000000 0.000000 0.000000 0.000000 0.000000 0.000000 0.000000 0.000000 0.000000 0.000000 0.000000 0.000000 0.000000 0.000000 0.000000 0.000000 0.000000 0.000000 0.000000 0.000000 0.000000 0.000000 0.000000 0.000000 0.000000 0.000000 0.000000 0.000000 0.000000 0.000000 0.000000 0.000000 0.000000 0.000000 0.000000 0.000000 0.000000 0.000000 0.000000 0.000000 0.000000 0.000000 0.000000 0.000000 0.000000 0.000000 0.000000 0.000000 0.000000 0.000000 0.000000 0.000000 0.000000 0.000000 0.000000 0.000000 0.000000 0.000000 0.000000 0.000000 0.000000 0.000000 0.000000 0.000000 0.000000 0.000000 0.000000 0.000000 0.000000 0.000000 0.000000 0.000000 0.000000 0.000000 0.000000 0.000000 0.000000 0.000000 0.000000 0.000000 0.000000 0.000000 0.000000 0.000000 0.000000 0.000000 0.000000 0.000000 0.000000 0.000000 0.000000 0.000000 0.000000 0.000000 0.000000 0.000000 0.000000 0.000000 0.000000 0.000000 0.000000 0.000000 0.000000 