Reynolds number List -  Side 
4 
      500000.0 
     1000000.0 
     5000000.0 
    10000000.0 
Angle of Attack List -  Downwards 
181 
-5.00 
 -4.75 
 -4.50 
 -4.25 
 -4.00 
 -3.75 
 -3.50 
 -3.25 
 -3.00 
 -2.75 
 -2.50 
 -2.25 
 -2.00 
 -1.75 
 -1.50 
 -1.25 
 -1.00 
 -0.75 
 -0.50 
 -0.25 
 0.00 
 0.25 
 0.50 
 0.75 
 1.00 
 1.25 
 1.50 
 1.75 
 2.00 
 2.25 
 2.50 
 2.75 
 3.00 
 3.25 
 3.50 
 3.75 
 4.00 
 4.25 
 4.50 
 4.75 
 5.00 
 5.25 
 5.50 
 5.75 
 6.00 
 6.25 
 6.50 
 6.75 
 7.00 
 7.25 
 7.50 
 7.75 
 8.00 
 8.25 
 8.50 
 8.75 
 9.00 
 9.25 
 9.50 
 9.75 
 10.00 
 10.25 
 10.50 
 10.75 
 11.00 
 11.25 
 11.50 
 11.75 
 12.00 
 12.25 
 12.50 
 12.75 
 13.00 
 13.25 
 13.50 
 13.75 
 14.00 
 14.25 
 14.50 
 14.75 
 15.00 
 15.25 
 15.50 
 15.75 
 16.00 
 16.25 
 16.50 
 16.75 
 17.00 
 17.25 
 17.50 
 17.75 
 18.00 
 18.25 
 18.50 
 18.75 
 19.00 
 19.25 
 19.50 
 19.75 
 20.00 
 20.25 
 20.50 
 20.75 
 21.00 
 21.25 
 21.50 
 21.75 
 22.00 
 22.25 
 22.50 
 22.75 
 23.00 
 23.25 
 23.50 
 23.75 
 24.00 
 24.25 
 24.50 
 24.75 
 25.00 
 25.25 
 25.50 
 25.75 
 26.00 
 26.25 
 26.50 
 26.75 
 27.00 
 27.25 
 27.50 
 27.75 
 28.00 
 28.25 
 28.50 
 28.75 
 29.00 
 29.25 
 29.50 
 29.75 
 30.00 
 30.25 
 30.50 
 30.75 
 31.00 
 31.25 
 31.50 
 31.75 
 32.00 
 32.25 
 32.50 
 32.75 
 33.00 
 33.25 
 33.50 
 33.75 
 34.00 
 34.25 
 34.50 
 34.75 
 35.00 
 35.25 
 35.50 
 35.75 
 36.00 
 36.25 
 36.50 
 36.75 
 37.00 
 37.25 
 37.50 
 37.75 
 38.00 
 38.25 
 38.50 
 38.75 
 39.00 
 39.25 
 39.50 
 39.75 
 40.00 
  Pressure BL Thick 
 Pressure Disp Thick 
Pressure Cf  
Suction BL Thick  
Suction Disp Thick  
Cf Suction  
0.004185 0.003414 0.002255 0.001936 0.004185 0.003414 0.002255 0.001936 0.004185 0.003414 0.002255 0.001936 0.004185 0.003414 0.002255 0.001936 0.004185 0.003414 0.002255 0.001936 0.004185 0.003414 0.002255 0.001936 0.004185 0.003414 0.002255 0.001936 0.004185 0.003414 0.002255 0.001936 0.004185 0.003414 0.002255 0.001936 0.004185 0.003414 0.002255 0.001936 0.004185 0.003414 0.002255 0.001936 0.004185 0.003414 0.002255 0.001936 0.004185 0.003414 0.002255 0.001936 0.004185 0.003414 0.002255 0.001936 0.004185 0.003414 0.002255 0.001936 0.004185 0.003414 0.002255 0.001936 0.004185 0.003414 0.002255 0.001936 0.004185 0.003414 0.002255 0.001936 0.004185 0.003414 0.002255 0.001936 0.004185 0.003414 0.002255 0.001936 0.004185 0.003414 0.002255 0.001936 0.004096 0.003349 0.002219 0.001908 0.004011 0.003286 0.002184 0.001879 0.003927 0.003225 0.002150 0.001852 0.003846 0.003165 0.002116 0.001825 0.003768 0.003106 0.002083 0.001798 0.003691 0.003049 0.002051 0.001772 0.003617 0.002994 0.002019 0.001746 0.003544 0.002939 0.001988 0.001720 0.003473 0.002886 0.001957 0.001686 0.003404 0.002834 0.001927 0.001661 0.003337 0.002783 0.001898 0.001637 0.003271 0.002734 0.001869 0.001613 0.003207 0.002685 0.001841 0.001590 0.003144 0.002637 0.001813 0.001557 0.003083 0.002591 0.001785 0.001535 0.003023 0.002545 0.001747 0.001512 0.002964 0.002500 0.001720 0.001481 0.002906 0.002456 0.001694 0.001459 0.002849 0.002413 0.001657 0.001438 0.002794 0.002370 0.001632 0.001399 0.002739 0.002328 0.001595 0.001362 0.002685 0.002287 0.001571 0.001319 0.002632 0.002246 0.001536 0.001291 0.002580 0.002207 0.001502 0.001252 0.002529 0.002153 0.001448 0.001226 0.002478 0.002113 0.001407 0.001194 0.002428 0.002060 0.001366 0.001169 0.002378 0.002021 0.001325 0.001138 0.002325 0.001968 0.001285 0.001113 0.002266 0.001930 0.001245 0.001088 0.002219 0.001877 0.001208 0.001062 0.002165 0.001840 0.001163 0.001042 0.002103 0.001765 0.001125 0.001012 0.002045 0.001672 0.001100 0.000982 0.001979 0.001610 0.001068 0.000949 0.001927 0.001542 0.001039 0.000921 0.001848 0.001493 0.001016 0.000900 0.001759 0.001437 0.000989 0.000880 0.001701 0.001405 0.000971 0.000863 0.001619 0.001366 0.000949 0.000840 0.001584 0.001319 0.000926 0.000821 0.001539 0.001257 0.000907 0.000806 0.001495 0.001229 0.000885 0.000788 0.001451 0.001197 0.000870 0.000775 0.001409 0.001179 0.000854 0.000755 0.001381 0.001157 0.000806 0.000740 0.001351 0.001128 0.000795 0.000698 0.001320 0.001109 0.000774 0.000688 0.001295 0.001086 0.000764 0.000672 0.001265 0.001069 0.000752 0.000663 0.001221 0.001045 0.000734 0.000651 0.001194 0.000999 0.000724 0.000637 0.001173 0.000981 0.000690 0.000606 0.001156 0.000969 0.000675 0.000590 0.001132 0.000949 0.000664 0.000581 0.001112 0.000932 0.000656 0.000576 0.001087 0.000913 0.000642 0.000562 0.001054 0.000882 0.000609 0.000533 0.001036 0.000868 0.000603 0.000529 0.001006 0.000840 0.000596 0.000521 0.000973 0.000813 0.000585 0.000509 0.000961 0.000804 0.000573 0.000483 0.000950 0.000796 0.000546 0.000480 0.000935 0.000773 0.000543 0.000473 0.000911 0.000748 0.000536 0.000463 0.000879 0.000735 0.000525 0.000456 0.000869 0.000726 0.000498 0.000454 0.000853 0.000709 0.000495 0.000432 0.000825 0.000691 0.000490 0.000423 0.000812 0.000681 0.000466 0.000416 0.000792 0.000660 0.000456 0.000399 0.000766 0.000639 0.000450 0.000394 0.000759 0.000633 0.000429 0.000389 0.000745 0.000618 0.000428 0.000367 0.000721 0.000602 0.000423 0.000362 0.000709 0.000594 0.000418 0.000359 0.000687 0.000584 0.000394 0.000344 0.000672 0.000567 0.000390 0.000340 0.000666 0.000553 0.000386 0.000333 0.000657 0.000549 0.000386 0.000316 0.000647 0.000535 0.000368 0.000313 0.000628 0.000519 0.000363 0.000313 0.000616 0.000512 0.000355 0.000310 0.000599 0.000507 0.000352 0.000294 0.000583 0.000494 0.000339 0.000288 0.000578 0.000472 0.000335 0.000285 0.000563 0.000461 0.000304 0.000271 0.000539 0.000450 0.000301 0.000271 0.000528 0.000429 0.000301 0.000258 0.000525 0.000418 0.000286 0.000242 0.000525 0.000408 0.000269 0.000229 0.000525 0.000389 0.000256 0.000218 0.000525 0.000372 0.000245 0.000198 0.000525 0.000356 0.000231 0.000167 0.000525 0.000334 0.000219 0.000149 0.000525 0.000310 0.000209 0.000142 0.000525 0.000284 0.000196 0.000133 0.000525 0.000284 0.000188 0.000120 0.000525 0.000284 0.000167 0.000113 0.000525 0.000284 0.000160 0.000106 0.000525 0.000284 0.000149 0.000103 0.000525 0.000284 0.000137 0.000104 0.000525 0.000284 0.000133 0.000100 0.000525 0.000284 0.000178 0.000097 0.000525 0.000284 0.000120 0.000095 0.000525 0.000284 0.000120 0.000095 0.000525 0.000284 0.000120 0.000095 0.000525 0.000284 0.000120 0.000097 0.000525 0.000284 0.000120 0.000099 0.000525 0.000284 0.000120 0.000099 0.000525 0.000284 0.000120 0.000099 0.000525 0.000284 0.000120 0.000099 0.000525 0.000284 0.000120 0.000099 0.000525 0.000284 0.000120 0.000099 0.000525 0.000284 0.000120 0.000099 0.000525 0.000284 0.000120 0.000099 0.000525 0.000284 0.000120 0.000099 0.000525 0.000284 0.000120 0.000099 0.000525 0.000284 0.000120 0.000099 0.000525 0.000284 0.000120 0.000099 0.000525 0.000284 0.000120 0.000099 0.000525 0.000284 0.000120 0.000099 0.000525 0.000284 0.000120 0.000099 0.000525 0.000284 0.000120 0.000099 0.000525 0.000284 0.000120 0.000099 0.000525 0.000284 0.000120 0.000099 0.000525 0.000284 0.000120 0.000099 0.000525 0.000284 0.000120 0.000099 0.000525 0.000284 0.000120 0.000099 0.000525 0.000284 0.000120 0.000099 0.000525 0.000284 0.000120 0.000099 0.000525 0.000284 0.000120 0.000099 0.000525 0.000284 0.000120 0.000099 0.000525 0.000284 0.000120 0.000099 0.000525 0.000284 0.000120 0.000099 0.000525 0.000284 0.000120 0.000099 0.000525 0.000284 0.000120 0.000099 0.000525 0.000284 0.000120 0.000099 0.000525 0.000284 0.000120 0.000099 0.000525 0.000284 0.000120 0.000099 0.000525 0.000284 0.000120 0.000099 0.000525 0.000284 0.000120 0.000099 0.000525 0.000284 0.000120 0.000099 0.000525 0.000284 0.000120 0.000099 0.000525 0.000284 0.000120 0.000099 0.000525 0.000284 0.000120 0.000099 0.000525 0.000284 0.000120 0.000099 0.000525 0.000284 0.000120 0.000099 0.000525 0.000284 0.000120 0.000099 0.000525 0.000284 0.000120 0.000099 0.000525 0.000284 0.000120 0.000099 0.000525 0.000284 0.000120 0.000099 0.000525 0.000284 0.000120 0.000099 0.000525 0.000284 0.000120 0.000099 0.000525 0.000284 0.000120 0.000099 0.000525 0.000284 0.000120 0.000099 0.000525 0.000284 0.000120 0.000099 0.000525 0.000284 0.000120 0.000099 0.000525 0.000284 0.000120 0.000099 0.000525 0.000284 0.000120 0.000099  
0.004185 0.003414 0.002255 0.001936 0.004185 0.003414 0.002255 0.001936 0.004185 0.003414 0.002255 0.001936 0.004185 0.003414 0.002255 0.001936 0.004185 0.003414 0.002255 0.001936 0.004185 0.003414 0.002255 0.001936 0.004185 0.003414 0.002255 0.001936 0.004185 0.003414 0.002255 0.001936 0.004185 0.003414 0.002255 0.001936 0.004185 0.003414 0.002255 0.001936 0.004185 0.003414 0.002255 0.001936 0.004185 0.003414 0.002255 0.001936 0.004185 0.003414 0.002255 0.001936 0.004185 0.003414 0.002255 0.001936 0.004185 0.003414 0.002255 0.001936 0.004185 0.003414 0.002255 0.001936 0.004185 0.003414 0.002255 0.001936 0.004185 0.003414 0.002255 0.001936 0.004185 0.003414 0.002255 0.001936 0.004185 0.003414 0.002255 0.001936 0.004185 0.003414 0.002255 0.001936 0.004096 0.003349 0.002219 0.001908 0.004011 0.003286 0.002184 0.001879 0.003927 0.003225 0.002150 0.001852 0.003846 0.003165 0.002116 0.001825 0.003768 0.003106 0.002083 0.001798 0.003691 0.003049 0.002051 0.001772 0.003617 0.002994 0.002019 0.001746 0.003544 0.002939 0.001988 0.001720 0.003473 0.002886 0.001957 0.001686 0.003404 0.002834 0.001927 0.001661 0.003337 0.002783 0.001898 0.001637 0.003271 0.002734 0.001869 0.001613 0.003207 0.002685 0.001841 0.001590 0.003144 0.002637 0.001813 0.001557 0.003083 0.002591 0.001785 0.001535 0.003023 0.002545 0.001747 0.001512 0.002964 0.002500 0.001720 0.001481 0.002906 0.002456 0.001694 0.001459 0.002849 0.002413 0.001657 0.001438 0.002794 0.002370 0.001632 0.001399 0.002739 0.002328 0.001595 0.001362 0.002685 0.002287 0.001571 0.001319 0.002632 0.002246 0.001536 0.001291 0.002580 0.002207 0.001502 0.001252 0.002529 0.002153 0.001448 0.001226 0.002478 0.002113 0.001407 0.001194 0.002428 0.002060 0.001366 0.001169 0.002378 0.002021 0.001325 0.001138 0.002325 0.001968 0.001285 0.001113 0.002266 0.001930 0.001245 0.001088 0.002219 0.001877 0.001208 0.001062 0.002165 0.001840 0.001163 0.001042 0.002103 0.001765 0.001125 0.001012 0.002045 0.001672 0.001100 0.000982 0.001979 0.001610 0.001068 0.000949 0.001927 0.001542 0.001039 0.000921 0.001848 0.001493 0.001016 0.000900 0.001759 0.001437 0.000989 0.000880 0.001701 0.001405 0.000971 0.000863 0.001619 0.001366 0.000949 0.000840 0.001584 0.001319 0.000926 0.000821 0.001539 0.001257 0.000907 0.000806 0.001495 0.001229 0.000885 0.000788 0.001451 0.001197 0.000870 0.000775 0.001409 0.001179 0.000854 0.000755 0.001381 0.001157 0.000806 0.000740 0.001351 0.001128 0.000795 0.000698 0.001320 0.001109 0.000774 0.000688 0.001295 0.001086 0.000764 0.000672 0.001265 0.001069 0.000752 0.000663 0.001221 0.001045 0.000734 0.000651 0.001194 0.000999 0.000724 0.000637 0.001173 0.000981 0.000690 0.000606 0.001156 0.000969 0.000675 0.000590 0.001132 0.000949 0.000664 0.000581 0.001112 0.000932 0.000656 0.000576 0.001087 0.000913 0.000642 0.000562 0.001054 0.000882 0.000609 0.000533 0.001036 0.000868 0.000603 0.000529 0.001006 0.000840 0.000596 0.000521 0.000973 0.000813 0.000585 0.000509 0.000961 0.000804 0.000573 0.000483 0.000950 0.000796 0.000546 0.000480 0.000935 0.000773 0.000543 0.000473 0.000911 0.000748 0.000536 0.000463 0.000879 0.000735 0.000525 0.000456 0.000869 0.000726 0.000498 0.000454 0.000853 0.000709 0.000495 0.000432 0.000825 0.000691 0.000490 0.000423 0.000812 0.000681 0.000466 0.000416 0.000792 0.000660 0.000456 0.000399 0.000766 0.000639 0.000450 0.000394 0.000759 0.000633 0.000429 0.000389 0.000745 0.000618 0.000428 0.000367 0.000721 0.000602 0.000423 0.000362 0.000709 0.000594 0.000418 0.000359 0.000687 0.000584 0.000394 0.000344 0.000672 0.000567 0.000390 0.000340 0.000666 0.000553 0.000386 0.000333 0.000657 0.000549 0.000386 0.000316 0.000647 0.000535 0.000368 0.000313 0.000628 0.000519 0.000363 0.000313 0.000616 0.000512 0.000355 0.000310 0.000599 0.000507 0.000352 0.000294 0.000583 0.000494 0.000339 0.000288 0.000578 0.000472 0.000335 0.000285 0.000563 0.000461 0.000304 0.000271 0.000539 0.000450 0.000301 0.000271 0.000528 0.000429 0.000301 0.000258 0.000525 0.000418 0.000286 0.000242 0.000525 0.000408 0.000269 0.000229 0.000525 0.000389 0.000256 0.000218 0.000525 0.000372 0.000245 0.000198 0.000525 0.000356 0.000231 0.000167 0.000525 0.000334 0.000219 0.000149 0.000525 0.000310 0.000209 0.000142 0.000525 0.000284 0.000196 0.000133 0.000525 0.000284 0.000188 0.000120 0.000525 0.000284 0.000167 0.000113 0.000525 0.000284 0.000160 0.000106 0.000525 0.000284 0.000149 0.000103 0.000525 0.000284 0.000137 0.000104 0.000525 0.000284 0.000133 0.000100 0.000525 0.000284 0.000178 0.000097 0.000525 0.000284 0.000120 0.000095 0.000525 0.000284 0.000120 0.000095 0.000525 0.000284 0.000120 0.000095 0.000525 0.000284 0.000120 0.000097 0.000525 0.000284 0.000120 0.000099 0.000525 0.000284 0.000120 0.000099 0.000525 0.000284 0.000120 0.000099 0.000525 0.000284 0.000120 0.000099 0.000525 0.000284 0.000120 0.000099 0.000525 0.000284 0.000120 0.000099 0.000525 0.000284 0.000120 0.000099 0.000525 0.000284 0.000120 0.000099 0.000525 0.000284 0.000120 0.000099 0.000525 0.000284 0.000120 0.000099 0.000525 0.000284 0.000120 0.000099 0.000525 0.000284 0.000120 0.000099 0.000525 0.000284 0.000120 0.000099 0.000525 0.000284 0.000120 0.000099 0.000525 0.000284 0.000120 0.000099 0.000525 0.000284 0.000120 0.000099 0.000525 0.000284 0.000120 0.000099 0.000525 0.000284 0.000120 0.000099 0.000525 0.000284 0.000120 0.000099 0.000525 0.000284 0.000120 0.000099 0.000525 0.000284 0.000120 0.000099 0.000525 0.000284 0.000120 0.000099 0.000525 0.000284 0.000120 0.000099 0.000525 0.000284 0.000120 0.000099 0.000525 0.000284 0.000120 0.000099 0.000525 0.000284 0.000120 0.000099 0.000525 0.000284 0.000120 0.000099 0.000525 0.000284 0.000120 0.000099 0.000525 0.000284 0.000120 0.000099 0.000525 0.000284 0.000120 0.000099 0.000525 0.000284 0.000120 0.000099 0.000525 0.000284 0.000120 0.000099 0.000525 0.000284 0.000120 0.000099 0.000525 0.000284 0.000120 0.000099 0.000525 0.000284 0.000120 0.000099 0.000525 0.000284 0.000120 0.000099 0.000525 0.000284 0.000120 0.000099 0.000525 0.000284 0.000120 0.000099 0.000525 0.000284 0.000120 0.000099 0.000525 0.000284 0.000120 0.000099 0.000525 0.000284 0.000120 0.000099 0.000525 0.000284 0.000120 0.000099 0.000525 0.000284 0.000120 0.000099 0.000525 0.000284 0.000120 0.000099 0.000525 0.000284 0.000120 0.000099 0.000525 0.000284 0.000120 0.000099 0.000525 0.000284 0.000120 0.000099 0.000525 0.000284 0.000120 0.000099 0.000525 0.000284 0.000120 0.000099 0.000525 0.000284 0.000120 0.000099 0.000525 0.000284 0.000120 0.000099 0.000525 0.000284 0.000120 0.000099  
0.000000 0.000000 0.000000 0.000000 0.000000 0.000000 0.000000 0.000000 0.000000 0.000000 0.000000 0.000000 0.000000 0.000000 0.000000 0.000000 0.000000 0.000000 0.000000 0.000000 0.000000 0.000000 0.000000 0.000000 0.000000 0.000000 0.000000 0.000000 0.000000 0.000000 0.000000 0.000000 0.000000 0.000000 0.000000 0.000000 0.000000 0.000000 0.000000 0.000000 0.000000 0.000000 0.000000 0.000000 0.000000 0.000000 0.000000 0.000000 0.000000 0.000000 0.000000 0.000000 0.000000 0.000000 0.000000 0.000000 0.000000 0.000000 0.000000 0.000000 0.000000 0.000000 0.000000 0.000000 0.000000 0.000000 0.000000 0.000000 0.000000 0.000000 0.000000 0.000000 0.000000 0.000000 0.000000 0.000000 0.000000 0.000000 0.000000 0.000000 0.000000 0.000000 0.000000 0.000000 0.000000 0.000000 0.000000 0.000000 0.000000 0.000000 0.000000 0.000000 0.000000 0.000000 0.000000 0.000000 0.000000 0.000000 0.000000 0.000000 0.000000 0.000000 0.000000 0.000000 0.000000 0.000000 0.000000 0.000000 0.000000 0.000000 0.000000 0.000000 0.000000 0.000000 0.000000 0.000000 0.000000 0.000000 0.000000 0.000000 0.000000 0.000000 0.000000 0.000000 0.000000 0.000000 0.000000 0.000000 0.000000 0.000000 0.000000 0.000000 0.000000 0.000000 0.000000 0.000000 0.000000 0.000000 0.000000 0.000000 0.000000 0.000000 0.000000 0.000000 0.000000 0.000000 0.000000 0.000000 0.000000 0.000000 0.000000 0.000000 0.000000 0.000000 0.000000 0.000000 0.000000 0.000000 0.000000 0.000000 0.000000 0.000000 0.000000 0.000000 0.000000 0.000000 0.000000 0.000000 0.000000 0.000000 0.000000 0.000000 0.000000 0.000000 0.000000 0.000000 0.000000 0.000000 0.000000 0.000000 0.000000 0.000000 0.000000 0.000000 0.000000 0.000000 0.000000 0.000000 0.000000 0.000000 0.000000 0.000000 0.000000 0.000000 0.000000 0.000000 0.000000 0.000000 0.000000 0.000000 0.000000 0.000000 0.000000 0.000000 0.000000 0.000000 0.000000 0.000000 0.000000 0.000000 0.000000 0.000000 0.000000 0.000000 0.000000 0.000000 0.000000 0.000000 0.000000 0.000000 0.000000 0.000000 0.000000 0.000000 0.000000 0.000000 0.000000 0.000000 0.000000 0.000000 0.000000 0.000000 0.000000 0.000000 0.000000 0.000000 0.000000 0.000000 0.000000 0.000000 0.000000 0.000000 0.000000 0.000000 0.000000 0.000000 0.000000 0.000000 0.000000 0.000000 0.000000 0.000000 0.000000 0.000000 0.000000 0.000000 0.000000 0.000000 0.000000 0.000000 0.000000 0.000000 0.000000 0.000000 0.000000 0.000000 0.000000 0.000000 0.000000 0.000000 0.000000 0.000000 0.000000 0.000000 0.000000 0.000000 0.000000 0.000000 0.000000 0.000000 0.000000 0.000000 0.000000 0.000000 0.000000 0.000000 0.000000 0.000000 0.000000 0.000000 0.000000 0.000000 0.000000 0.000000 0.000000 0.000000 0.000000 0.000000 0.000000 0.000000 0.000000 0.000000 0.000000 0.000000 0.000000 0.000000 0.000000 0.000000 0.000000 0.000000 0.000000 0.000000 0.000000 0.000000 0.000000 0.000000 0.000000 0.000000 0.000000 0.000000 0.000000 0.000000 0.000000 0.000000 0.000000 0.000000 0.000000 0.000000 0.000000 0.000000 0.000000 0.000000 0.000000 0.000000 0.000000 0.000000 0.000000 0.000000 0.000000 0.000000 0.000000 0.000000 0.000000 0.000000 0.000000 0.000000 0.000000 0.000000 0.000000 0.000000 0.000000 0.000000 0.000000 0.000000 0.000000 0.000000 0.000000 0.000000 0.000000 0.000000 0.000000 0.000000 0.000000 0.000000 0.000000 0.000000 0.000000 0.000000 0.000000 0.000000 0.000000 0.000000 0.000000 0.000000 0.000000 0.000000 0.000000 0.000000 0.000000 0.000000 0.000000 0.000000 0.000000 0.000000 0.000000 0.000000 0.000000 0.000000 0.000000 0.000000 0.000000 0.000000 0.000000 0.000000 0.000000 0.000000 0.000000 0.000000 0.000000 0.000000 0.000000 0.000000 0.000000 0.000000 0.000000 0.000000 0.000000 0.000000 0.000000 0.000000 0.000000 0.000000 0.000000 0.000000 0.000000 0.000000 0.000000 0.000000 0.000000 0.000000 0.000000 0.000000 0.000000 0.000000 0.000000 0.000000 0.000000 0.000000 0.000000 0.000000 0.000000 0.000000 0.000000 0.000000 0.000000 0.000000 0.000000 0.000000 0.000000 0.000000 0.000000 0.000000 0.000000 0.000000 0.000000 0.000000 0.000000 0.000000 0.000000 0.000000 0.000000 0.000000 0.000000 0.000000 0.000000 0.000000 0.000000 0.000000 0.000000 0.000000 0.000000 0.000000 0.000000 0.000000 0.000000 0.000000 0.000000 0.000000 0.000000 0.000000 0.000000 0.000000 0.000000 0.000000 0.000000 0.000000 0.000000 0.000000 0.000000 0.000000 0.000000 0.000000 0.000000 0.000000 0.000000 0.000000 0.000000 0.000000 0.000000 0.000000 0.000000 0.000000 0.000000 0.000000 0.000000 0.000000 0.000000 0.000000 0.000000 0.000000 0.000000 0.000000 0.000000 0.000000 0.000000 0.000000 0.000000 0.000000 0.000000 0.000000 0.000000 0.000000 0.000000 0.000000 0.000000 0.000000 0.000000 0.000000 0.000000 0.000000 0.000000 0.000000 0.000000 0.000000 0.000000 0.000000 0.000000 0.000000 0.000000 0.000000 0.000000 0.000000 0.000000 0.000000 0.000000 0.000000 0.000000 0.000000 0.000000 0.000000 0.000000 0.000000 0.000000 0.000000 0.000000 0.000000 0.000000 0.000000 0.000000 0.000000 0.000000 0.000000 0.000000 0.000000 0.000000 0.000000 0.000000 0.000000 0.000000 0.000000 0.000000 0.000000 0.000000 0.000000 0.000000 0.000000 0.000000 0.000000 0.000000 0.000000 0.000000 0.000000 0.000000 0.000000 0.000000 0.000000 0.000000 0.000000 0.000000 0.000000 0.000000 0.000000 0.000000 0.000000 0.000000 0.000000 0.000000 0.000000 0.000000 0.000000 0.000000 0.000000 0.000000 0.000000 0.000000 0.000000 0.000000 0.000000 0.000000 0.000000 0.000000 0.000000 0.000000 0.000000 0.000000 0.000000 0.000000 0.000000 0.000000 0.000000 0.000000 0.000000 0.000000 0.000000 0.000000 0.000000 0.000000 0.000000 0.000000 0.000000 0.000000 0.000000 0.000000 0.000000 0.000000 0.000000 0.000000 0.000000 0.000000 0.000000 0.000000 0.000000 0.000000 0.000000 0.000000 0.000000 0.000000 0.000000 0.000000 0.000000 0.000000 0.000000 0.000000 0.000000 0.000000 0.000000 0.000000 0.000000 0.000000 0.000000 0.000000 0.000000 0.000000 0.000000 0.000000 0.000000 0.000000 0.000000 0.000000 0.000000 0.000000 0.000000 0.000000 0.000000 0.000000 0.000000 0.000000 0.000000 0.000000 0.000000 0.000000 0.000000 0.000000 0.000000 0.000000 0.000000 0.000000 0.000000 0.000000 0.000000 0.000000 0.000000 0.000000 0.000000 0.000000 0.000000 0.000000 0.000000 0.000000 0.000000 0.000000 0.000000 0.000000 0.000000 0.000000 0.000000 0.000000 0.000000 0.000000 0.000000 0.000000 0.000000 0.000000 0.000000 0.000000 0.000000 0.000000 0.000000 0.000000 0.000000 0.000000 0.000000 0.000000 0.000000 0.000000 0.000000 0.000000 0.000000 0.000000 0.000000 0.000000 0.000000 0.000000 0.000000  
0.000000 0.000000 0.000000 0.000000 0.000000 0.000000 0.000000 0.000000 0.000000 0.000000 0.000000 0.000000 0.000000 0.000000 0.000000 0.000000 0.000000 0.000000 0.000000 0.000000 0.000000 0.000000 0.000000 0.000000 0.000000 0.000000 0.000000 0.000000 0.000000 0.000000 0.000000 0.000000 0.000000 0.000000 0.000000 0.000000 0.000000 0.000000 0.000000 0.000000 0.000000 0.000000 0.000000 0.000000 0.000000 0.000000 0.000000 0.000000 0.000000 0.000000 0.000000 0.000000 0.000000 0.000000 0.000000 0.000000 0.000000 0.000000 0.000000 0.000000 0.000000 0.000000 0.000000 0.000000 0.000000 0.000000 0.000000 0.000000 0.000000 0.000000 0.000000 0.000000 0.000000 0.000000 0.000000 0.000000 0.000000 0.000000 0.000000 0.000000 0.000000 0.000000 0.000000 0.000000 0.000000 0.000000 0.000000 0.000000 0.000000 0.000000 0.000000 0.000000 0.000000 0.000000 0.000000 0.000000 0.000000 0.000000 0.000000 0.000000 0.000000 0.000000 0.000000 0.000000 0.000000 0.000000 0.000000 0.000000 0.000000 0.000000 0.000000 0.000000 0.000000 0.000000 0.000000 0.000000 0.000000 0.000000 0.000000 0.000000 0.000000 0.000000 0.000000 0.000000 0.000000 0.000000 0.000000 0.000000 0.000000 0.000000 0.000000 0.000000 0.000000 0.000000 0.000000 0.000000 0.000000 0.000000 0.000000 0.000000 0.000000 0.000000 0.000000 0.000000 0.000000 0.000000 0.000000 0.000000 0.000000 0.000000 0.000000 0.000000 0.000000 0.000000 0.000000 0.000000 0.000000 0.000000 0.000000 0.000000 0.000000 0.000000 0.000000 0.000000 0.000000 0.000000 0.000000 0.000000 0.000000 0.000000 0.000000 0.000000 0.000000 0.000000 0.000000 0.000000 0.000000 0.000000 0.000000 0.000000 0.000000 0.000000 0.000000 0.000000 0.000000 0.000000 0.000000 0.000000 0.000000 0.000000 0.000000 0.000000 0.000000 0.000000 0.000000 0.000000 0.000000 0.000000 0.000000 0.000000 0.000000 0.000000 0.000000 0.000000 0.000000 0.000000 0.000000 0.000000 0.000000 0.000000 0.000000 0.000000 0.000000 0.000000 0.000000 0.000000 0.000000 0.000000 0.000000 0.000000 0.000000 0.000000 0.000000 0.000000 0.000000 0.000000 0.000000 0.000000 0.000000 0.000000 0.000000 0.000000 0.000000 0.000000 0.000000 0.000000 0.000000 0.000000 0.000000 0.000000 0.000000 0.000000 0.000000 0.000000 0.000000 0.000000 0.000000 0.000000 0.000000 0.000000 0.000000 0.000000 0.000000 0.000000 0.000000 0.000000 0.000000 0.000000 0.000000 0.000000 0.000000 0.000000 0.000000 0.000000 0.000000 0.000000 0.000000 0.000000 0.000000 0.000000 0.000000 0.000000 0.000000 0.000000 0.000000 0.000000 0.000000 0.000000 0.000000 0.000000 0.000000 0.000000 0.000000 0.000000 0.000000 0.000000 0.000000 0.000000 0.000000 0.000000 0.000000 0.000000 0.000000 0.000000 0.000000 0.000000 0.000000 0.000000 0.000000 0.000000 0.000000 0.000000 0.000000 0.000000 0.000000 0.000000 0.000000 0.000000 0.000000 0.000000 0.000000 0.000000 0.000000 0.000000 0.000000 0.000000 0.000000 0.000000 0.000000 0.000000 0.000000 0.000000 0.000000 0.000000 0.000000 0.000000 0.000000 0.000000 0.000000 0.000000 0.000000 0.000000 0.000000 0.000000 0.000000 0.000000 0.000000 0.000000 0.000000 0.000000 0.000000 0.000000 0.000000 0.000000 0.000000 0.000000 0.000000 0.000000 0.000000 0.000000 0.000000 0.000000 0.000000 0.000000 0.000000 0.000000 0.000000 0.000000 0.000000 0.000000 0.000000 0.000000 0.000000 0.000000 0.000000 0.000000 0.000000 0.000000 0.000000 0.000000 0.000000 0.000000 0.000000 0.000000 0.000000 0.000000 0.000000 0.000000 0.000000 0.000000 0.000000 0.000000 0.000000 0.000000 0.000000 0.000000 0.000000 0.000000 0.000000 0.000000 0.000000 0.000000 0.000000 0.000000 0.000000 0.000000 0.000000 0.000000 0.000000 0.000000 0.000000 0.000000 0.000000 0.000000 0.000000 0.000000 0.000000 0.000000 0.000000 0.000000 0.000000 0.000000 0.000000 0.000000 0.000000 0.000000 0.000000 0.000000 0.000000 0.000000 0.000000 0.000000 0.000000 0.000000 0.000000 0.000000 0.000000 0.000000 0.000000 0.000000 0.000000 0.000000 0.000000 0.000000 0.000000 0.000000 0.000000 0.000000 0.000000 0.000000 0.000000 0.000000 0.000000 0.000000 0.000000 0.000000 0.000000 0.000000 0.000000 0.000000 0.000000 0.000000 0.000000 0.000000 0.000000 0.000000 0.000000 0.000000 0.000000 0.000000 0.000000 0.000000 0.000000 0.000000 0.000000 0.000000 0.000000 0.000000 0.000000 0.000000 0.000000 0.000000 0.000000 0.000000 0.000000 0.000000 0.000000 0.000000 0.000000 0.000000 0.000000 0.000000 0.000000 0.000000 0.000000 0.000000 0.000000 0.000000 0.000000 0.000000 0.000000 0.000000 0.000000 0.000000 0.000000 0.000000 0.000000 0.000000 0.000000 0.000000 0.000000 0.000000 0.000000 0.000000 0.000000 0.000000 0.000000 0.000000 0.000000 0.000000 0.000000 0.000000 0.000000 0.000000 0.000000 0.000000 0.000000 0.000000 0.000000 0.000000 0.000000 0.000000 0.000000 0.000000 0.000000 0.000000 0.000000 0.000000 0.000000 0.000000 0.000000 0.000000 0.000000 0.000000 0.000000 0.000000 0.000000 0.000000 0.000000 0.000000 0.000000 0.000000 0.000000 0.000000 0.000000 0.000000 0.000000 0.000000 0.000000 0.000000 0.000000 0.000000 0.000000 0.000000 0.000000 0.000000 0.000000 0.000000 0.000000 0.000000 0.000000 0.000000 0.000000 0.000000 0.000000 0.000000 0.000000 0.000000 0.000000 0.000000 0.000000 0.000000 0.000000 0.000000 0.000000 0.000000 0.000000 0.000000 0.000000 0.000000 0.000000 0.000000 0.000000 0.000000 0.000000 0.000000 0.000000 0.000000 0.000000 0.000000 0.000000 0.000000 0.000000 0.000000 0.000000 0.000000 0.000000 0.000000 0.000000 0.000000 0.000000 0.000000 0.000000 0.000000 0.000000 0.000000 0.000000 0.000000 0.000000 0.000000 0.000000 0.000000 0.000000 0.000000 0.000000 0.000000 0.000000 0.000000 0.000000 0.000000 0.000000 0.000000 0.000000 0.000000 0.000000 0.000000 0.000000 0.000000 0.000000 0.000000 0.000000 0.000000 0.000000 0.000000 0.000000 0.000000 0.000000 0.000000 0.000000 0.000000 0.000000 0.000000 0.000000 0.000000 0.000000 0.000000 0.000000 0.000000 0.000000 0.000000 0.000000 0.000000 0.000000 0.000000 0.000000 0.000000 0.000000 0.000000 0.000000 0.000000 0.000000 0.000000 0.000000 0.000000 0.000000 0.000000 0.000000 0.000000 0.000000 0.000000 0.000000 0.000000 0.000000 0.000000 0.000000 0.000000 0.000000 0.000000 0.000000 0.000000 0.000000 0.000000 0.000000 0.000000 0.000000 0.000000 0.000000 0.000000 0.000000 0.000000 0.000000 0.000000 0.000000 0.000000 0.000000 0.000000 0.000000 0.000000 0.000000 0.000000 0.000000 0.000000 0.000000 0.000000 0.000000 0.000000 0.000000 0.000000 0.000000 0.000000 0.000000 0.000000 0.000000 0.000000 0.000000 0.000000 0.000000 0.000000 0.000000 0.000000 0.000000 0.000000 0.000000 0.000000  
0.012364 0.009999 0.006777 0.005770 0.012364 0.009999 0.006777 0.005770 0.012364 0.009999 0.006777 0.005770 0.012364 0.009999 0.006777 0.005770 0.012364 0.009999 0.006777 0.005770 0.012364 0.009999 0.006777 0.005770 0.012364 0.009999 0.006777 0.005770 0.012364 0.009999 0.006777 0.005770 0.012364 0.009999 0.006777 0.005770 0.012364 0.009999 0.006777 0.005770 0.012364 0.009999 0.006777 0.005770 0.012364 0.009999 0.006777 0.005770 0.012364 0.009999 0.006777 0.005770 0.012364 0.009999 0.006777 0.005770 0.012364 0.009999 0.006777 0.005770 0.012364 0.009999 0.006777 0.005770 0.012364 0.009999 0.006777 0.005770 0.012364 0.009999 0.006777 0.005770 0.012364 0.009999 0.006777 0.005770 0.012364 0.009999 0.006777 0.005770 0.012364 0.009999 0.006777 0.005770 0.012556 0.010141 0.006861 0.005838 0.012754 0.010286 0.006946 0.005907 0.012957 0.010435 0.007034 0.005978 0.013166 0.010588 0.007122 0.006049 0.013381 0.010744 0.007213 0.006122 0.013603 0.010904 0.007305 0.006195 0.013831 0.011069 0.007398 0.006270 0.014066 0.011237 0.007494 0.006347 0.014310 0.011411 0.007592 0.006746 0.014562 0.011589 0.007691 0.006831 0.014822 0.011771 0.007793 0.006918 0.015092 0.011959 0.007897 0.007006 0.015371 0.012153 0.008002 0.007097 0.015662 0.012353 0.008111 0.007554 0.015963 0.012559 0.008221 0.007655 0.016278 0.012771 0.008754 0.007759 0.016605 0.012990 0.008878 0.008263 0.016948 0.013216 0.009005 0.008379 0.017307 0.013450 0.009600 0.008498 0.017683 0.013693 0.009743 0.009484 0.018076 0.013944 0.010391 0.010513 0.018491 0.014205 0.010554 0.012031 0.018928 0.014476 0.011255 0.012704 0.019390 0.014758 0.011995 0.014329 0.019880 0.015661 0.013944 0.015099 0.020401 0.016047 0.015427 0.016388 0.020957 0.017079 0.017020 0.017270 0.021553 0.017523 0.018746 0.018713 0.022392 0.018709 0.020643 0.019752 0.023543 0.019227 0.022768 0.020883 0.024283 0.020609 0.024463 0.022131 0.025369 0.021228 0.026806 0.022896 0.026929 0.024148 0.029490 0.024542 0.028410 0.028713 0.031177 0.025900 0.030594 0.032365 0.034598 0.028533 0.032519 0.039058 0.038456 0.031532 0.035909 0.044286 0.040481 0.033439 0.039042 0.052829 0.044995 0.035671 0.044949 0.057060 0.048328 0.038273 0.056489 0.063328 0.050724 0.042696 0.060511 0.069520 0.056470 0.045047 0.067507 0.075635 0.059567 0.048692 0.074628 0.080125 0.065479 0.051127 0.084753 0.089706 0.069927 0.055332 0.097797 0.094304 0.073588 0.061336 0.101088 0.098511 0.076314 0.064744 0.106957 0.105357 0.081750 0.067415 0.116577 0.112786 0.087432 0.072832 0.120020 0.117112 0.093103 0.075975 0.124110 0.124739 0.097223 0.081514 0.129455 0.128635 0.100659 0.085412 0.136714 0.132583 0.106213 0.088664 0.143461 0.139059 0.110820 0.094793 0.148991 0.145206 0.114651 0.101298 0.154935 0.151340 0.123384 0.105366 0.158553 0.155019 0.128188 0.112182 0.163841 0.159985 0.132282 0.116213 0.171115 0.167981 0.135833 0.119780 0.175838 0.171996 0.142597 0.127335 0.181531 0.175731 0.147573 0.131449 0.185360 0.179506 0.151831 0.135655 0.191028 0.186224 0.155775 0.139530 0.198382 0.193099 0.159798 0.147609 0.202346 0.197173 0.167703 0.151766 0.207072 0.201094 0.171974 0.156273 0.213027 0.205120 0.176470 0.160367 0.217791 0.211588 0.183513 0.168919 0.224078 0.218598 0.191627 0.173061 0.230653 0.223331 0.196259 0.177869 0.234879 0.227630 0.200285 0.185614 0.239045 0.231783 0.204993 0.194358 0.244671 0.237666 0.209220 0.198837 0.252789 0.244745 0.213874 0.203146 0.258107 0.250616 0.222239 0.208001 0.262816 0.255605 0.226607 0.212380 0.267633 0.260311 0.230907 0.217819 0.272416 0.265044 0.235592 0.226129 0.281230 0.269807 0.239934 0.230426 0.289434 0.275330 0.244931 0.235755 0.295304 0.282061 0.253610 0.239829 0.301134 0.288280 0.257932 0.244487 0.307450 0.293724 0.262382 0.254075 0.314951 0.299388 0.272225 0.258718 0.322190 0.306317 0.277909 0.262958 0.329083 0.316728 0.287179 0.268569 0.337587 0.326277 0.292495 0.272997 0.346313 0.334264 0.298362 0.277901 0.354883 0.342530 0.304065 0.288341 0.365687 0.349654 0.314489 0.293336 0.374872 0.358496 0.320375 0.299604 0.379872 0.367783 0.327139 0.304674 0.384872 0.376057 0.333863 0.310853 0.389872 0.386032 0.344676 0.321188 0.394872 0.396685 0.352281 0.328063 0.399872 0.408283 0.359605 0.333708 0.404872 0.421289 0.371375 0.345629 0.409872 0.428754 0.379819 0.351947 0.414872 0.433754 0.393146 0.360170 0.419872 0.438754 0.402438 0.370527 0.424872 0.443754 0.416918 0.380956 0.429872 0.448754 0.427193 0.393045 0.434872 0.453754 0.443231 0.405153 0.439872 0.458754 0.463319 0.418916 0.444872 0.463754 0.486380 0.430442 0.449872 0.468754 0.509953 0.442910 0.454872 0.473754 0.514953 0.462487 0.459872 0.478754 0.519953 0.481401 0.464872 0.483754 0.524953 0.506448 0.469872 0.488754 0.529953 0.526535 0.474872 0.493754 0.534953 0.531535 0.479872 0.498754 0.539953 0.536535 0.484872 0.503754 0.544953 0.541535 0.489872 0.508754 0.549953 0.546535 0.494872 0.513754 0.554953 0.551535 0.499872 0.518754 0.559953 0.556535 0.504872 0.523754 0.564953 0.561535 0.509872 0.528754 0.569953 0.566535 0.514872 0.533754 0.574953 0.571535 0.519872 0.538754 0.579953 0.576535 0.524872 0.543754 0.584953 0.581535 0.529872 0.548754 0.589953 0.586535 0.534872 0.553754 0.594953 0.591535 0.539872 0.558754 0.599953 0.596535 0.544872 0.563754 0.604953 0.601535 0.549872 0.568754 0.609953 0.606535 0.554872 0.573754 0.614953 0.611535 0.559872 0.578754 0.619953 0.616535 0.564872 0.583754 0.624953 0.621535 0.569872 0.588754 0.629953 0.626535 0.574872 0.593754 0.634953 0.631535 0.579872 0.598754 0.639953 0.636535 0.584872 0.603754 0.644953 0.641535 0.589872 0.608754 0.649953 0.646535 0.594872 0.613754 0.654953 0.651535 0.599872 0.618754 0.659953 0.656535 0.604872 0.623754 0.664953 0.661535 0.609872 0.628754 0.669953 0.666535 0.614872 0.633754 0.674953 0.671535 0.619872 0.638754 0.679953 0.676535 0.624872 0.643754 0.684953 0.681535 0.629872 0.648754 0.689953 0.686535 0.634872 0.653754 0.694953 0.691535 0.639872 0.658754 0.699953 0.696535 0.644872 0.663754 0.704953 0.701535 0.649872 0.668754 0.709953 0.706535 0.654872 0.673754 0.714953 0.711535 0.659872 0.678754 0.719953 0.716535 0.664872 0.683754 0.724953 0.721535 0.669872 0.688754 0.729953 0.726535 0.674872 0.693754 0.734953 0.731535 0.679872 0.698754 0.739953 0.736535 0.684872 0.703754 0.744953 0.741535 0.689872 0.708754 0.749953 0.746535 0.694872 0.713754 0.754953 0.751535 0.699872 0.718754 0.759953 0.756535 0.704872 0.723754 0.764953 0.761535 0.709872 0.728754 0.769953 0.766535 0.714872 0.733754 0.774953 0.771535 0.719872 0.738754 0.779953 0.776535 0.724872 0.743754 0.784953 0.781535  
0.012364 0.009999 0.006777 0.005770 0.012364 0.009999 0.006777 0.005770 0.012364 0.009999 0.006777 0.005770 0.012364 0.009999 0.006777 0.005770 0.012364 0.009999 0.006777 0.005770 0.012364 0.009999 0.006777 0.005770 0.012364 0.009999 0.006777 0.005770 0.012364 0.009999 0.006777 0.005770 0.012364 0.009999 0.006777 0.005770 0.012364 0.009999 0.006777 0.005770 0.012364 0.009999 0.006777 0.005770 0.012364 0.009999 0.006777 0.005770 0.012364 0.009999 0.006777 0.005770 0.012364 0.009999 0.006777 0.005770 0.012364 0.009999 0.006777 0.005770 0.012364 0.009999 0.006777 0.005770 0.012364 0.009999 0.006777 0.005770 0.012364 0.009999 0.006777 0.005770 0.012364 0.009999 0.006777 0.005770 0.012364 0.009999 0.006777 0.005770 0.012364 0.009999 0.006777 0.005770 0.012556 0.010141 0.006861 0.005838 0.012754 0.010286 0.006946 0.005907 0.012957 0.010435 0.007034 0.005978 0.013166 0.010588 0.007122 0.006049 0.013381 0.010744 0.007213 0.006122 0.013603 0.010904 0.007305 0.006195 0.013831 0.011069 0.007398 0.006270 0.014066 0.011237 0.007494 0.006347 0.014310 0.011411 0.007592 0.006746 0.014562 0.011589 0.007691 0.006831 0.014822 0.011771 0.007793 0.006918 0.015092 0.011959 0.007897 0.007006 0.015371 0.012153 0.008002 0.007097 0.015662 0.012353 0.008111 0.007554 0.015963 0.012559 0.008221 0.007655 0.016278 0.012771 0.008754 0.007759 0.016605 0.012990 0.008878 0.008263 0.016948 0.013216 0.009005 0.008379 0.017307 0.013450 0.009600 0.008498 0.017683 0.013693 0.009743 0.009484 0.018076 0.013944 0.010391 0.010513 0.018491 0.014205 0.010554 0.012031 0.018928 0.014476 0.011255 0.012704 0.019390 0.014758 0.011995 0.014329 0.019880 0.015661 0.013944 0.015099 0.020401 0.016047 0.015427 0.016388 0.020957 0.017079 0.017020 0.017270 0.021553 0.017523 0.018746 0.018713 0.022392 0.018709 0.020643 0.019752 0.023543 0.019227 0.022768 0.020883 0.024283 0.020609 0.024463 0.022131 0.025369 0.021228 0.026806 0.022896 0.026929 0.024148 0.029490 0.024542 0.028410 0.028713 0.031177 0.025900 0.030594 0.032365 0.034598 0.028533 0.032519 0.039058 0.038456 0.031532 0.035909 0.044286 0.040481 0.033439 0.039042 0.052829 0.044995 0.035671 0.044949 0.057060 0.048328 0.038273 0.056489 0.063328 0.050724 0.042696 0.060511 0.069520 0.056470 0.045047 0.067507 0.075635 0.059567 0.048692 0.074628 0.080125 0.065479 0.051127 0.084753 0.089706 0.069927 0.055332 0.097797 0.094304 0.073588 0.061336 0.101088 0.098511 0.076314 0.064744 0.106957 0.105357 0.081750 0.067415 0.116577 0.112786 0.087432 0.072832 0.120020 0.117112 0.093103 0.075975 0.124110 0.124739 0.097223 0.081514 0.129455 0.128635 0.100659 0.085412 0.136714 0.132583 0.106213 0.088664 0.143461 0.139059 0.110820 0.094793 0.148991 0.145206 0.114651 0.101298 0.154935 0.151340 0.123384 0.105366 0.158553 0.155019 0.128188 0.112182 0.163841 0.159985 0.132282 0.116213 0.171115 0.167981 0.135833 0.119780 0.175838 0.171996 0.142597 0.127335 0.181531 0.175731 0.147573 0.131449 0.185360 0.179506 0.151831 0.135655 0.191028 0.186224 0.155775 0.139530 0.198382 0.193099 0.159798 0.147609 0.202346 0.197173 0.167703 0.151766 0.207072 0.201094 0.171974 0.156273 0.213027 0.205120 0.176470 0.160367 0.217791 0.211588 0.183513 0.168919 0.224078 0.218598 0.191627 0.173061 0.230653 0.223331 0.196259 0.177869 0.234879 0.227630 0.200285 0.185614 0.239045 0.231783 0.204993 0.194358 0.244671 0.237666 0.209220 0.198837 0.252789 0.244745 0.213874 0.203146 0.258107 0.250616 0.222239 0.208001 0.262816 0.255605 0.226607 0.212380 0.267633 0.260311 0.230907 0.217819 0.272416 0.265044 0.235592 0.226129 0.281230 0.269807 0.239934 0.230426 0.289434 0.275330 0.244931 0.235755 0.295304 0.282061 0.253610 0.239829 0.301134 0.288280 0.257932 0.244487 0.307450 0.293724 0.262382 0.254075 0.314951 0.299388 0.272225 0.258718 0.322190 0.306317 0.277909 0.262958 0.329083 0.316728 0.287179 0.268569 0.337587 0.326277 0.292495 0.272997 0.346313 0.334264 0.298362 0.277901 0.354883 0.342530 0.304065 0.288341 0.365687 0.349654 0.314489 0.293336 0.374872 0.358496 0.320375 0.299604 0.379872 0.367783 0.327139 0.304674 0.384872 0.376057 0.333863 0.310853 0.389872 0.386032 0.344676 0.321188 0.394872 0.396685 0.352281 0.328063 0.399872 0.408283 0.359605 0.333708 0.404872 0.421289 0.371375 0.345629 0.409872 0.428754 0.379819 0.351947 0.414872 0.433754 0.393146 0.360170 0.419872 0.438754 0.402438 0.370527 0.424872 0.443754 0.416918 0.380956 0.429872 0.448754 0.427193 0.393045 0.434872 0.453754 0.443231 0.405153 0.439872 0.458754 0.463319 0.418916 0.444872 0.463754 0.486380 0.430442 0.449872 0.468754 0.509953 0.442910 0.454872 0.473754 0.514953 0.462487 0.459872 0.478754 0.519953 0.481401 0.464872 0.483754 0.524953 0.506448 0.469872 0.488754 0.529953 0.526535 0.474872 0.493754 0.534953 0.531535 0.479872 0.498754 0.539953 0.536535 0.484872 0.503754 0.544953 0.541535 0.489872 0.508754 0.549953 0.546535 0.494872 0.513754 0.554953 0.551535 0.499872 0.518754 0.559953 0.556535 0.504872 0.523754 0.564953 0.561535 0.509872 0.528754 0.569953 0.566535 0.514872 0.533754 0.574953 0.571535 0.519872 0.538754 0.579953 0.576535 0.524872 0.543754 0.584953 0.581535 0.529872 0.548754 0.589953 0.586535 0.534872 0.553754 0.594953 0.591535 0.539872 0.558754 0.599953 0.596535 0.544872 0.563754 0.604953 0.601535 0.549872 0.568754 0.609953 0.606535 0.554872 0.573754 0.614953 0.611535 0.559872 0.578754 0.619953 0.616535 0.564872 0.583754 0.624953 0.621535 0.569872 0.588754 0.629953 0.626535 0.574872 0.593754 0.634953 0.631535 0.579872 0.598754 0.639953 0.636535 0.584872 0.603754 0.644953 0.641535 0.589872 0.608754 0.649953 0.646535 0.594872 0.613754 0.654953 0.651535 0.599872 0.618754 0.659953 0.656535 0.604872 0.623754 0.664953 0.661535 0.609872 0.628754 0.669953 0.666535 0.614872 0.633754 0.674953 0.671535 0.619872 0.638754 0.679953 0.676535 0.624872 0.643754 0.684953 0.681535 0.629872 0.648754 0.689953 0.686535 0.634872 0.653754 0.694953 0.691535 0.639872 0.658754 0.699953 0.696535 0.644872 0.663754 0.704953 0.701535 0.649872 0.668754 0.709953 0.706535 0.654872 0.673754 0.714953 0.711535 0.659872 0.678754 0.719953 0.716535 0.664872 0.683754 0.724953 0.721535 0.669872 0.688754 0.729953 0.726535 0.674872 0.693754 0.734953 0.731535 0.679872 0.698754 0.739953 0.736535 0.684872 0.703754 0.744953 0.741535 0.689872 0.708754 0.749953 0.746535 0.694872 0.713754 0.754953 0.751535 0.699872 0.718754 0.759953 0.756535 0.704872 0.723754 0.764953 0.761535 0.709872 0.728754 0.769953 0.766535 0.714872 0.733754 0.774953 0.771535 0.719872 0.738754 0.779953 0.776535 0.724872 0.743754 0.784953 0.781535  
0.000010 0.000010 0.000010 0.000010 0.000010 0.000010 0.000010 0.000010 0.000010 0.000010 0.000010 0.000010 0.000010 0.000010 0.000010 0.000010 0.000010 0.000010 0.000010 0.000010 0.000010 0.000010 0.000010 0.000010 0.000010 0.000010 0.000010 0.000010 0.000010 0.000010 0.000010 0.000010 0.000010 0.000010 0.000010 0.000010 0.000010 0.000010 0.000010 0.000010 0.000010 0.000010 0.000010 0.000010 0.000010 0.000010 0.000010 0.000010 0.000010 0.000010 0.000010 0.000010 0.000010 0.000010 0.000010 0.000010 0.000010 0.000010 0.000010 0.000010 0.000010 0.000010 0.000010 0.000010 0.000010 0.000010 0.000010 0.000010 0.000010 0.000010 0.000010 0.000010 0.000010 0.000010 0.000010 0.000010 0.000010 0.000010 0.000010 0.000010 0.000010 0.000010 0.000010 0.000010 0.000010 0.000010 0.000010 0.000010 0.000010 0.000010 0.000010 0.000010 0.000010 0.000010 0.000010 0.000010 0.000010 0.000010 0.000010 0.000010 0.000010 0.000010 0.000010 0.000010 0.000010 0.000010 0.000010 0.000010 0.000010 0.000010 0.000010 0.000010 0.000010 0.000010 0.000010 0.000010 0.000010 0.000010 0.000010 0.000010 0.000010 0.000010 0.000010 0.000010 0.000010 0.000010 0.000010 0.000010 0.000010 0.000010 0.000010 0.000010 0.000010 0.000010 0.000010 0.000010 0.000010 0.000010 0.000010 0.000010 0.000010 0.000010 0.000010 0.000010 0.000010 0.000010 0.000010 0.000010 0.000010 0.000010 0.000010 0.000010 0.000010 0.000010 0.000010 0.000010 0.000010 0.000010 0.000010 0.000010 0.000010 0.000010 0.000010 0.000010 0.000010 0.000010 0.000010 0.000010 0.000010 0.000010 0.000010 0.000010 0.000010 0.000010 0.000010 0.000010 0.000010 0.000010 0.000010 0.000010 0.000010 0.000010 0.000010 0.000010 0.000010 0.000010 0.000010 0.000010 0.000010 0.000010 0.000010 0.000010 0.000010 0.000010 0.000010 0.000010 0.000010 0.000010 0.000010 0.000010 0.000010 0.000010 0.000010 0.000010 0.000010 0.000010 0.000010 0.000010 0.000010 0.000010 0.000010 0.000010 0.000010 0.000010 0.000010 0.000010 0.000010 0.000010 0.000010 0.000010 0.000010 0.000010 0.000010 0.000010 0.000010 0.000010 0.000010 0.000010 0.000010 0.000010 0.000010 0.000010 0.000010 0.000010 0.000010 0.000010 0.000010 0.000010 0.000010 0.000010 0.000010 0.000010 0.000010 0.000010 0.000010 0.000010 0.000010 0.000010 0.000010 0.000010 0.000010 0.000010 0.000010 0.000010 0.000010 0.000010 0.000010 0.000010 0.000010 0.000010 0.000010 0.000010 0.000010 0.000010 0.000010 0.000010 0.000010 0.000010 0.000010 0.000010 0.000010 0.000010 0.000010 0.000010 0.000010 0.000010 0.000010 0.000010 0.000010 0.000010 0.000010 0.000010 0.000010 0.000010 0.000010 0.000010 0.000010 0.000010 0.000010 0.000010 0.000010 0.000010 0.000010 0.000010 0.000010 0.000010 0.000010 0.000010 0.000010 0.000010 0.000010 0.000010 0.000010 0.000010 0.000010 0.000010 0.000010 0.000010 0.000010 0.000010 0.000010 0.000010 0.000010 0.000010 0.000010 0.000010 0.000010 0.000010 0.000010 0.000010 0.000010 0.000010 0.000010 0.000010 0.000010 0.000010 0.000010 0.000010 0.000010 0.000010 0.000010 0.000010 0.000010 0.000010 0.000010 0.000010 0.000010 0.000010 0.000010 0.000010 0.000010 0.000010 0.000010 0.000010 0.000010 0.000010 0.000010 0.000010 0.000010 0.000010 0.000010 0.000010 0.000010 0.000010 0.000010 0.000010 0.000010 0.000010 0.000010 0.000010 0.000010 0.000010 0.000010 0.000010 0.000010 0.000010 0.000010 0.000010 0.000010 0.000010 0.000010 0.000010 0.000010 0.000010 0.000010 0.000010 0.000010 0.000010 0.000010 0.000010 0.000010 0.000010 0.000010 0.000010 0.000010 0.000010 0.000010 0.000010 0.000010 0.000010 0.000010 0.000010 0.000010 0.000010 0.000010 0.000010 0.000010 0.000010 0.000010 0.000010 0.000010 0.000010 0.000010 0.000010 0.000010 0.000010 0.000010 0.000010 0.000010 0.000010 0.000010 0.000010 0.000010 0.000010 0.000010 0.000010 0.000010 0.000010 0.000010 0.000010 0.000010 0.000010 0.000010 0.000010 0.000010 0.000010 0.000010 0.000010 0.000010 0.000010 0.000010 0.000010 0.000010 0.000010 0.000010 0.000010 0.000010 0.000010 0.000010 0.000010 0.000010 0.000010 0.000010 0.000010 0.000010 0.000010 0.000010 0.000010 0.000010 0.000010 0.000010 0.000010 0.000010 0.000010 0.000010 0.000010 0.000010 0.000010 0.000010 0.000010 0.000010 0.000010 0.000010 0.000010 0.000010 0.000010 0.000010 0.000010 0.000010 0.000010 0.000010 0.000010 0.000010 0.000010 0.000010 0.000010 0.000010 0.000010 0.000010 0.000010 0.000010 0.000010 0.000010 0.000010 0.000010 0.000010 0.000010 0.000010 0.000010 0.000010 0.000010 0.000010 0.000010 0.000010 0.000010 0.000010 0.000010 0.000010 0.000010 0.000010 0.000010 0.000010 0.000010 0.000010 0.000010 0.000010 0.000010 0.000010 0.000010 0.000010 0.000010 0.000010 0.000010 0.000010 0.000010 0.000010 0.000010 0.000010 0.000010 0.000010 0.000010 0.000010 0.000010 0.000010 0.000010 0.000010 0.000010 0.000010 0.000010 0.000010 0.000010 0.000010 0.000010 0.000010 0.000010 0.000010 0.000010 0.000010 0.000010 0.000010 0.000010 0.000010 0.000010 0.000010 0.000010 0.000010 0.000010 0.000010 0.000010 0.000010 0.000010 0.000010 0.000010 0.000010 0.000010 0.000010 0.000010 0.000010 0.000010 0.000010 0.000010 0.000010 0.000010 0.000010 0.000010 0.000010 0.000010 0.000010 0.000010 0.000010 0.000010 0.000010 0.000010 0.000010 0.000010 0.000010 0.000010 0.000010 0.000010 0.000010 0.000010 0.000010 0.000010 0.000010 0.000010 0.000010 0.000010 0.000010 0.000010 0.000010 0.000010 0.000010 0.000010 0.000010 0.000010 0.000010 0.000010 0.000010 0.000010 0.000010 0.000010 0.000010 0.000010 0.000010 0.000010 0.000010 0.000010 0.000010 0.000010 0.000010 0.000010 0.000010 0.000010 0.000010 0.000010 0.000010 0.000010 0.000010 0.000010 0.000010 0.000010 0.000010 0.000010 0.000010 0.000010 0.000010 0.000010 0.000010 0.000010 0.000010 0.000010 0.000010 0.000010 0.000010 0.000010 0.000010 0.000010 0.000010 0.000010 0.000010 0.000010 0.000010 0.000010 0.000010 0.000010 0.000010 0.000010 0.000010 0.000010 0.000010 0.000010 0.000010 0.000010 0.000010 0.000010 0.000010 0.000010 0.000010 0.000010 0.000010 0.000010 0.000010 0.000010 0.000010 0.000010 0.000010 0.000010 0.000010 0.000010 0.000010 0.000010 0.000010 0.000010 0.000010 0.000010 0.000010 0.000010 0.000010 0.000010 0.000010 0.000010 0.000010 0.000010 0.000010 0.000010 0.000010 0.000010 0.000010 0.000010 0.000010 0.000010 0.000010 0.000010 0.000010 0.000010 0.000010 0.000010 0.000010 0.000010 0.000010 0.000010 0.000010 0.000010 0.000010 0.000010 0.000010 0.000010 0.000010 0.000010 0.000010 0.000010 0.000010 0.000010 0.000010 0.000010 0.000010 0.000010 0.000010 0.000010 0.000010 0.000010 0.000010 0.000010 0.000010  
0.000000 0.000000 0.000000 0.000000 0.000000 0.000000 0.000000 0.000000 0.000000 0.000000 0.000000 0.000000 0.000000 0.000000 0.000000 0.000000 0.000000 0.000000 0.000000 0.000000 0.000000 0.000000 0.000000 0.000000 0.000000 0.000000 0.000000 0.000000 0.000000 0.000000 0.000000 0.000000 0.000000 0.000000 0.000000 0.000000 0.000000 0.000000 0.000000 0.000000 0.000000 0.000000 0.000000 0.000000 0.000000 0.000000 0.000000 0.000000 0.000000 0.000000 0.000000 0.000000 0.000000 0.000000 0.000000 0.000000 0.000000 0.000000 0.000000 0.000000 0.000000 0.000000 0.000000 0.000000 0.000000 0.000000 0.000000 0.000000 0.000000 0.000000 0.000000 0.000000 0.000000 0.000000 0.000000 0.000000 0.000000 0.000000 0.000000 0.000000 0.000000 0.000000 0.000000 0.000000 0.000000 0.000000 0.000000 0.000000 0.000000 0.000000 0.000000 0.000000 0.000000 0.000000 0.000000 0.000000 0.000000 0.000000 0.000000 0.000000 0.000000 0.000000 0.000000 0.000000 0.000000 0.000000 0.000000 0.000000 0.000000 0.000000 0.000000 0.000000 0.000000 0.000000 0.000000 0.000000 0.000000 0.000000 0.000000 0.000000 0.000000 0.000000 0.000000 0.000000 0.000000 0.000000 0.000000 0.000000 0.000000 0.000000 0.000000 0.000000 0.000000 0.000000 0.000000 0.000000 0.000000 0.000000 0.000000 0.000000 0.000000 0.000000 0.000000 0.000000 0.000000 0.000000 0.000000 0.000000 0.000000 0.000000 0.000000 0.000000 0.000000 0.000000 0.000000 0.000000 0.000000 0.000000 0.000000 0.000000 0.000000 0.000000 0.000000 0.000000 0.000000 0.000000 0.000000 0.000000 0.000000 0.000000 0.000000 0.000000 0.000000 0.000000 0.000000 0.000000 0.000000 0.000000 0.000000 0.000000 0.000000 0.000000 0.000000 0.000000 0.000000 0.000000 0.000000 0.000000 0.000000 0.000000 0.000000 0.000000 0.000000 0.000000 0.000000 0.000000 0.000000 0.000000 0.000000 0.000000 0.000000 0.000000 0.000000 0.000000 0.000000 0.000000 0.000000 0.000000 0.000000 0.000000 0.000000 0.000000 0.000000 0.000000 0.000000 0.000000 0.000000 0.000000 0.000000 0.000000 0.000000 0.000000 0.000000 0.000000 0.000000 0.000000 0.000000 0.000000 0.000000 0.000000 0.000000 0.000000 0.000000 0.000000 0.000000 0.000000 0.000000 0.000000 0.000000 0.000000 0.000000 0.000000 0.000000 0.000000 0.000000 0.000000 0.000000 0.000000 0.000000 0.000000 0.000000 0.000000 0.000000 0.000000 0.000000 0.000000 0.000000 0.000000 0.000000 0.000000 0.000000 0.000000 0.000000 0.000000 0.000000 0.000000 0.000000 0.000000 0.000000 0.000000 0.000000 0.000000 0.000000 0.000000 0.000000 0.000000 0.000000 0.000000 0.000000 0.000000 0.000000 0.000000 0.000000 0.000000 0.000000 0.000000 0.000000 0.000000 0.000000 0.000000 0.000000 0.000000 0.000000 0.000000 0.000000 0.000000 0.000000 0.000000 0.000000 0.000000 0.000000 0.000000 0.000000 0.000000 0.000000 0.000000 0.000000 0.000000 0.000000 0.000000 0.000000 0.000000 0.000000 0.000000 0.000000 0.000000 0.000000 0.000000 0.000000 0.000000 0.000000 0.000000 0.000000 0.000000 0.000000 0.000000 0.000000 0.000000 0.000000 0.000000 0.000000 0.000000 0.000000 0.000000 0.000000 0.000000 0.000000 0.000000 0.000000 0.000000 0.000000 0.000000 0.000000 0.000000 0.000000 0.000000 0.000000 0.000000 0.000000 0.000000 0.000000 0.000000 0.000000 0.000000 0.000000 0.000000 0.000000 0.000000 0.000000 0.000000 0.000000 0.000000 0.000000 0.000000 0.000000 0.000000 0.000000 0.000000 0.000000 0.000000 0.000000 0.000000 0.000000 0.000000 0.000000 0.000000 0.000000 0.000000 0.000000 0.000000 0.000000 0.000000 0.000000 0.000000 0.000000 0.000000 0.000000 0.000000 0.000000 0.000000 0.000000 0.000000 0.000000 0.000000 0.000000 0.000000 0.000000 0.000000 0.000000 0.000000 0.000000 0.000000 0.000000 0.000000 0.000000 0.000000 0.000000 0.000000 0.000000 0.000000 0.000000 0.000000 0.000000 0.000000 0.000000 0.000000 0.000000 0.000000 0.000000 0.000000 0.000000 0.000000 0.000000 0.000000 0.000000 0.000000 0.000000 0.000000 0.000000 0.000000 0.000000 0.000000 0.000000 0.000000 0.000000 0.000000 0.000000 0.000000 0.000000 0.000000 0.000000 0.000000 0.000000 0.000000 0.000000 0.000000 0.000000 0.000000 0.000000 0.000000 0.000000 0.000000 0.000000 0.000000 0.000000 0.000000 0.000000 0.000000 0.000000 0.000000 0.000000 0.000000 0.000000 0.000000 0.000000 0.000000 0.000000 0.000000 0.000000 0.000000 0.000000 0.000000 0.000000 0.000000 0.000000 0.000000 0.000000 0.000000 0.000000 0.000000 0.000000 0.000000 0.000000 0.000000 0.000000 0.000000 0.000000 0.000000 0.000000 0.000000 0.000000 0.000000 0.000000 0.000000 0.000000 0.000000 0.000000 0.000000 0.000000 0.000000 0.000000 0.000000 0.000000 0.000000 0.000000 0.000000 0.000000 0.000000 0.000000 0.000000 0.000000 0.000000 0.000000 0.000000 0.000000 0.000000 0.000000 0.000000 0.000000 0.000000 0.000000 0.000000 0.000000 0.000000 0.000000 0.000000 0.000000 0.000000 0.000000 0.000000 0.000000 0.000000 0.000000 0.000000 0.000000 0.000000 0.000000 0.000000 0.000000 0.000000 0.000000 0.000000 0.000000 0.000000 0.000000 0.000000 0.000000 0.000000 0.000000 0.000000 0.000000 0.000000 0.000000 0.000000 0.000000 0.000000 0.000000 0.000000 0.000000 0.000000 0.000000 0.000000 0.000000 0.000000 0.000000 0.000000 0.000000 0.000000 0.000000 0.000000 0.000000 0.000000 0.000000 0.000000 0.000000 0.000000 0.000000 0.000000 0.000000 0.000000 0.000000 0.000000 0.000000 0.000000 0.000000 0.000000 0.000000 0.000000 0.000000 0.000000 0.000000 0.000000 0.000000 0.000000 0.000000 0.000000 0.000000 0.000000 0.000000 0.000000 0.000000 0.000000 0.000000 0.000000 0.000000 0.000000 0.000000 0.000000 0.000000 0.000000 0.000000 0.000000 0.000000 0.000000 0.000000 0.000000 0.000000 0.000000 0.000000 0.000000 0.000000 0.000000 0.000000 0.000000 0.000000 0.000000 0.000000 0.000000 0.000000 0.000000 0.000000 0.000000 0.000000 0.000000 0.000000 0.000000 0.000000 0.000000 0.000000 0.000000 0.000000 0.000000 0.000000 0.000000 0.000000 0.000000 0.000000 0.000000 0.000000 0.000000 0.000000 0.000000 0.000000 0.000000 0.000000 0.000000 0.000000 0.000000 0.000000 0.000000 0.000000 0.000000 0.000000 0.000000 0.000000 0.000000 0.000000 0.000000 0.000000 0.000000 0.000000 0.000000 0.000000 0.000000 0.000000 0.000000 0.000000 0.000000 0.000000 0.000000 0.000000 0.000000 0.000000 0.000000 0.000000 0.000000 0.000000 0.000000 0.000000 0.000000 0.000000 0.000000 0.000000 0.000000 0.000000 0.000000 0.000000 0.000000 0.000000 0.000000 0.000000 0.000000 0.000000 0.000000 0.000000 0.000000 0.000000 0.000000 0.000000 0.000000 0.000000 0.000000 0.000000 0.000000 0.000000 0.000000 0.000000 0.000000 0.000000 0.000000 0.000000 0.000000 0.000000 0.000000 