Reynolds number List -  Side 
4 
      500000.0 
     1000000.0 
     5000000.0 
    10000000.0 
Angle of Attack List -  Downwards 
181 
-5.00 
 -4.75 
 -4.50 
 -4.25 
 -4.00 
 -3.75 
 -3.50 
 -3.25 
 -3.00 
 -2.75 
 -2.50 
 -2.25 
 -2.00 
 -1.75 
 -1.50 
 -1.25 
 -1.00 
 -0.75 
 -0.50 
 -0.25 
 0.00 
 0.25 
 0.50 
 0.75 
 1.00 
 1.25 
 1.50 
 1.75 
 2.00 
 2.25 
 2.50 
 2.75 
 3.00 
 3.25 
 3.50 
 3.75 
 4.00 
 4.25 
 4.50 
 4.75 
 5.00 
 5.25 
 5.50 
 5.75 
 6.00 
 6.25 
 6.50 
 6.75 
 7.00 
 7.25 
 7.50 
 7.75 
 8.00 
 8.25 
 8.50 
 8.75 
 9.00 
 9.25 
 9.50 
 9.75 
 10.00 
 10.25 
 10.50 
 10.75 
 11.00 
 11.25 
 11.50 
 11.75 
 12.00 
 12.25 
 12.50 
 12.75 
 13.00 
 13.25 
 13.50 
 13.75 
 14.00 
 14.25 
 14.50 
 14.75 
 15.00 
 15.25 
 15.50 
 15.75 
 16.00 
 16.25 
 16.50 
 16.75 
 17.00 
 17.25 
 17.50 
 17.75 
 18.00 
 18.25 
 18.50 
 18.75 
 19.00 
 19.25 
 19.50 
 19.75 
 20.00 
 20.25 
 20.50 
 20.75 
 21.00 
 21.25 
 21.50 
 21.75 
 22.00 
 22.25 
 22.50 
 22.75 
 23.00 
 23.25 
 23.50 
 23.75 
 24.00 
 24.25 
 24.50 
 24.75 
 25.00 
 25.25 
 25.50 
 25.75 
 26.00 
 26.25 
 26.50 
 26.75 
 27.00 
 27.25 
 27.50 
 27.75 
 28.00 
 28.25 
 28.50 
 28.75 
 29.00 
 29.25 
 29.50 
 29.75 
 30.00 
 30.25 
 30.50 
 30.75 
 31.00 
 31.25 
 31.50 
 31.75 
 32.00 
 32.25 
 32.50 
 32.75 
 33.00 
 33.25 
 33.50 
 33.75 
 34.00 
 34.25 
 34.50 
 34.75 
 35.00 
 35.25 
 35.50 
 35.75 
 36.00 
 36.25 
 36.50 
 36.75 
 37.00 
 37.25 
 37.50 
 37.75 
 38.00 
 38.25 
 38.50 
 38.75 
 39.00 
 39.25 
 39.50 
 39.75 
 40.00 
  Pressure BL Thick 
 Pressure Disp Thick 
Pressure Cf  
Suction BL Thick  
Suction Disp Thick  
Cf Suction  
0.019753 0.019753 0.019753 0.016926 0.019753 0.019753 0.019753 0.016926 0.019753 0.019753 0.019753 0.016926 0.019753 0.019753 0.019753 0.016926 0.019753 0.019753 0.019753 0.016926 0.019753 0.019753 0.019753 0.016926 0.019753 0.019753 0.019753 0.016926 0.019753 0.019753 0.019753 0.016926 0.019753 0.019753 0.019753 0.016926 0.019753 0.019753 0.019753 0.016926 0.019753 0.019753 0.019753 0.016926 0.019753 0.019753 0.019753 0.016926 0.019753 0.019753 0.019753 0.016926 0.019753 0.019753 0.019753 0.016926 0.019753 0.019753 0.019753 0.016926 0.019753 0.019753 0.019753 0.016926 0.019753 0.019753 0.019753 0.016926 0.019753 0.019753 0.019753 0.016926 0.019753 0.019753 0.019753 0.016926 0.019753 0.019753 0.019753 0.016926 0.019753 0.019753 0.019753 0.016926 0.016862 0.016862 0.016862 0.015124 0.015049 0.015049 0.015049 0.013668 0.013712 0.013712 0.013712 0.012423 0.012499 0.012499 0.012499 0.011452 0.011514 0.011514 0.011514 0.010578 0.010703 0.010703 0.010703 0.009910 0.009986 0.009986 0.009986 0.009379 0.009429 0.009429 0.009429 0.008902 0.008963 0.008963 0.008963 0.008212 0.008527 0.008527 0.008527 0.007834 0.008123 0.008123 0.008123 0.007491 0.007759 0.007759 0.007759 0.007181 0.007437 0.007437 0.007437 0.006896 0.007143 0.007143 0.007143 0.006609 0.006843 0.006843 0.006843 0.006344 0.006563 0.006563 0.006563 0.006101 0.006317 0.006317 0.006317 0.005892 0.006058 0.006058 0.006058 0.005662 0.005733 0.005733 0.005733 0.005305 0.005509 0.005509 0.005509 0.005114 0.005301 0.005301 0.005301 0.004967 0.005128 0.005128 0.005128 0.004780 0.004979 0.004979 0.004979 0.004604 0.004794 0.004794 0.004794 0.004448 0.004618 0.004618 0.004618 0.004336 0.004478 0.004478 0.004478 0.004171 0.004363 0.004363 0.004363 0.004025 0.004184 0.004184 0.004184 0.003897 0.003978 0.003978 0.003978 0.003731 0.003840 0.003840 0.003840 0.003583 0.003748 0.003748 0.003748 0.003459 0.003667 0.003667 0.003667 0.003354 0.003530 0.003530 0.003530 0.003299 0.003402 0.003402 0.003402 0.003165 0.003301 0.003301 0.003301 0.003060 0.003246 0.003246 0.003246 0.002974 0.003158 0.003158 0.003158 0.002935 0.003046 0.003046 0.003046 0.002811 0.002922 0.002922 0.002922 0.002719 0.002810 0.002810 0.002810 0.002636 0.002728 0.002728 0.002728 0.002539 0.002722 0.002722 0.002722 0.002515 0.002683 0.002683 0.002683 0.002399 0.002566 0.002566 0.002566 0.002317 0.002459 0.002459 0.002459 0.002253 0.002381 0.002381 0.002381 0.002218 0.002310 0.002310 0.002310 0.002200 0.002239 0.002239 0.002239 0.002042 0.002174 0.002174 0.002174 0.001941 0.002119 0.002119 0.002119 0.001820 0.002164 0.002164 0.002164 0.001760 0.002101 0.002101 0.002101 0.001711 0.001969 0.001969 0.001969 0.001669 0.001905 0.001905 0.001905 0.001632 0.001876 0.001876 0.001876 0.001596 0.001832 0.001832 0.001832 0.001538 0.001779 0.001779 0.001779 0.001505 0.001732 0.001732 0.001732 0.001480 0.001689 0.001689 0.001689 0.001442 0.001794 0.001794 0.001794 0.001406 0.001856 0.001856 0.001856 0.001372 0.001823 0.001823 0.001823 0.001337 0.001787 0.001787 0.001787 0.001305 0.001747 0.001747 0.001747 0.001275 0.001649 0.001649 0.001649 0.001247 0.001422 0.001422 0.001422 0.001220 0.001390 0.001390 0.001390 0.001189 0.001360 0.001360 0.001360 0.001161 0.001332 0.001332 0.001332 0.001136 0.001306 0.001306 0.001306 0.001113 0.001282 0.001282 0.001282 0.001047 0.001222 0.001222 0.001222 0.001002 0.001147 0.001147 0.001147 0.000985 0.001124 0.001124 0.001124 0.000969 0.001102 0.001102 0.001102 0.000942 0.001081 0.001081 0.001081 0.000924 0.001069 0.001069 0.001069 0.000906 0.001060 0.001060 0.001060 0.000890 0.001037 0.001037 0.001037 0.001007 0.001015 0.001015 0.001015 0.000871 0.000995 0.000995 0.000995 0.000853 0.000975 0.000975 0.000975 0.000837 0.000956 0.000956 0.000956 0.000821 0.000940 0.000940 0.000940 0.000805 0.000924 0.000924 0.000924 0.000792 0.000910 0.000910 0.000910 0.000778 0.000999 0.000999 0.000999 0.000765 0.001066 0.001066 0.001066 0.000753 0.000875 0.000875 0.000875 0.000744 0.000856 0.000856 0.000856 0.000860 0.000816 0.000816 0.000816 0.000852 0.000780 0.000780 0.000780 0.000852 0.000767 0.000767 0.000767 0.000852 0.000753 0.000753 0.000753 0.000852 0.000741 0.000741 0.000741 0.000852 0.000729 0.000729 0.000729 0.000852 0.000719 0.000719 0.000719 0.000852 0.000874 0.000874 0.000874 0.000852 0.000708 0.000708 0.000708 0.000852 0.000695 0.000695 0.000695 0.000852 0.000682 0.000682 0.000682 0.000852 0.000669 0.000669 0.000669 0.000852 0.000658 0.000658 0.000658 0.000852 0.000648 0.000648 0.000648 0.000852 0.000607 0.000607 0.000607 0.000852 0.000598 0.000598 0.000598 0.000852 0.000594 0.000594 0.000594 0.000852 0.000719 0.000719 0.000719 0.000852 0.000706 0.000706 0.000706 0.000852 0.000706 0.000706 0.000706 0.000852 0.000706 0.000706 0.000706 0.000852 0.000706 0.000706 0.000706 0.000852 0.000706 0.000706 0.000706 0.000852 0.000706 0.000706 0.000706 0.000852 0.000706 0.000706 0.000706 0.000852 0.000706 0.000706 0.000706 0.000852 0.000706 0.000706 0.000706 0.000852 0.000706 0.000706 0.000706 0.000852 0.000706 0.000706 0.000706 0.000852 0.000706 0.000706 0.000706 0.000852 0.000706 0.000706 0.000706 0.000852 0.000706 0.000706 0.000706 0.000852 0.000706 0.000706 0.000706 0.000852 0.000706 0.000706 0.000706 0.000852 0.000706 0.000706 0.000706 0.000852 0.000706 0.000706 0.000706 0.000852 0.000706 0.000706 0.000706 0.000852 0.000706 0.000706 0.000706 0.000852 0.000706 0.000706 0.000706 0.000852 0.000706 0.000706 0.000706 0.000852 0.000706 0.000706 0.000706 0.000852 0.000706 0.000706 0.000706 0.000852 0.000706 0.000706 0.000706 0.000852 0.000706 0.000706 0.000706 0.000852 0.000706 0.000706 0.000706 0.000852 0.000706 0.000706 0.000706 0.000852 0.000706 0.000706 0.000706 0.000852 0.000706 0.000706 0.000706 0.000852 0.000706 0.000706 0.000706 0.000852 0.000706 0.000706 0.000706 0.000852 0.000706 0.000706 0.000706 0.000852 0.000706 0.000706 0.000706 0.000852 0.000706 0.000706 0.000706 0.000852 0.000706 0.000706 0.000706 0.000852 0.000706 0.000706 0.000706 0.000852 0.000706 0.000706 0.000706 0.000852 0.000706 0.000706 0.000706 0.000852 0.000706 0.000706 0.000706 0.000852 0.000706 0.000706 0.000706 0.000852 0.000706 0.000706 0.000706 0.000852 0.000706 0.000706 0.000706 0.000852 0.000706 0.000706 0.000706 0.000852 0.000706 0.000706 0.000706 0.000852 0.000706 0.000706 0.000706 0.000852 0.000706 0.000706 0.000706 0.000852 0.000706 0.000706 0.000706 0.000852 0.000706 0.000706 0.000706 0.000852 0.000706 0.000706 0.000706 0.000852 0.000706 0.000706 0.000706 0.000852 0.000706 0.000706 0.000706 0.000852  
0.019753 0.019753 0.019753 0.016926 0.019753 0.019753 0.019753 0.016926 0.019753 0.019753 0.019753 0.016926 0.019753 0.019753 0.019753 0.016926 0.019753 0.019753 0.019753 0.016926 0.019753 0.019753 0.019753 0.016926 0.019753 0.019753 0.019753 0.016926 0.019753 0.019753 0.019753 0.016926 0.019753 0.019753 0.019753 0.016926 0.019753 0.019753 0.019753 0.016926 0.019753 0.019753 0.019753 0.016926 0.019753 0.019753 0.019753 0.016926 0.019753 0.019753 0.019753 0.016926 0.019753 0.019753 0.019753 0.016926 0.019753 0.019753 0.019753 0.016926 0.019753 0.019753 0.019753 0.016926 0.019753 0.019753 0.019753 0.016926 0.019753 0.019753 0.019753 0.016926 0.019753 0.019753 0.019753 0.016926 0.019753 0.019753 0.019753 0.016926 0.019753 0.019753 0.019753 0.016926 0.016862 0.016862 0.016862 0.015124 0.015049 0.015049 0.015049 0.013668 0.013712 0.013712 0.013712 0.012423 0.012499 0.012499 0.012499 0.011452 0.011514 0.011514 0.011514 0.010578 0.010703 0.010703 0.010703 0.009910 0.009986 0.009986 0.009986 0.009379 0.009429 0.009429 0.009429 0.008902 0.008963 0.008963 0.008963 0.008212 0.008527 0.008527 0.008527 0.007834 0.008123 0.008123 0.008123 0.007491 0.007759 0.007759 0.007759 0.007181 0.007437 0.007437 0.007437 0.006896 0.007143 0.007143 0.007143 0.006609 0.006843 0.006843 0.006843 0.006344 0.006563 0.006563 0.006563 0.006101 0.006317 0.006317 0.006317 0.005892 0.006058 0.006058 0.006058 0.005662 0.005733 0.005733 0.005733 0.005305 0.005509 0.005509 0.005509 0.005114 0.005301 0.005301 0.005301 0.004967 0.005128 0.005128 0.005128 0.004780 0.004979 0.004979 0.004979 0.004604 0.004794 0.004794 0.004794 0.004448 0.004618 0.004618 0.004618 0.004336 0.004478 0.004478 0.004478 0.004171 0.004363 0.004363 0.004363 0.004025 0.004184 0.004184 0.004184 0.003897 0.003978 0.003978 0.003978 0.003731 0.003840 0.003840 0.003840 0.003583 0.003748 0.003748 0.003748 0.003459 0.003667 0.003667 0.003667 0.003354 0.003530 0.003530 0.003530 0.003299 0.003402 0.003402 0.003402 0.003165 0.003301 0.003301 0.003301 0.003060 0.003246 0.003246 0.003246 0.002974 0.003158 0.003158 0.003158 0.002935 0.003046 0.003046 0.003046 0.002811 0.002922 0.002922 0.002922 0.002719 0.002810 0.002810 0.002810 0.002636 0.002728 0.002728 0.002728 0.002539 0.002722 0.002722 0.002722 0.002515 0.002683 0.002683 0.002683 0.002399 0.002566 0.002566 0.002566 0.002317 0.002459 0.002459 0.002459 0.002253 0.002381 0.002381 0.002381 0.002218 0.002310 0.002310 0.002310 0.002200 0.002239 0.002239 0.002239 0.002042 0.002174 0.002174 0.002174 0.001941 0.002119 0.002119 0.002119 0.001820 0.002164 0.002164 0.002164 0.001760 0.002101 0.002101 0.002101 0.001711 0.001969 0.001969 0.001969 0.001669 0.001905 0.001905 0.001905 0.001632 0.001876 0.001876 0.001876 0.001596 0.001832 0.001832 0.001832 0.001538 0.001779 0.001779 0.001779 0.001505 0.001732 0.001732 0.001732 0.001480 0.001689 0.001689 0.001689 0.001442 0.001794 0.001794 0.001794 0.001406 0.001856 0.001856 0.001856 0.001372 0.001823 0.001823 0.001823 0.001337 0.001787 0.001787 0.001787 0.001305 0.001747 0.001747 0.001747 0.001275 0.001649 0.001649 0.001649 0.001247 0.001422 0.001422 0.001422 0.001220 0.001390 0.001390 0.001390 0.001189 0.001360 0.001360 0.001360 0.001161 0.001332 0.001332 0.001332 0.001136 0.001306 0.001306 0.001306 0.001113 0.001282 0.001282 0.001282 0.001047 0.001222 0.001222 0.001222 0.001002 0.001147 0.001147 0.001147 0.000985 0.001124 0.001124 0.001124 0.000969 0.001102 0.001102 0.001102 0.000942 0.001081 0.001081 0.001081 0.000924 0.001069 0.001069 0.001069 0.000906 0.001060 0.001060 0.001060 0.000890 0.001037 0.001037 0.001037 0.001007 0.001015 0.001015 0.001015 0.000871 0.000995 0.000995 0.000995 0.000853 0.000975 0.000975 0.000975 0.000837 0.000956 0.000956 0.000956 0.000821 0.000940 0.000940 0.000940 0.000805 0.000924 0.000924 0.000924 0.000792 0.000910 0.000910 0.000910 0.000778 0.000999 0.000999 0.000999 0.000765 0.001066 0.001066 0.001066 0.000753 0.000875 0.000875 0.000875 0.000744 0.000856 0.000856 0.000856 0.000860 0.000816 0.000816 0.000816 0.000852 0.000780 0.000780 0.000780 0.000852 0.000767 0.000767 0.000767 0.000852 0.000753 0.000753 0.000753 0.000852 0.000741 0.000741 0.000741 0.000852 0.000729 0.000729 0.000729 0.000852 0.000719 0.000719 0.000719 0.000852 0.000874 0.000874 0.000874 0.000852 0.000708 0.000708 0.000708 0.000852 0.000695 0.000695 0.000695 0.000852 0.000682 0.000682 0.000682 0.000852 0.000669 0.000669 0.000669 0.000852 0.000658 0.000658 0.000658 0.000852 0.000648 0.000648 0.000648 0.000852 0.000607 0.000607 0.000607 0.000852 0.000598 0.000598 0.000598 0.000852 0.000594 0.000594 0.000594 0.000852 0.000719 0.000719 0.000719 0.000852 0.000706 0.000706 0.000706 0.000852 0.000706 0.000706 0.000706 0.000852 0.000706 0.000706 0.000706 0.000852 0.000706 0.000706 0.000706 0.000852 0.000706 0.000706 0.000706 0.000852 0.000706 0.000706 0.000706 0.000852 0.000706 0.000706 0.000706 0.000852 0.000706 0.000706 0.000706 0.000852 0.000706 0.000706 0.000706 0.000852 0.000706 0.000706 0.000706 0.000852 0.000706 0.000706 0.000706 0.000852 0.000706 0.000706 0.000706 0.000852 0.000706 0.000706 0.000706 0.000852 0.000706 0.000706 0.000706 0.000852 0.000706 0.000706 0.000706 0.000852 0.000706 0.000706 0.000706 0.000852 0.000706 0.000706 0.000706 0.000852 0.000706 0.000706 0.000706 0.000852 0.000706 0.000706 0.000706 0.000852 0.000706 0.000706 0.000706 0.000852 0.000706 0.000706 0.000706 0.000852 0.000706 0.000706 0.000706 0.000852 0.000706 0.000706 0.000706 0.000852 0.000706 0.000706 0.000706 0.000852 0.000706 0.000706 0.000706 0.000852 0.000706 0.000706 0.000706 0.000852 0.000706 0.000706 0.000706 0.000852 0.000706 0.000706 0.000706 0.000852 0.000706 0.000706 0.000706 0.000852 0.000706 0.000706 0.000706 0.000852 0.000706 0.000706 0.000706 0.000852 0.000706 0.000706 0.000706 0.000852 0.000706 0.000706 0.000706 0.000852 0.000706 0.000706 0.000706 0.000852 0.000706 0.000706 0.000706 0.000852 0.000706 0.000706 0.000706 0.000852 0.000706 0.000706 0.000706 0.000852 0.000706 0.000706 0.000706 0.000852 0.000706 0.000706 0.000706 0.000852 0.000706 0.000706 0.000706 0.000852 0.000706 0.000706 0.000706 0.000852 0.000706 0.000706 0.000706 0.000852 0.000706 0.000706 0.000706 0.000852 0.000706 0.000706 0.000706 0.000852 0.000706 0.000706 0.000706 0.000852 0.000706 0.000706 0.000706 0.000852 0.000706 0.000706 0.000706 0.000852 0.000706 0.000706 0.000706 0.000852 0.000706 0.000706 0.000706 0.000852 0.000706 0.000706 0.000706 0.000852 0.000706 0.000706 0.000706 0.000852 0.000706 0.000706 0.000706 0.000852  
0.000000 0.000000 0.000000 0.000000 0.000000 0.000000 0.000000 0.000000 0.000000 0.000000 0.000000 0.000000 0.000000 0.000000 0.000000 0.000000 0.000000 0.000000 0.000000 0.000000 0.000000 0.000000 0.000000 0.000000 0.000000 0.000000 0.000000 0.000000 0.000000 0.000000 0.000000 0.000000 0.000000 0.000000 0.000000 0.000000 0.000000 0.000000 0.000000 0.000000 0.000000 0.000000 0.000000 0.000000 0.000000 0.000000 0.000000 0.000000 0.000000 0.000000 0.000000 0.000000 0.000000 0.000000 0.000000 0.000000 0.000000 0.000000 0.000000 0.000000 0.000000 0.000000 0.000000 0.000000 0.000000 0.000000 0.000000 0.000000 0.000000 0.000000 0.000000 0.000000 0.000000 0.000000 0.000000 0.000000 0.000000 0.000000 0.000000 0.000000 0.000000 0.000000 0.000000 0.000000 0.000000 0.000000 0.000000 0.000000 0.000000 0.000000 0.000000 0.000000 0.000000 0.000000 0.000000 0.000000 0.000000 0.000000 0.000000 0.000000 0.000000 0.000000 0.000000 0.000000 0.000000 0.000000 0.000000 0.000000 0.000000 0.000000 0.000000 0.000000 0.000000 0.000000 0.000000 0.000000 0.000000 0.000000 0.000000 0.000000 0.000000 0.000000 0.000000 0.000000 0.000000 0.000000 0.000000 0.000000 0.000000 0.000000 0.000000 0.000000 0.000000 0.000000 0.000000 0.000000 0.000000 0.000000 0.000000 0.000000 0.000000 0.000000 0.000000 0.000000 0.000000 0.000000 0.000000 0.000000 0.000000 0.000000 0.000000 0.000000 0.000000 0.000000 0.000000 0.000000 0.000000 0.000000 0.000000 0.000000 0.000000 0.000000 0.000000 0.000000 0.000000 0.000000 0.000000 0.000000 0.000000 0.000000 0.000000 0.000000 0.000000 0.000000 0.000000 0.000000 0.000000 0.000000 0.000000 0.000000 0.000000 0.000000 0.000000 0.000000 0.000000 0.000000 0.000000 0.000000 0.000000 0.000000 0.000000 0.000000 0.000000 0.000000 0.000000 0.000000 0.000000 0.000000 0.000000 0.000000 0.000000 0.000000 0.000000 0.000000 0.000000 0.000000 0.000000 0.000000 0.000000 0.000000 0.000000 0.000000 0.000000 0.000000 0.000000 0.000000 0.000000 0.000000 0.000000 0.000000 0.000000 0.000000 0.000000 0.000000 0.000000 0.000000 0.000000 0.000000 0.000000 0.000000 0.000000 0.000000 0.000000 0.000000 0.000000 0.000000 0.000000 0.000000 0.000000 0.000000 0.000000 0.000000 0.000000 0.000000 0.000000 0.000000 0.000000 0.000000 0.000000 0.000000 0.000000 0.000000 0.000000 0.000000 0.000000 0.000000 0.000000 0.000000 0.000000 0.000000 0.000000 0.000000 0.000000 0.000000 0.000000 0.000000 0.000000 0.000000 0.000000 0.000000 0.000000 0.000000 0.000000 0.000000 0.000000 0.000000 0.000000 0.000000 0.000000 0.000000 0.000000 0.000000 0.000000 0.000000 0.000000 0.000000 0.000000 0.000000 0.000000 0.000000 0.000000 0.000000 0.000000 0.000000 0.000000 0.000000 0.000000 0.000000 0.000000 0.000000 0.000000 0.000000 0.000000 0.000000 0.000000 0.000000 0.000000 0.000000 0.000000 0.000000 0.000000 0.000000 0.000000 0.000000 0.000000 0.000000 0.000000 0.000000 0.000000 0.000000 0.000000 0.000000 0.000000 0.000000 0.000000 0.000000 0.000000 0.000000 0.000000 0.000000 0.000000 0.000000 0.000000 0.000000 0.000000 0.000000 0.000000 0.000000 0.000000 0.000000 0.000000 0.000000 0.000000 0.000000 0.000000 0.000000 0.000000 0.000000 0.000000 0.000000 0.000000 0.000000 0.000000 0.000000 0.000000 0.000000 0.000000 0.000000 0.000000 0.000000 0.000000 0.000000 0.000000 0.000000 0.000000 0.000000 0.000000 0.000000 0.000000 0.000000 0.000000 0.000000 0.000000 0.000000 0.000000 0.000000 0.000000 0.000000 0.000000 0.000000 0.000000 0.000000 0.000000 0.000000 0.000000 0.000000 0.000000 0.000000 0.000000 0.000000 0.000000 0.000000 0.000000 0.000000 0.000000 0.000000 0.000000 0.000000 0.000000 0.000000 0.000000 0.000000 0.000000 0.000000 0.000000 0.000000 0.000000 0.000000 0.000000 0.000000 0.000000 0.000000 0.000000 0.000000 0.000000 0.000000 0.000000 0.000000 0.000000 0.000000 0.000000 0.000000 0.000000 0.000000 0.000000 0.000000 0.000000 0.000000 0.000000 0.000000 0.000000 0.000000 0.000000 0.000000 0.000000 0.000000 0.000000 0.000000 0.000000 0.000000 0.000000 0.000000 0.000000 0.000000 0.000000 0.000000 0.000000 0.000000 0.000000 0.000000 0.000000 0.000000 0.000000 0.000000 0.000000 0.000000 0.000000 0.000000 0.000000 0.000000 0.000000 0.000000 0.000000 0.000000 0.000000 0.000000 0.000000 0.000000 0.000000 0.000000 0.000000 0.000000 0.000000 0.000000 0.000000 0.000000 0.000000 0.000000 0.000000 0.000000 0.000000 0.000000 0.000000 0.000000 0.000000 0.000000 0.000000 0.000000 0.000000 0.000000 0.000000 0.000000 0.000000 0.000000 0.000000 0.000000 0.000000 0.000000 0.000000 0.000000 0.000000 0.000000 0.000000 0.000000 0.000000 0.000000 0.000000 0.000000 0.000000 0.000000 0.000000 0.000000 0.000000 0.000000 0.000000 0.000000 0.000000 0.000000 0.000000 0.000000 0.000000 0.000000 0.000000 0.000000 0.000000 0.000000 0.000000 0.000000 0.000000 0.000000 0.000000 0.000000 0.000000 0.000000 0.000000 0.000000 0.000000 0.000000 0.000000 0.000000 0.000000 0.000000 0.000000 0.000000 0.000000 0.000000 0.000000 0.000000 0.000000 0.000000 0.000000 0.000000 0.000000 0.000000 0.000000 0.000000 0.000000 0.000000 0.000000 0.000000 0.000000 0.000000 0.000000 0.000000 0.000000 0.000000 0.000000 0.000000 0.000000 0.000000 0.000000 0.000000 0.000000 0.000000 0.000000 0.000000 0.000000 0.000000 0.000000 0.000000 0.000000 0.000000 0.000000 0.000000 0.000000 0.000000 0.000000 0.000000 0.000000 0.000000 0.000000 0.000000 0.000000 0.000000 0.000000 0.000000 0.000000 0.000000 0.000000 0.000000 0.000000 0.000000 0.000000 0.000000 0.000000 0.000000 0.000000 0.000000 0.000000 0.000000 0.000000 0.000000 0.000000 0.000000 0.000000 0.000000 0.000000 0.000000 0.000000 0.000000 0.000000 0.000000 0.000000 0.000000 0.000000 0.000000 0.000000 0.000000 0.000000 0.000000 0.000000 0.000000 0.000000 0.000000 0.000000 0.000000 0.000000 0.000000 0.000000 0.000000 0.000000 0.000000 0.000000 0.000000 0.000000 0.000000 0.000000 0.000000 0.000000 0.000000 0.000000 0.000000 0.000000 0.000000 0.000000 0.000000 0.000000 0.000000 0.000000 0.000000 0.000000 0.000000 0.000000 0.000000 0.000000 0.000000 0.000000 0.000000 0.000000 0.000000 0.000000 0.000000 0.000000 0.000000 0.000000 0.000000 0.000000 0.000000 0.000000 0.000000 0.000000 0.000000 0.000000 0.000000 0.000000 0.000000 0.000000 0.000000 0.000000 0.000000 0.000000 0.000000 0.000000 0.000000 0.000000 0.000000 0.000000 0.000000 0.000000 0.000000 0.000000 0.000000 0.000000 0.000000 0.000000 0.000000 0.000000 0.000000 0.000000 0.000000 0.000000 0.000000 0.000000 0.000000 0.000000 0.000000 0.000000 0.000000 0.000000 0.000000 0.000000 0.000000 0.000000 0.000000  
0.000000 0.000000 0.000000 0.000000 0.000000 0.000000 0.000000 0.000000 0.000000 0.000000 0.000000 0.000000 0.000000 0.000000 0.000000 0.000000 0.000000 0.000000 0.000000 0.000000 0.000000 0.000000 0.000000 0.000000 0.000000 0.000000 0.000000 0.000000 0.000000 0.000000 0.000000 0.000000 0.000000 0.000000 0.000000 0.000000 0.000000 0.000000 0.000000 0.000000 0.000000 0.000000 0.000000 0.000000 0.000000 0.000000 0.000000 0.000000 0.000000 0.000000 0.000000 0.000000 0.000000 0.000000 0.000000 0.000000 0.000000 0.000000 0.000000 0.000000 0.000000 0.000000 0.000000 0.000000 0.000000 0.000000 0.000000 0.000000 0.000000 0.000000 0.000000 0.000000 0.000000 0.000000 0.000000 0.000000 0.000000 0.000000 0.000000 0.000000 0.000000 0.000000 0.000000 0.000000 0.000000 0.000000 0.000000 0.000000 0.000000 0.000000 0.000000 0.000000 0.000000 0.000000 0.000000 0.000000 0.000000 0.000000 0.000000 0.000000 0.000000 0.000000 0.000000 0.000000 0.000000 0.000000 0.000000 0.000000 0.000000 0.000000 0.000000 0.000000 0.000000 0.000000 0.000000 0.000000 0.000000 0.000000 0.000000 0.000000 0.000000 0.000000 0.000000 0.000000 0.000000 0.000000 0.000000 0.000000 0.000000 0.000000 0.000000 0.000000 0.000000 0.000000 0.000000 0.000000 0.000000 0.000000 0.000000 0.000000 0.000000 0.000000 0.000000 0.000000 0.000000 0.000000 0.000000 0.000000 0.000000 0.000000 0.000000 0.000000 0.000000 0.000000 0.000000 0.000000 0.000000 0.000000 0.000000 0.000000 0.000000 0.000000 0.000000 0.000000 0.000000 0.000000 0.000000 0.000000 0.000000 0.000000 0.000000 0.000000 0.000000 0.000000 0.000000 0.000000 0.000000 0.000000 0.000000 0.000000 0.000000 0.000000 0.000000 0.000000 0.000000 0.000000 0.000000 0.000000 0.000000 0.000000 0.000000 0.000000 0.000000 0.000000 0.000000 0.000000 0.000000 0.000000 0.000000 0.000000 0.000000 0.000000 0.000000 0.000000 0.000000 0.000000 0.000000 0.000000 0.000000 0.000000 0.000000 0.000000 0.000000 0.000000 0.000000 0.000000 0.000000 0.000000 0.000000 0.000000 0.000000 0.000000 0.000000 0.000000 0.000000 0.000000 0.000000 0.000000 0.000000 0.000000 0.000000 0.000000 0.000000 0.000000 0.000000 0.000000 0.000000 0.000000 0.000000 0.000000 0.000000 0.000000 0.000000 0.000000 0.000000 0.000000 0.000000 0.000000 0.000000 0.000000 0.000000 0.000000 0.000000 0.000000 0.000000 0.000000 0.000000 0.000000 0.000000 0.000000 0.000000 0.000000 0.000000 0.000000 0.000000 0.000000 0.000000 0.000000 0.000000 0.000000 0.000000 0.000000 0.000000 0.000000 0.000000 0.000000 0.000000 0.000000 0.000000 0.000000 0.000000 0.000000 0.000000 0.000000 0.000000 0.000000 0.000000 0.000000 0.000000 0.000000 0.000000 0.000000 0.000000 0.000000 0.000000 0.000000 0.000000 0.000000 0.000000 0.000000 0.000000 0.000000 0.000000 0.000000 0.000000 0.000000 0.000000 0.000000 0.000000 0.000000 0.000000 0.000000 0.000000 0.000000 0.000000 0.000000 0.000000 0.000000 0.000000 0.000000 0.000000 0.000000 0.000000 0.000000 0.000000 0.000000 0.000000 0.000000 0.000000 0.000000 0.000000 0.000000 0.000000 0.000000 0.000000 0.000000 0.000000 0.000000 0.000000 0.000000 0.000000 0.000000 0.000000 0.000000 0.000000 0.000000 0.000000 0.000000 0.000000 0.000000 0.000000 0.000000 0.000000 0.000000 0.000000 0.000000 0.000000 0.000000 0.000000 0.000000 0.000000 0.000000 0.000000 0.000000 0.000000 0.000000 0.000000 0.000000 0.000000 0.000000 0.000000 0.000000 0.000000 0.000000 0.000000 0.000000 0.000000 0.000000 0.000000 0.000000 0.000000 0.000000 0.000000 0.000000 0.000000 0.000000 0.000000 0.000000 0.000000 0.000000 0.000000 0.000000 0.000000 0.000000 0.000000 0.000000 0.000000 0.000000 0.000000 0.000000 0.000000 0.000000 0.000000 0.000000 0.000000 0.000000 0.000000 0.000000 0.000000 0.000000 0.000000 0.000000 0.000000 0.000000 0.000000 0.000000 0.000000 0.000000 0.000000 0.000000 0.000000 0.000000 0.000000 0.000000 0.000000 0.000000 0.000000 0.000000 0.000000 0.000000 0.000000 0.000000 0.000000 0.000000 0.000000 0.000000 0.000000 0.000000 0.000000 0.000000 0.000000 0.000000 0.000000 0.000000 0.000000 0.000000 0.000000 0.000000 0.000000 0.000000 0.000000 0.000000 0.000000 0.000000 0.000000 0.000000 0.000000 0.000000 0.000000 0.000000 0.000000 0.000000 0.000000 0.000000 0.000000 0.000000 0.000000 0.000000 0.000000 0.000000 0.000000 0.000000 0.000000 0.000000 0.000000 0.000000 0.000000 0.000000 0.000000 0.000000 0.000000 0.000000 0.000000 0.000000 0.000000 0.000000 0.000000 0.000000 0.000000 0.000000 0.000000 0.000000 0.000000 0.000000 0.000000 0.000000 0.000000 0.000000 0.000000 0.000000 0.000000 0.000000 0.000000 0.000000 0.000000 0.000000 0.000000 0.000000 0.000000 0.000000 0.000000 0.000000 0.000000 0.000000 0.000000 0.000000 0.000000 0.000000 0.000000 0.000000 0.000000 0.000000 0.000000 0.000000 0.000000 0.000000 0.000000 0.000000 0.000000 0.000000 0.000000 0.000000 0.000000 0.000000 0.000000 0.000000 0.000000 0.000000 0.000000 0.000000 0.000000 0.000000 0.000000 0.000000 0.000000 0.000000 0.000000 0.000000 0.000000 0.000000 0.000000 0.000000 0.000000 0.000000 0.000000 0.000000 0.000000 0.000000 0.000000 0.000000 0.000000 0.000000 0.000000 0.000000 0.000000 0.000000 0.000000 0.000000 0.000000 0.000000 0.000000 0.000000 0.000000 0.000000 0.000000 0.000000 0.000000 0.000000 0.000000 0.000000 0.000000 0.000000 0.000000 0.000000 0.000000 0.000000 0.000000 0.000000 0.000000 0.000000 0.000000 0.000000 0.000000 0.000000 0.000000 0.000000 0.000000 0.000000 0.000000 0.000000 0.000000 0.000000 0.000000 0.000000 0.000000 0.000000 0.000000 0.000000 0.000000 0.000000 0.000000 0.000000 0.000000 0.000000 0.000000 0.000000 0.000000 0.000000 0.000000 0.000000 0.000000 0.000000 0.000000 0.000000 0.000000 0.000000 0.000000 0.000000 0.000000 0.000000 0.000000 0.000000 0.000000 0.000000 0.000000 0.000000 0.000000 0.000000 0.000000 0.000000 0.000000 0.000000 0.000000 0.000000 0.000000 0.000000 0.000000 0.000000 0.000000 0.000000 0.000000 0.000000 0.000000 0.000000 0.000000 0.000000 0.000000 0.000000 0.000000 0.000000 0.000000 0.000000 0.000000 0.000000 0.000000 0.000000 0.000000 0.000000 0.000000 0.000000 0.000000 0.000000 0.000000 0.000000 0.000000 0.000000 0.000000 0.000000 0.000000 0.000000 0.000000 0.000000 0.000000 0.000000 0.000000 0.000000 0.000000 0.000000 0.000000 0.000000 0.000000 0.000000 0.000000 0.000000 0.000000 0.000000 0.000000 0.000000 0.000000 0.000000 0.000000 0.000000 0.000000 0.000000 0.000000 0.000000 0.000000 0.000000 0.000000 0.000000 0.000000 0.000000 0.000000 0.000000 0.000000 0.000000 0.000000 0.000000 0.000000 0.000000 0.000000 0.000000 0.000000 0.000000  
0.041507 0.041507 0.041507 0.025796 0.041507 0.041507 0.041507 0.025796 0.041507 0.041507 0.041507 0.025796 0.041507 0.041507 0.041507 0.025796 0.041507 0.041507 0.041507 0.025796 0.041507 0.041507 0.041507 0.025796 0.041507 0.041507 0.041507 0.025796 0.041507 0.041507 0.041507 0.025796 0.041507 0.041507 0.041507 0.025796 0.041507 0.041507 0.041507 0.025796 0.041507 0.041507 0.041507 0.025796 0.041507 0.041507 0.041507 0.025796 0.041507 0.041507 0.041507 0.025796 0.041507 0.041507 0.041507 0.025796 0.041507 0.041507 0.041507 0.025796 0.041507 0.041507 0.041507 0.025796 0.041507 0.041507 0.041507 0.025796 0.041507 0.041507 0.041507 0.025796 0.041507 0.041507 0.041507 0.025796 0.041507 0.041507 0.041507 0.025796 0.041507 0.041507 0.041507 0.025796 0.039699 0.039699 0.039699 0.028919 0.039487 0.039487 0.039487 0.028197 0.040953 0.040953 0.040953 0.026194 0.040074 0.040074 0.040074 0.028310 0.040099 0.040099 0.040099 0.027223 0.040746 0.040746 0.040746 0.027974 0.040849 0.040849 0.040849 0.028563 0.042281 0.042281 0.042281 0.028996 0.043924 0.043924 0.043924 0.033436 0.044805 0.044805 0.044805 0.033953 0.045435 0.045435 0.045435 0.034549 0.046313 0.046313 0.046313 0.036395 0.048173 0.048173 0.048173 0.037951 0.050670 0.050670 0.050670 0.038574 0.051542 0.051542 0.051542 0.039202 0.052319 0.052319 0.052319 0.040227 0.054266 0.054266 0.054266 0.043463 0.060233 0.060233 0.060233 0.044140 0.067491 0.067491 0.067491 0.051446 0.068450 0.068450 0.068450 0.052383 0.069415 0.069415 0.069415 0.057775 0.072470 0.072470 0.072470 0.058613 0.077760 0.077760 0.077760 0.059279 0.078829 0.078829 0.078829 0.060447 0.079761 0.079761 0.079761 0.067245 0.083317 0.083317 0.083317 0.067696 0.089702 0.089702 0.089702 0.068502 0.094872 0.094872 0.094872 0.070033 0.104886 0.104886 0.104886 0.090266 0.106059 0.106059 0.106059 0.090441 0.112377 0.112377 0.112377 0.091252 0.120057 0.120057 0.120057 0.093250 0.120782 0.120782 0.120782 0.104653 0.121508 0.121508 0.121508 0.104428 0.123921 0.123921 0.123921 0.105426 0.133439 0.133439 0.133439 0.108016 0.139115 0.139115 0.139115 0.121154 0.152086 0.152086 0.152086 0.120465 0.159799 0.159799 0.159799 0.121465 0.159740 0.159740 0.159740 0.127412 0.161600 0.161600 0.161600 0.146496 0.175754 0.175754 0.175754 0.160739 0.185075 0.185075 0.185075 0.159243 0.184001 0.184001 0.184001 0.159430 0.182874 0.182874 0.182874 0.161392 0.183447 0.183447 0.183447 0.168939 0.198484 0.198484 0.198484 0.186556 0.208462 0.208462 0.208462 0.191811 0.209430 0.209430 0.209430 0.212569 0.211350 0.211350 0.211350 0.207385 0.232313 0.232313 0.232313 0.206966 0.240641 0.240641 0.240641 0.207726 0.238664 0.238664 0.238664 0.209178 0.241630 0.241630 0.241630 0.211630 0.256945 0.256945 0.256945 0.219305 0.266292 0.266292 0.266292 0.237545 0.266772 0.266772 0.266772 0.240036 0.267771 0.267771 0.267771 0.246220 0.269162 0.269162 0.269162 0.264911 0.316405 0.316405 0.316405 0.265907 0.349634 0.349634 0.349634 0.271301 0.353010 0.353010 0.353010 0.288304 0.356039 0.356039 0.356039 0.297168 0.358520 0.358520 0.358520 0.298676 0.354332 0.354332 0.354332 0.300396 0.333868 0.333868 0.333868 0.302354 0.335754 0.335754 0.335754 0.321504 0.337853 0.337853 0.337853 0.333041 0.340235 0.340235 0.340235 0.334971 0.343132 0.343132 0.343132 0.337052 0.352003 0.352003 0.352003 0.338696 0.371398 0.371398 0.371398 0.340857 0.374616 0.374616 0.374616 0.343757 0.376761 0.376761 0.376761 0.350228 0.379056 0.379056 0.379056 0.374712 0.381547 0.381547 0.381547 0.376890 0.396477 0.396477 0.396477 0.379171 0.417196 0.417196 0.417196 0.381581 0.418983 0.418983 0.418983 0.433867 0.420893 0.420893 0.420893 0.417597 0.422913 0.422913 0.422913 0.419548 0.425039 0.425039 0.425039 0.421581 0.428880 0.428880 0.428880 0.423688 0.433805 0.433805 0.433805 0.426940 0.436810 0.436810 0.436810 0.432024 0.440606 0.440606 0.440606 0.434707 0.479710 0.479710 0.479710 0.437603 0.513541 0.513541 0.513541 0.440897 0.474452 0.474452 0.474452 0.445333 0.477820 0.477820 0.477820 0.523350 0.479741 0.479741 0.479741 0.527078 0.481810 0.481810 0.481810 0.532078 0.484337 0.484337 0.484337 0.537078 0.487000 0.487000 0.487000 0.542078 0.489841 0.489841 0.489841 0.547078 0.492967 0.492967 0.492967 0.552078 0.496721 0.496721 0.496721 0.557078 0.574332 0.574332 0.574332 0.562078 0.530208 0.530208 0.530208 0.567078 0.532465 0.532465 0.532465 0.572078 0.534848 0.534848 0.534848 0.577078 0.537349 0.537349 0.537349 0.582078 0.540030 0.540030 0.540030 0.587078 0.546325 0.546325 0.546325 0.592078 0.548928 0.548928 0.548928 0.597078 0.552540 0.552540 0.552540 0.602078 0.558807 0.558807 0.558807 0.607078 0.636456 0.636456 0.636456 0.612078 0.638743 0.638743 0.638743 0.617078 0.643743 0.643743 0.643743 0.622078 0.648743 0.648743 0.648743 0.627078 0.653743 0.653743 0.653743 0.632078 0.658743 0.658743 0.658743 0.637078 0.663743 0.663743 0.663743 0.642078 0.668743 0.668743 0.668743 0.647078 0.673743 0.673743 0.673743 0.652078 0.678743 0.678743 0.678743 0.657078 0.683743 0.683743 0.683743 0.662078 0.688743 0.688743 0.688743 0.667078 0.693743 0.693743 0.693743 0.672078 0.698743 0.698743 0.698743 0.677078 0.703743 0.703743 0.703743 0.682078 0.708743 0.708743 0.708743 0.687078 0.713743 0.713743 0.713743 0.692078 0.718743 0.718743 0.718743 0.697078 0.723743 0.723743 0.723743 0.702078 0.728743 0.728743 0.728743 0.707078 0.733743 0.733743 0.733743 0.712078 0.738743 0.738743 0.738743 0.717078 0.743743 0.743743 0.743743 0.722078 0.748743 0.748743 0.748743 0.727078 0.753743 0.753743 0.753743 0.732078 0.758743 0.758743 0.758743 0.737078 0.763743 0.763743 0.763743 0.742078 0.768743 0.768743 0.768743 0.747078 0.773743 0.773743 0.773743 0.752078 0.778743 0.778743 0.778743 0.757078 0.783743 0.783743 0.783743 0.762078 0.788743 0.788743 0.788743 0.767078 0.793743 0.793743 0.793743 0.772078 0.798743 0.798743 0.798743 0.777078 0.803743 0.803743 0.803743 0.782078 0.808743 0.808743 0.808743 0.787078 0.813743 0.813743 0.813743 0.792078 0.818743 0.818743 0.818743 0.797078 0.823743 0.823743 0.823743 0.802078 0.828743 0.828743 0.828743 0.807078 0.833743 0.833743 0.833743 0.812078 0.838743 0.838743 0.838743 0.817078 0.843743 0.843743 0.843743 0.822078 0.848743 0.848743 0.848743 0.827078 0.853743 0.853743 0.853743 0.832078 0.858743 0.858743 0.858743 0.837078 0.863743 0.863743 0.863743 0.842078 0.868743 0.868743 0.868743 0.847078 0.873743 0.873743 0.873743 0.852078 0.878743 0.878743 0.878743 0.857078 0.883743 0.883743 0.883743 0.862078 0.888743 0.888743 0.888743 0.867078 0.893743 0.893743 0.893743 0.872078  
0.041507 0.041507 0.041507 0.025796 0.041507 0.041507 0.041507 0.025796 0.041507 0.041507 0.041507 0.025796 0.041507 0.041507 0.041507 0.025796 0.041507 0.041507 0.041507 0.025796 0.041507 0.041507 0.041507 0.025796 0.041507 0.041507 0.041507 0.025796 0.041507 0.041507 0.041507 0.025796 0.041507 0.041507 0.041507 0.025796 0.041507 0.041507 0.041507 0.025796 0.041507 0.041507 0.041507 0.025796 0.041507 0.041507 0.041507 0.025796 0.041507 0.041507 0.041507 0.025796 0.041507 0.041507 0.041507 0.025796 0.041507 0.041507 0.041507 0.025796 0.041507 0.041507 0.041507 0.025796 0.041507 0.041507 0.041507 0.025796 0.041507 0.041507 0.041507 0.025796 0.041507 0.041507 0.041507 0.025796 0.041507 0.041507 0.041507 0.025796 0.041507 0.041507 0.041507 0.025796 0.039699 0.039699 0.039699 0.028919 0.039487 0.039487 0.039487 0.028197 0.040953 0.040953 0.040953 0.026194 0.040074 0.040074 0.040074 0.028310 0.040099 0.040099 0.040099 0.027223 0.040746 0.040746 0.040746 0.027974 0.040849 0.040849 0.040849 0.028563 0.042281 0.042281 0.042281 0.028996 0.043924 0.043924 0.043924 0.033436 0.044805 0.044805 0.044805 0.033953 0.045435 0.045435 0.045435 0.034549 0.046313 0.046313 0.046313 0.036395 0.048173 0.048173 0.048173 0.037951 0.050670 0.050670 0.050670 0.038574 0.051542 0.051542 0.051542 0.039202 0.052319 0.052319 0.052319 0.040227 0.054266 0.054266 0.054266 0.043463 0.060233 0.060233 0.060233 0.044140 0.067491 0.067491 0.067491 0.051446 0.068450 0.068450 0.068450 0.052383 0.069415 0.069415 0.069415 0.057775 0.072470 0.072470 0.072470 0.058613 0.077760 0.077760 0.077760 0.059279 0.078829 0.078829 0.078829 0.060447 0.079761 0.079761 0.079761 0.067245 0.083317 0.083317 0.083317 0.067696 0.089702 0.089702 0.089702 0.068502 0.094872 0.094872 0.094872 0.070033 0.104886 0.104886 0.104886 0.090266 0.106059 0.106059 0.106059 0.090441 0.112377 0.112377 0.112377 0.091252 0.120057 0.120057 0.120057 0.093250 0.120782 0.120782 0.120782 0.104653 0.121508 0.121508 0.121508 0.104428 0.123921 0.123921 0.123921 0.105426 0.133439 0.133439 0.133439 0.108016 0.139115 0.139115 0.139115 0.121154 0.152086 0.152086 0.152086 0.120465 0.159799 0.159799 0.159799 0.121465 0.159740 0.159740 0.159740 0.127412 0.161600 0.161600 0.161600 0.146496 0.175754 0.175754 0.175754 0.160739 0.185075 0.185075 0.185075 0.159243 0.184001 0.184001 0.184001 0.159430 0.182874 0.182874 0.182874 0.161392 0.183447 0.183447 0.183447 0.168939 0.198484 0.198484 0.198484 0.186556 0.208462 0.208462 0.208462 0.191811 0.209430 0.209430 0.209430 0.212569 0.211350 0.211350 0.211350 0.207385 0.232313 0.232313 0.232313 0.206966 0.240641 0.240641 0.240641 0.207726 0.238664 0.238664 0.238664 0.209178 0.241630 0.241630 0.241630 0.211630 0.256945 0.256945 0.256945 0.219305 0.266292 0.266292 0.266292 0.237545 0.266772 0.266772 0.266772 0.240036 0.267771 0.267771 0.267771 0.246220 0.269162 0.269162 0.269162 0.264911 0.316405 0.316405 0.316405 0.265907 0.349634 0.349634 0.349634 0.271301 0.353010 0.353010 0.353010 0.288304 0.356039 0.356039 0.356039 0.297168 0.358520 0.358520 0.358520 0.298676 0.354332 0.354332 0.354332 0.300396 0.333868 0.333868 0.333868 0.302354 0.335754 0.335754 0.335754 0.321504 0.337853 0.337853 0.337853 0.333041 0.340235 0.340235 0.340235 0.334971 0.343132 0.343132 0.343132 0.337052 0.352003 0.352003 0.352003 0.338696 0.371398 0.371398 0.371398 0.340857 0.374616 0.374616 0.374616 0.343757 0.376761 0.376761 0.376761 0.350228 0.379056 0.379056 0.379056 0.374712 0.381547 0.381547 0.381547 0.376890 0.396477 0.396477 0.396477 0.379171 0.417196 0.417196 0.417196 0.381581 0.418983 0.418983 0.418983 0.433867 0.420893 0.420893 0.420893 0.417597 0.422913 0.422913 0.422913 0.419548 0.425039 0.425039 0.425039 0.421581 0.428880 0.428880 0.428880 0.423688 0.433805 0.433805 0.433805 0.426940 0.436810 0.436810 0.436810 0.432024 0.440606 0.440606 0.440606 0.434707 0.479710 0.479710 0.479710 0.437603 0.513541 0.513541 0.513541 0.440897 0.474452 0.474452 0.474452 0.445333 0.477820 0.477820 0.477820 0.523350 0.479741 0.479741 0.479741 0.527078 0.481810 0.481810 0.481810 0.532078 0.484337 0.484337 0.484337 0.537078 0.487000 0.487000 0.487000 0.542078 0.489841 0.489841 0.489841 0.547078 0.492967 0.492967 0.492967 0.552078 0.496721 0.496721 0.496721 0.557078 0.574332 0.574332 0.574332 0.562078 0.530208 0.530208 0.530208 0.567078 0.532465 0.532465 0.532465 0.572078 0.534848 0.534848 0.534848 0.577078 0.537349 0.537349 0.537349 0.582078 0.540030 0.540030 0.540030 0.587078 0.546325 0.546325 0.546325 0.592078 0.548928 0.548928 0.548928 0.597078 0.552540 0.552540 0.552540 0.602078 0.558807 0.558807 0.558807 0.607078 0.636456 0.636456 0.636456 0.612078 0.638743 0.638743 0.638743 0.617078 0.643743 0.643743 0.643743 0.622078 0.648743 0.648743 0.648743 0.627078 0.653743 0.653743 0.653743 0.632078 0.658743 0.658743 0.658743 0.637078 0.663743 0.663743 0.663743 0.642078 0.668743 0.668743 0.668743 0.647078 0.673743 0.673743 0.673743 0.652078 0.678743 0.678743 0.678743 0.657078 0.683743 0.683743 0.683743 0.662078 0.688743 0.688743 0.688743 0.667078 0.693743 0.693743 0.693743 0.672078 0.698743 0.698743 0.698743 0.677078 0.703743 0.703743 0.703743 0.682078 0.708743 0.708743 0.708743 0.687078 0.713743 0.713743 0.713743 0.692078 0.718743 0.718743 0.718743 0.697078 0.723743 0.723743 0.723743 0.702078 0.728743 0.728743 0.728743 0.707078 0.733743 0.733743 0.733743 0.712078 0.738743 0.738743 0.738743 0.717078 0.743743 0.743743 0.743743 0.722078 0.748743 0.748743 0.748743 0.727078 0.753743 0.753743 0.753743 0.732078 0.758743 0.758743 0.758743 0.737078 0.763743 0.763743 0.763743 0.742078 0.768743 0.768743 0.768743 0.747078 0.773743 0.773743 0.773743 0.752078 0.778743 0.778743 0.778743 0.757078 0.783743 0.783743 0.783743 0.762078 0.788743 0.788743 0.788743 0.767078 0.793743 0.793743 0.793743 0.772078 0.798743 0.798743 0.798743 0.777078 0.803743 0.803743 0.803743 0.782078 0.808743 0.808743 0.808743 0.787078 0.813743 0.813743 0.813743 0.792078 0.818743 0.818743 0.818743 0.797078 0.823743 0.823743 0.823743 0.802078 0.828743 0.828743 0.828743 0.807078 0.833743 0.833743 0.833743 0.812078 0.838743 0.838743 0.838743 0.817078 0.843743 0.843743 0.843743 0.822078 0.848743 0.848743 0.848743 0.827078 0.853743 0.853743 0.853743 0.832078 0.858743 0.858743 0.858743 0.837078 0.863743 0.863743 0.863743 0.842078 0.868743 0.868743 0.868743 0.847078 0.873743 0.873743 0.873743 0.852078 0.878743 0.878743 0.878743 0.857078 0.883743 0.883743 0.883743 0.862078 0.888743 0.888743 0.888743 0.867078 0.893743 0.893743 0.893743 0.872078  
0.000010 0.000010 0.000010 0.000010 0.000010 0.000010 0.000010 0.000010 0.000010 0.000010 0.000010 0.000010 0.000010 0.000010 0.000010 0.000010 0.000010 0.000010 0.000010 0.000010 0.000010 0.000010 0.000010 0.000010 0.000010 0.000010 0.000010 0.000010 0.000010 0.000010 0.000010 0.000010 0.000010 0.000010 0.000010 0.000010 0.000010 0.000010 0.000010 0.000010 0.000010 0.000010 0.000010 0.000010 0.000010 0.000010 0.000010 0.000010 0.000010 0.000010 0.000010 0.000010 0.000010 0.000010 0.000010 0.000010 0.000010 0.000010 0.000010 0.000010 0.000010 0.000010 0.000010 0.000010 0.000010 0.000010 0.000010 0.000010 0.000010 0.000010 0.000010 0.000010 0.000010 0.000010 0.000010 0.000010 0.000010 0.000010 0.000010 0.000010 0.000010 0.000010 0.000010 0.000010 0.000010 0.000010 0.000010 0.000010 0.000010 0.000010 0.000010 0.000010 0.000010 0.000010 0.000010 0.000010 0.000010 0.000010 0.000010 0.000010 0.000010 0.000010 0.000010 0.000010 0.000010 0.000010 0.000010 0.000010 0.000010 0.000010 0.000010 0.000010 0.000010 0.000010 0.000010 0.000010 0.000010 0.000010 0.000010 0.000010 0.000010 0.000010 0.000010 0.000010 0.000010 0.000010 0.000010 0.000010 0.000010 0.000010 0.000010 0.000010 0.000010 0.000010 0.000010 0.000010 0.000010 0.000010 0.000010 0.000010 0.000010 0.000010 0.000010 0.000010 0.000010 0.000010 0.000010 0.000010 0.000010 0.000010 0.000010 0.000010 0.000010 0.000010 0.000010 0.000010 0.000010 0.000010 0.000010 0.000010 0.000010 0.000010 0.000010 0.000010 0.000010 0.000010 0.000010 0.000010 0.000010 0.000010 0.000010 0.000010 0.000010 0.000010 0.000010 0.000010 0.000010 0.000010 0.000010 0.000010 0.000010 0.000010 0.000010 0.000010 0.000010 0.000010 0.000010 0.000010 0.000010 0.000010 0.000010 0.000010 0.000010 0.000010 0.000010 0.000010 0.000010 0.000010 0.000010 0.000010 0.000010 0.000010 0.000010 0.000010 0.000010 0.000010 0.000010 0.000010 0.000010 0.000010 0.000010 0.000010 0.000010 0.000010 0.000010 0.000010 0.000010 0.000010 0.000010 0.000010 0.000010 0.000010 0.000010 0.000010 0.000010 0.000010 0.000010 0.000010 0.000010 0.000010 0.000010 0.000010 0.000010 0.000010 0.000010 0.000010 0.000010 0.000010 0.000010 0.000010 0.000010 0.000010 0.000010 0.000010 0.000010 0.000010 0.000010 0.000010 0.000010 0.000010 0.000010 0.000010 0.000010 0.000010 0.000010 0.000010 0.000010 0.000010 0.000010 0.000010 0.000010 0.000010 0.000010 0.000010 0.000010 0.000010 0.000010 0.000010 0.000010 0.000010 0.000010 0.000010 0.000010 0.000010 0.000010 0.000010 0.000010 0.000010 0.000010 0.000010 0.000010 0.000010 0.000010 0.000010 0.000010 0.000010 0.000010 0.000010 0.000010 0.000010 0.000010 0.000010 0.000010 0.000010 0.000010 0.000010 0.000010 0.000010 0.000010 0.000010 0.000010 0.000010 0.000010 0.000010 0.000010 0.000010 0.000010 0.000010 0.000010 0.000010 0.000010 0.000010 0.000010 0.000010 0.000010 0.000010 0.000010 0.000010 0.000010 0.000010 0.000010 0.000010 0.000010 0.000010 0.000010 0.000010 0.000010 0.000010 0.000010 0.000010 0.000010 0.000010 0.000010 0.000010 0.000010 0.000010 0.000010 0.000010 0.000010 0.000010 0.000010 0.000010 0.000010 0.000010 0.000010 0.000010 0.000010 0.000010 0.000010 0.000010 0.000010 0.000010 0.000010 0.000010 0.000010 0.000010 0.000010 0.000010 0.000010 0.000010 0.000010 0.000010 0.000010 0.000010 0.000010 0.000010 0.000010 0.000010 0.000010 0.000010 0.000010 0.000010 0.000010 0.000010 0.000010 0.000010 0.000010 0.000010 0.000010 0.000010 0.000010 0.000010 0.000010 0.000010 0.000010 0.000010 0.000010 0.000010 0.000010 0.000010 0.000010 0.000010 0.000010 0.000010 0.000010 0.000010 0.000010 0.000010 0.000010 0.000010 0.000010 0.000010 0.000010 0.000010 0.000010 0.000010 0.000010 0.000010 0.000010 0.000010 0.000010 0.000010 0.000010 0.000010 0.000010 0.000010 0.000010 0.000010 0.000010 0.000010 0.000010 0.000010 0.000010 0.000010 0.000010 0.000010 0.000010 0.000010 0.000010 0.000010 0.000010 0.000010 0.000010 0.000010 0.000010 0.000010 0.000010 0.000010 0.000010 0.000010 0.000010 0.000010 0.000010 0.000010 0.000010 0.000010 0.000010 0.000010 0.000010 0.000010 0.000010 0.000010 0.000010 0.000010 0.000010 0.000010 0.000010 0.000010 0.000010 0.000010 0.000010 0.000010 0.000010 0.000010 0.000010 0.000010 0.000010 0.000010 0.000010 0.000010 0.000010 0.000010 0.000010 0.000010 0.000010 0.000010 0.000010 0.000010 0.000010 0.000010 0.000010 0.000010 0.000010 0.000010 0.000010 0.000010 0.000010 0.000010 0.000010 0.000010 0.000010 0.000010 0.000010 0.000010 0.000010 0.000010 0.000010 0.000010 0.000010 0.000010 0.000010 0.000010 0.000010 0.000010 0.000010 0.000010 0.000010 0.000010 0.000010 0.000010 0.000010 0.000010 0.000010 0.000010 0.000010 0.000010 0.000010 0.000010 0.000010 0.000010 0.000010 0.000010 0.000010 0.000010 0.000010 0.000010 0.000010 0.000010 0.000010 0.000010 0.000010 0.000010 0.000010 0.000010 0.000010 0.000010 0.000010 0.000010 0.000010 0.000010 0.000010 0.000010 0.000010 0.000010 0.000010 0.000010 0.000010 0.000010 0.000010 0.000010 0.000010 0.000010 0.000010 0.000010 0.000010 0.000010 0.000010 0.000010 0.000010 0.000010 0.000010 0.000010 0.000010 0.000010 0.000010 0.000010 0.000010 0.000010 0.000010 0.000010 0.000010 0.000010 0.000010 0.000010 0.000010 0.000010 0.000010 0.000010 0.000010 0.000010 0.000010 0.000010 0.000010 0.000010 0.000010 0.000010 0.000010 0.000010 0.000010 0.000010 0.000010 0.000010 0.000010 0.000010 0.000010 0.000010 0.000010 0.000010 0.000010 0.000010 0.000010 0.000010 0.000010 0.000010 0.000010 0.000010 0.000010 0.000010 0.000010 0.000010 0.000010 0.000010 0.000010 0.000010 0.000010 0.000010 0.000010 0.000010 0.000010 0.000010 0.000010 0.000010 0.000010 0.000010 0.000010 0.000010 0.000010 0.000010 0.000010 0.000010 0.000010 0.000010 0.000010 0.000010 0.000010 0.000010 0.000010 0.000010 0.000010 0.000010 0.000010 0.000010 0.000010 0.000010 0.000010 0.000010 0.000010 0.000010 0.000010 0.000010 0.000010 0.000010 0.000010 0.000010 0.000010 0.000010 0.000010 0.000010 0.000010 0.000010 0.000010 0.000010 0.000010 0.000010 0.000010 0.000010 0.000010 0.000010 0.000010 0.000010 0.000010 0.000010 0.000010 0.000010 0.000010 0.000010 0.000010 0.000010 0.000010 0.000010 0.000010 0.000010 0.000010 0.000010 0.000010 0.000010 0.000010 0.000010 0.000010 0.000010 0.000010 0.000010 0.000010 0.000010 0.000010 0.000010 0.000010 0.000010 0.000010 0.000010 0.000010 0.000010 0.000010 0.000010 0.000010 0.000010 0.000010 0.000010 0.000010 0.000010 0.000010 0.000010 0.000010 0.000010 0.000010 0.000010 0.000010 0.000010 0.000010 0.000010 0.000010 0.000010 0.000010 0.000010  
0.000000 0.000000 0.000000 0.000000 0.000000 0.000000 0.000000 0.000000 0.000000 0.000000 0.000000 0.000000 0.000000 0.000000 0.000000 0.000000 0.000000 0.000000 0.000000 0.000000 0.000000 0.000000 0.000000 0.000000 0.000000 0.000000 0.000000 0.000000 0.000000 0.000000 0.000000 0.000000 0.000000 0.000000 0.000000 0.000000 0.000000 0.000000 0.000000 0.000000 0.000000 0.000000 0.000000 0.000000 0.000000 0.000000 0.000000 0.000000 0.000000 0.000000 0.000000 0.000000 0.000000 0.000000 0.000000 0.000000 0.000000 0.000000 0.000000 0.000000 0.000000 0.000000 0.000000 0.000000 0.000000 0.000000 0.000000 0.000000 0.000000 0.000000 0.000000 0.000000 0.000000 0.000000 0.000000 0.000000 0.000000 0.000000 0.000000 0.000000 0.000000 0.000000 0.000000 0.000000 0.000000 0.000000 0.000000 0.000000 0.000000 0.000000 0.000000 0.000000 0.000000 0.000000 0.000000 0.000000 0.000000 0.000000 0.000000 0.000000 0.000000 0.000000 0.000000 0.000000 0.000000 0.000000 0.000000 0.000000 0.000000 0.000000 0.000000 0.000000 0.000000 0.000000 0.000000 0.000000 0.000000 0.000000 0.000000 0.000000 0.000000 0.000000 0.000000 0.000000 0.000000 0.000000 0.000000 0.000000 0.000000 0.000000 0.000000 0.000000 0.000000 0.000000 0.000000 0.000000 0.000000 0.000000 0.000000 0.000000 0.000000 0.000000 0.000000 0.000000 0.000000 0.000000 0.000000 0.000000 0.000000 0.000000 0.000000 0.000000 0.000000 0.000000 0.000000 0.000000 0.000000 0.000000 0.000000 0.000000 0.000000 0.000000 0.000000 0.000000 0.000000 0.000000 0.000000 0.000000 0.000000 0.000000 0.000000 0.000000 0.000000 0.000000 0.000000 0.000000 0.000000 0.000000 0.000000 0.000000 0.000000 0.000000 0.000000 0.000000 0.000000 0.000000 0.000000 0.000000 0.000000 0.000000 0.000000 0.000000 0.000000 0.000000 0.000000 0.000000 0.000000 0.000000 0.000000 0.000000 0.000000 0.000000 0.000000 0.000000 0.000000 0.000000 0.000000 0.000000 0.000000 0.000000 0.000000 0.000000 0.000000 0.000000 0.000000 0.000000 0.000000 0.000000 0.000000 0.000000 0.000000 0.000000 0.000000 0.000000 0.000000 0.000000 0.000000 0.000000 0.000000 0.000000 0.000000 0.000000 0.000000 0.000000 0.000000 0.000000 0.000000 0.000000 0.000000 0.000000 0.000000 0.000000 0.000000 0.000000 0.000000 0.000000 0.000000 0.000000 0.000000 0.000000 0.000000 0.000000 0.000000 0.000000 0.000000 0.000000 0.000000 0.000000 0.000000 0.000000 0.000000 0.000000 0.000000 0.000000 0.000000 0.000000 0.000000 0.000000 0.000000 0.000000 0.000000 0.000000 0.000000 0.000000 0.000000 0.000000 0.000000 0.000000 0.000000 0.000000 0.000000 0.000000 0.000000 0.000000 0.000000 0.000000 0.000000 0.000000 0.000000 0.000000 0.000000 0.000000 0.000000 0.000000 0.000000 0.000000 0.000000 0.000000 0.000000 0.000000 0.000000 0.000000 0.000000 0.000000 0.000000 0.000000 0.000000 0.000000 0.000000 0.000000 0.000000 0.000000 0.000000 0.000000 0.000000 0.000000 0.000000 0.000000 0.000000 0.000000 0.000000 0.000000 0.000000 0.000000 0.000000 0.000000 0.000000 0.000000 0.000000 0.000000 0.000000 0.000000 0.000000 0.000000 0.000000 0.000000 0.000000 0.000000 0.000000 0.000000 0.000000 0.000000 0.000000 0.000000 0.000000 0.000000 0.000000 0.000000 0.000000 0.000000 0.000000 0.000000 0.000000 0.000000 0.000000 0.000000 0.000000 0.000000 0.000000 0.000000 0.000000 0.000000 0.000000 0.000000 0.000000 0.000000 0.000000 0.000000 0.000000 0.000000 0.000000 0.000000 0.000000 0.000000 0.000000 0.000000 0.000000 0.000000 0.000000 0.000000 0.000000 0.000000 0.000000 0.000000 0.000000 0.000000 0.000000 0.000000 0.000000 0.000000 0.000000 0.000000 0.000000 0.000000 0.000000 0.000000 0.000000 0.000000 0.000000 0.000000 0.000000 0.000000 0.000000 0.000000 0.000000 0.000000 0.000000 0.000000 0.000000 0.000000 0.000000 0.000000 0.000000 0.000000 0.000000 0.000000 0.000000 0.000000 0.000000 0.000000 0.000000 0.000000 0.000000 0.000000 0.000000 0.000000 0.000000 0.000000 0.000000 0.000000 0.000000 0.000000 0.000000 0.000000 0.000000 0.000000 0.000000 0.000000 0.000000 0.000000 0.000000 0.000000 0.000000 0.000000 0.000000 0.000000 0.000000 0.000000 0.000000 0.000000 0.000000 0.000000 0.000000 0.000000 0.000000 0.000000 0.000000 0.000000 0.000000 0.000000 0.000000 0.000000 0.000000 0.000000 0.000000 0.000000 0.000000 0.000000 0.000000 0.000000 0.000000 0.000000 0.000000 0.000000 0.000000 0.000000 0.000000 0.000000 0.000000 0.000000 0.000000 0.000000 0.000000 0.000000 0.000000 0.000000 0.000000 0.000000 0.000000 0.000000 0.000000 0.000000 0.000000 0.000000 0.000000 0.000000 0.000000 0.000000 0.000000 0.000000 0.000000 0.000000 0.000000 0.000000 0.000000 0.000000 0.000000 0.000000 0.000000 0.000000 0.000000 0.000000 0.000000 0.000000 0.000000 0.000000 0.000000 0.000000 0.000000 0.000000 0.000000 0.000000 0.000000 0.000000 0.000000 0.000000 0.000000 0.000000 0.000000 0.000000 0.000000 0.000000 0.000000 0.000000 0.000000 0.000000 0.000000 0.000000 0.000000 0.000000 0.000000 0.000000 0.000000 0.000000 0.000000 0.000000 0.000000 0.000000 0.000000 0.000000 0.000000 0.000000 0.000000 0.000000 0.000000 0.000000 0.000000 0.000000 0.000000 0.000000 0.000000 0.000000 0.000000 0.000000 0.000000 0.000000 0.000000 0.000000 0.000000 0.000000 0.000000 0.000000 0.000000 0.000000 0.000000 0.000000 0.000000 0.000000 0.000000 0.000000 0.000000 0.000000 0.000000 0.000000 0.000000 0.000000 0.000000 0.000000 0.000000 0.000000 0.000000 0.000000 0.000000 0.000000 0.000000 0.000000 0.000000 0.000000 0.000000 0.000000 0.000000 0.000000 0.000000 0.000000 0.000000 0.000000 0.000000 0.000000 0.000000 0.000000 0.000000 0.000000 0.000000 0.000000 0.000000 0.000000 0.000000 0.000000 0.000000 0.000000 0.000000 0.000000 0.000000 0.000000 0.000000 0.000000 0.000000 0.000000 0.000000 0.000000 0.000000 0.000000 0.000000 0.000000 0.000000 0.000000 0.000000 0.000000 0.000000 0.000000 0.000000 0.000000 0.000000 0.000000 0.000000 0.000000 0.000000 0.000000 0.000000 0.000000 0.000000 0.000000 0.000000 0.000000 0.000000 0.000000 0.000000 0.000000 0.000000 0.000000 0.000000 0.000000 0.000000 0.000000 0.000000 0.000000 0.000000 0.000000 0.000000 0.000000 0.000000 0.000000 0.000000 0.000000 0.000000 0.000000 0.000000 0.000000 0.000000 0.000000 0.000000 0.000000 0.000000 0.000000 0.000000 0.000000 0.000000 0.000000 0.000000 0.000000 0.000000 0.000000 0.000000 0.000000 0.000000 0.000000 0.000000 0.000000 0.000000 0.000000 0.000000 0.000000 0.000000 0.000000 0.000000 0.000000 0.000000 0.000000 0.000000 0.000000 0.000000 0.000000 0.000000 0.000000 0.000000 0.000000 0.000000 0.000000 0.000000 0.000000 0.000000 0.000000 0.000000 0.000000 
