Reynolds number List -  Side 
4 
      500000.0 
     1000000.0 
     5000000.0 
    10000000.0 
Angle of Attack List -  Downwards 
181 
-5.00 
 -4.75 
 -4.50 
 -4.25 
 -4.00 
 -3.75 
 -3.50 
 -3.25 
 -3.00 
 -2.75 
 -2.50 
 -2.25 
 -2.00 
 -1.75 
 -1.50 
 -1.25 
 -1.00 
 -0.75 
 -0.50 
 -0.25 
 0.00 
 0.25 
 0.50 
 0.75 
 1.00 
 1.25 
 1.50 
 1.75 
 2.00 
 2.25 
 2.50 
 2.75 
 3.00 
 3.25 
 3.50 
 3.75 
 4.00 
 4.25 
 4.50 
 4.75 
 5.00 
 5.25 
 5.50 
 5.75 
 6.00 
 6.25 
 6.50 
 6.75 
 7.00 
 7.25 
 7.50 
 7.75 
 8.00 
 8.25 
 8.50 
 8.75 
 9.00 
 9.25 
 9.50 
 9.75 
 10.00 
 10.25 
 10.50 
 10.75 
 11.00 
 11.25 
 11.50 
 11.75 
 12.00 
 12.25 
 12.50 
 12.75 
 13.00 
 13.25 
 13.50 
 13.75 
 14.00 
 14.25 
 14.50 
 14.75 
 15.00 
 15.25 
 15.50 
 15.75 
 16.00 
 16.25 
 16.50 
 16.75 
 17.00 
 17.25 
 17.50 
 17.75 
 18.00 
 18.25 
 18.50 
 18.75 
 19.00 
 19.25 
 19.50 
 19.75 
 20.00 
 20.25 
 20.50 
 20.75 
 21.00 
 21.25 
 21.50 
 21.75 
 22.00 
 22.25 
 22.50 
 22.75 
 23.00 
 23.25 
 23.50 
 23.75 
 24.00 
 24.25 
 24.50 
 24.75 
 25.00 
 25.25 
 25.50 
 25.75 
 26.00 
 26.25 
 26.50 
 26.75 
 27.00 
 27.25 
 27.50 
 27.75 
 28.00 
 28.25 
 28.50 
 28.75 
 29.00 
 29.25 
 29.50 
 29.75 
 30.00 
 30.25 
 30.50 
 30.75 
 31.00 
 31.25 
 31.50 
 31.75 
 32.00 
 32.25 
 32.50 
 32.75 
 33.00 
 33.25 
 33.50 
 33.75 
 34.00 
 34.25 
 34.50 
 34.75 
 35.00 
 35.25 
 35.50 
 35.75 
 36.00 
 36.25 
 36.50 
 36.75 
 37.00 
 37.25 
 37.50 
 37.75 
 38.00 
 38.25 
 38.50 
 38.75 
 39.00 
 39.25 
 39.50 
 39.75 
 40.00 
  Pressure BL Thick 
 Pressure Disp Thick 
Pressure Cf  
Suction BL Thick  
Suction Disp Thick  
Cf Suction  
0.020673 0.020673 0.007866 0.007218 0.020673 0.020673 0.007866 0.007218 0.020673 0.020673 0.007866 0.007218 0.020673 0.020673 0.007866 0.007218 0.020673 0.020673 0.007866 0.007218 0.020673 0.020673 0.007866 0.007218 0.020673 0.020673 0.007866 0.007218 0.020673 0.020673 0.007866 0.007218 0.020673 0.020673 0.007866 0.007218 0.020673 0.020673 0.007866 0.007218 0.020673 0.020673 0.007866 0.007218 0.020673 0.020673 0.007866 0.007218 0.020673 0.020673 0.007866 0.007218 0.020673 0.020673 0.007866 0.007218 0.020673 0.020673 0.007866 0.007218 0.020673 0.020673 0.007866 0.007218 0.020673 0.020673 0.007866 0.007218 0.020673 0.020673 0.007866 0.007218 0.020673 0.020673 0.007866 0.007218 0.020673 0.020673 0.007866 0.007218 0.020673 0.020673 0.007866 0.007218 0.018229 0.018229 0.007607 0.006993 0.016480 0.016480 0.007361 0.006778 0.015115 0.015115 0.007127 0.006573 0.014054 0.014054 0.006904 0.006377 0.013177 0.013177 0.006691 0.006189 0.012415 0.012415 0.006488 0.005964 0.011740 0.011740 0.006293 0.005792 0.011134 0.011134 0.006106 0.005627 0.010586 0.010586 0.005927 0.005467 0.010087 0.010087 0.005755 0.005314 0.009628 0.009628 0.005590 0.005167 0.009204 0.009204 0.005431 0.005025 0.008810 0.008810 0.005277 0.004887 0.008445 0.008445 0.005130 0.004755 0.008104 0.008104 0.004987 0.004627 0.007782 0.007782 0.004800 0.004503 0.007479 0.007479 0.004667 0.004343 0.007197 0.007197 0.004539 0.004228 0.006932 0.006932 0.004414 0.004116 0.006675 0.006675 0.004294 0.004007 0.006433 0.006433 0.004177 0.003902 0.006209 0.006209 0.004063 0.003799 0.005995 0.005995 0.003953 0.003700 0.005784 0.005784 0.003846 0.003604 0.005586 0.005586 0.003742 0.003510 0.005406 0.005406 0.003581 0.003419 0.005227 0.005227 0.003464 0.003330 0.005050 0.005050 0.003346 0.003202 0.004889 0.004889 0.003238 0.003117 0.004739 0.004739 0.003139 0.003034 0.004586 0.004586 0.003046 0.002953 0.004438 0.004438 0.002960 0.002873 0.004305 0.004305 0.002875 0.002790 0.004179 0.004179 0.002794 0.002689 0.004044 0.004044 0.002720 0.002601 0.003922 0.003922 0.002595 0.002463 0.003814 0.003814 0.002522 0.002393 0.003701 0.003701 0.002461 0.002330 0.003572 0.003572 0.002391 0.002263 0.003437 0.003437 0.002324 0.002200 0.003341 0.003341 0.002272 0.002145 0.003261 0.003261 0.002206 0.002083 0.003164 0.003164 0.002145 0.002032 0.003065 0.003065 0.002100 0.001941 0.002986 0.002986 0.002005 0.001884 0.002919 0.002919 0.001948 0.001846 0.002826 0.002826 0.001916 0.001791 0.002735 0.002735 0.001858 0.001739 0.002648 0.002648 0.001805 0.001551 0.002586 0.002586 0.001778 0.001522 0.002537 0.002537 0.001725 0.001477 0.002454 0.002454 0.001651 0.001439 0.002392 0.002392 0.001608 0.001414 0.002353 0.002353 0.001594 0.001366 0.002277 0.002277 0.001539 0.001324 0.002202 0.002202 0.001496 0.001302 0.002144 0.002144 0.001460 0.001259 0.002091 0.002091 0.001434 0.001235 0.002053 0.002053 0.001386 0.001216 0.001975 0.001975 0.001346 0.001166 0.001921 0.001921 0.001307 0.001131 0.001867 0.001867 0.001291 0.001113 0.001867 0.001867 0.001262 0.001098 0.001867 0.001867 0.001216 0.001053 0.001867 0.001867 0.001187 0.001020 0.001867 0.001867 0.001191 0.001006 0.001867 0.001867 0.001162 0.000996 0.001867 0.001867 0.001108 0.000954 0.001867 0.001867 0.001074 0.000923 0.001867 0.001867 0.001049 0.000903 0.001867 0.001867 0.001019 0.000888 0.001867 0.001867 0.000996 0.000864 0.001867 0.001867 0.000972 0.000836 0.001867 0.001867 0.000947 0.000817 0.001867 0.001867 0.000931 0.000801 0.001867 0.001867 0.000910 0.000785 0.001867 0.001867 0.000890 0.000773 0.001867 0.001867 0.000871 0.000751 0.001867 0.001867 0.000853 0.000737 0.001867 0.001867 0.000839 0.000723 0.001867 0.001867 0.000826 0.000700 0.001867 0.001867 0.000889 0.000662 0.001867 0.001867 0.000894 0.000772 0.001867 0.001867 0.000784 0.000648 0.001867 0.001867 0.000737 0.000636 0.001867 0.001867 0.000722 0.000624 0.001867 0.001867 0.000709 0.000613 0.001867 0.001867 0.000697 0.000603 0.001867 0.001867 0.000685 0.000594 0.001867 0.001867 0.000706 0.000585 0.001867 0.001867 0.000786 0.000582 0.001867 0.001867 0.000741 0.000679 0.001867 0.001867 0.000653 0.000647 0.001867 0.001867 0.000640 0.000555 0.001867 0.001867 0.000629 0.000545 0.001867 0.001867 0.000618 0.000536 0.001867 0.001867 0.000609 0.000527 0.001867 0.001867 0.000600 0.000519 0.001867 0.001867 0.000667 0.000511 0.001867 0.001867 0.000689 0.000505 0.001867 0.001867 0.000672 0.000505 0.001867 0.001867 0.000549 0.000505 0.001867 0.001867 0.000535 0.000505 0.001867 0.001867 0.000526 0.000505 0.001867 0.001867 0.000518 0.000505 0.001867 0.001867 0.000510 0.000505 0.001867 0.001867 0.000505 0.000505 0.001867 0.001867 0.000558 0.000505 0.001867 0.001867 0.000521 0.000505 0.001867 0.001867 0.000487 0.000505 0.001867 0.001867 0.000484 0.000505 0.001867 0.001867 0.000484 0.000505 0.001867 0.001867 0.000484 0.000505 0.001867 0.001867 0.000484 0.000505 0.001867 0.001867 0.000484 0.000505 0.001867 0.001867 0.000484 0.000505 0.001867 0.001867 0.000484 0.000505 0.001867 0.001867 0.000484 0.000505 0.001867 0.001867 0.000484 0.000505 0.001867 0.001867 0.000484 0.000505 0.001867 0.001867 0.000484 0.000505 0.001867 0.001867 0.000484 0.000505 0.001867 0.001867 0.000484 0.000505 0.001867 0.001867 0.000484 0.000505 0.001867 0.001867 0.000484 0.000505 0.001867 0.001867 0.000484 0.000505 0.001867 0.001867 0.000484 0.000505 0.001867 0.001867 0.000484 0.000505 0.001867 0.001867 0.000484 0.000505 0.001867 0.001867 0.000484 0.000505 0.001867 0.001867 0.000484 0.000505 0.001867 0.001867 0.000484 0.000505 0.001867 0.001867 0.000484 0.000505 0.001867 0.001867 0.000484 0.000505 0.001867 0.001867 0.000484 0.000505 0.001867 0.001867 0.000484 0.000505 0.001867 0.001867 0.000484 0.000505 0.001867 0.001867 0.000484 0.000505 0.001867 0.001867 0.000484 0.000505 0.001867 0.001867 0.000484 0.000505 0.001867 0.001867 0.000484 0.000505 0.001867 0.001867 0.000484 0.000505 0.001867 0.001867 0.000484 0.000505 0.001867 0.001867 0.000484 0.000505 0.001867 0.001867 0.000484 0.000505 0.001867 0.001867 0.000484 0.000505 0.001867 0.001867 0.000484 0.000505 0.001867 0.001867 0.000484 0.000505 0.001867 0.001867 0.000484 0.000505 0.001867 0.001867 0.000484 0.000505 0.001867 0.001867 0.000484 0.000505 0.001867 0.001867 0.000484 0.000505 0.001867 0.001867 0.000484 0.000505 0.001867 0.001867 0.000484 0.000505 0.001867 0.001867 0.000484 0.000505 0.001867 0.001867 0.000484 0.000505 0.001867 0.001867 0.000484 0.000505 0.001867 0.001867 0.000484 0.000505 0.001867 0.001867 0.000484 0.000505 0.001867 0.001867 0.000484 0.000505  
0.020673 0.020673 0.007866 0.007218 0.020673 0.020673 0.007866 0.007218 0.020673 0.020673 0.007866 0.007218 0.020673 0.020673 0.007866 0.007218 0.020673 0.020673 0.007866 0.007218 0.020673 0.020673 0.007866 0.007218 0.020673 0.020673 0.007866 0.007218 0.020673 0.020673 0.007866 0.007218 0.020673 0.020673 0.007866 0.007218 0.020673 0.020673 0.007866 0.007218 0.020673 0.020673 0.007866 0.007218 0.020673 0.020673 0.007866 0.007218 0.020673 0.020673 0.007866 0.007218 0.020673 0.020673 0.007866 0.007218 0.020673 0.020673 0.007866 0.007218 0.020673 0.020673 0.007866 0.007218 0.020673 0.020673 0.007866 0.007218 0.020673 0.020673 0.007866 0.007218 0.020673 0.020673 0.007866 0.007218 0.020673 0.020673 0.007866 0.007218 0.020673 0.020673 0.007866 0.007218 0.018229 0.018229 0.007607 0.006993 0.016480 0.016480 0.007361 0.006778 0.015115 0.015115 0.007127 0.006573 0.014054 0.014054 0.006904 0.006377 0.013177 0.013177 0.006691 0.006189 0.012415 0.012415 0.006488 0.005964 0.011740 0.011740 0.006293 0.005792 0.011134 0.011134 0.006106 0.005627 0.010586 0.010586 0.005927 0.005467 0.010087 0.010087 0.005755 0.005314 0.009628 0.009628 0.005590 0.005167 0.009204 0.009204 0.005431 0.005025 0.008810 0.008810 0.005277 0.004887 0.008445 0.008445 0.005130 0.004755 0.008104 0.008104 0.004987 0.004627 0.007782 0.007782 0.004800 0.004503 0.007479 0.007479 0.004667 0.004343 0.007197 0.007197 0.004539 0.004228 0.006932 0.006932 0.004414 0.004116 0.006675 0.006675 0.004294 0.004007 0.006433 0.006433 0.004177 0.003902 0.006209 0.006209 0.004063 0.003799 0.005995 0.005995 0.003953 0.003700 0.005784 0.005784 0.003846 0.003604 0.005586 0.005586 0.003742 0.003510 0.005406 0.005406 0.003581 0.003419 0.005227 0.005227 0.003464 0.003330 0.005050 0.005050 0.003346 0.003202 0.004889 0.004889 0.003238 0.003117 0.004739 0.004739 0.003139 0.003034 0.004586 0.004586 0.003046 0.002953 0.004438 0.004438 0.002960 0.002873 0.004305 0.004305 0.002875 0.002790 0.004179 0.004179 0.002794 0.002689 0.004044 0.004044 0.002720 0.002601 0.003922 0.003922 0.002595 0.002463 0.003814 0.003814 0.002522 0.002393 0.003701 0.003701 0.002461 0.002330 0.003572 0.003572 0.002391 0.002263 0.003437 0.003437 0.002324 0.002200 0.003341 0.003341 0.002272 0.002145 0.003261 0.003261 0.002206 0.002083 0.003164 0.003164 0.002145 0.002032 0.003065 0.003065 0.002100 0.001941 0.002986 0.002986 0.002005 0.001884 0.002919 0.002919 0.001948 0.001846 0.002826 0.002826 0.001916 0.001791 0.002735 0.002735 0.001858 0.001739 0.002648 0.002648 0.001805 0.001551 0.002586 0.002586 0.001778 0.001522 0.002537 0.002537 0.001725 0.001477 0.002454 0.002454 0.001651 0.001439 0.002392 0.002392 0.001608 0.001414 0.002353 0.002353 0.001594 0.001366 0.002277 0.002277 0.001539 0.001324 0.002202 0.002202 0.001496 0.001302 0.002144 0.002144 0.001460 0.001259 0.002091 0.002091 0.001434 0.001235 0.002053 0.002053 0.001386 0.001216 0.001975 0.001975 0.001346 0.001166 0.001921 0.001921 0.001307 0.001131 0.001867 0.001867 0.001291 0.001113 0.001867 0.001867 0.001262 0.001098 0.001867 0.001867 0.001216 0.001053 0.001867 0.001867 0.001187 0.001020 0.001867 0.001867 0.001191 0.001006 0.001867 0.001867 0.001162 0.000996 0.001867 0.001867 0.001108 0.000954 0.001867 0.001867 0.001074 0.000923 0.001867 0.001867 0.001049 0.000903 0.001867 0.001867 0.001019 0.000888 0.001867 0.001867 0.000996 0.000864 0.001867 0.001867 0.000972 0.000836 0.001867 0.001867 0.000947 0.000817 0.001867 0.001867 0.000931 0.000801 0.001867 0.001867 0.000910 0.000785 0.001867 0.001867 0.000890 0.000773 0.001867 0.001867 0.000871 0.000751 0.001867 0.001867 0.000853 0.000737 0.001867 0.001867 0.000839 0.000723 0.001867 0.001867 0.000826 0.000700 0.001867 0.001867 0.000889 0.000662 0.001867 0.001867 0.000894 0.000772 0.001867 0.001867 0.000784 0.000648 0.001867 0.001867 0.000737 0.000636 0.001867 0.001867 0.000722 0.000624 0.001867 0.001867 0.000709 0.000613 0.001867 0.001867 0.000697 0.000603 0.001867 0.001867 0.000685 0.000594 0.001867 0.001867 0.000706 0.000585 0.001867 0.001867 0.000786 0.000582 0.001867 0.001867 0.000741 0.000679 0.001867 0.001867 0.000653 0.000647 0.001867 0.001867 0.000640 0.000555 0.001867 0.001867 0.000629 0.000545 0.001867 0.001867 0.000618 0.000536 0.001867 0.001867 0.000609 0.000527 0.001867 0.001867 0.000600 0.000519 0.001867 0.001867 0.000667 0.000511 0.001867 0.001867 0.000689 0.000505 0.001867 0.001867 0.000672 0.000505 0.001867 0.001867 0.000549 0.000505 0.001867 0.001867 0.000535 0.000505 0.001867 0.001867 0.000526 0.000505 0.001867 0.001867 0.000518 0.000505 0.001867 0.001867 0.000510 0.000505 0.001867 0.001867 0.000505 0.000505 0.001867 0.001867 0.000558 0.000505 0.001867 0.001867 0.000521 0.000505 0.001867 0.001867 0.000487 0.000505 0.001867 0.001867 0.000484 0.000505 0.001867 0.001867 0.000484 0.000505 0.001867 0.001867 0.000484 0.000505 0.001867 0.001867 0.000484 0.000505 0.001867 0.001867 0.000484 0.000505 0.001867 0.001867 0.000484 0.000505 0.001867 0.001867 0.000484 0.000505 0.001867 0.001867 0.000484 0.000505 0.001867 0.001867 0.000484 0.000505 0.001867 0.001867 0.000484 0.000505 0.001867 0.001867 0.000484 0.000505 0.001867 0.001867 0.000484 0.000505 0.001867 0.001867 0.000484 0.000505 0.001867 0.001867 0.000484 0.000505 0.001867 0.001867 0.000484 0.000505 0.001867 0.001867 0.000484 0.000505 0.001867 0.001867 0.000484 0.000505 0.001867 0.001867 0.000484 0.000505 0.001867 0.001867 0.000484 0.000505 0.001867 0.001867 0.000484 0.000505 0.001867 0.001867 0.000484 0.000505 0.001867 0.001867 0.000484 0.000505 0.001867 0.001867 0.000484 0.000505 0.001867 0.001867 0.000484 0.000505 0.001867 0.001867 0.000484 0.000505 0.001867 0.001867 0.000484 0.000505 0.001867 0.001867 0.000484 0.000505 0.001867 0.001867 0.000484 0.000505 0.001867 0.001867 0.000484 0.000505 0.001867 0.001867 0.000484 0.000505 0.001867 0.001867 0.000484 0.000505 0.001867 0.001867 0.000484 0.000505 0.001867 0.001867 0.000484 0.000505 0.001867 0.001867 0.000484 0.000505 0.001867 0.001867 0.000484 0.000505 0.001867 0.001867 0.000484 0.000505 0.001867 0.001867 0.000484 0.000505 0.001867 0.001867 0.000484 0.000505 0.001867 0.001867 0.000484 0.000505 0.001867 0.001867 0.000484 0.000505 0.001867 0.001867 0.000484 0.000505 0.001867 0.001867 0.000484 0.000505 0.001867 0.001867 0.000484 0.000505 0.001867 0.001867 0.000484 0.000505 0.001867 0.001867 0.000484 0.000505 0.001867 0.001867 0.000484 0.000505 0.001867 0.001867 0.000484 0.000505 0.001867 0.001867 0.000484 0.000505 0.001867 0.001867 0.000484 0.000505 0.001867 0.001867 0.000484 0.000505  
0.000000 0.000000 0.000000 0.000000 0.000000 0.000000 0.000000 0.000000 0.000000 0.000000 0.000000 0.000000 0.000000 0.000000 0.000000 0.000000 0.000000 0.000000 0.000000 0.000000 0.000000 0.000000 0.000000 0.000000 0.000000 0.000000 0.000000 0.000000 0.000000 0.000000 0.000000 0.000000 0.000000 0.000000 0.000000 0.000000 0.000000 0.000000 0.000000 0.000000 0.000000 0.000000 0.000000 0.000000 0.000000 0.000000 0.000000 0.000000 0.000000 0.000000 0.000000 0.000000 0.000000 0.000000 0.000000 0.000000 0.000000 0.000000 0.000000 0.000000 0.000000 0.000000 0.000000 0.000000 0.000000 0.000000 0.000000 0.000000 0.000000 0.000000 0.000000 0.000000 0.000000 0.000000 0.000000 0.000000 0.000000 0.000000 0.000000 0.000000 0.000000 0.000000 0.000000 0.000000 0.000000 0.000000 0.000000 0.000000 0.000000 0.000000 0.000000 0.000000 0.000000 0.000000 0.000000 0.000000 0.000000 0.000000 0.000000 0.000000 0.000000 0.000000 0.000000 0.000000 0.000000 0.000000 0.000000 0.000000 0.000000 0.000000 0.000000 0.000000 0.000000 0.000000 0.000000 0.000000 0.000000 0.000000 0.000000 0.000000 0.000000 0.000000 0.000000 0.000000 0.000000 0.000000 0.000000 0.000000 0.000000 0.000000 0.000000 0.000000 0.000000 0.000000 0.000000 0.000000 0.000000 0.000000 0.000000 0.000000 0.000000 0.000000 0.000000 0.000000 0.000000 0.000000 0.000000 0.000000 0.000000 0.000000 0.000000 0.000000 0.000000 0.000000 0.000000 0.000000 0.000000 0.000000 0.000000 0.000000 0.000000 0.000000 0.000000 0.000000 0.000000 0.000000 0.000000 0.000000 0.000000 0.000000 0.000000 0.000000 0.000000 0.000000 0.000000 0.000000 0.000000 0.000000 0.000000 0.000000 0.000000 0.000000 0.000000 0.000000 0.000000 0.000000 0.000000 0.000000 0.000000 0.000000 0.000000 0.000000 0.000000 0.000000 0.000000 0.000000 0.000000 0.000000 0.000000 0.000000 0.000000 0.000000 0.000000 0.000000 0.000000 0.000000 0.000000 0.000000 0.000000 0.000000 0.000000 0.000000 0.000000 0.000000 0.000000 0.000000 0.000000 0.000000 0.000000 0.000000 0.000000 0.000000 0.000000 0.000000 0.000000 0.000000 0.000000 0.000000 0.000000 0.000000 0.000000 0.000000 0.000000 0.000000 0.000000 0.000000 0.000000 0.000000 0.000000 0.000000 0.000000 0.000000 0.000000 0.000000 0.000000 0.000000 0.000000 0.000000 0.000000 0.000000 0.000000 0.000000 0.000000 0.000000 0.000000 0.000000 0.000000 0.000000 0.000000 0.000000 0.000000 0.000000 0.000000 0.000000 0.000000 0.000000 0.000000 0.000000 0.000000 0.000000 0.000000 0.000000 0.000000 0.000000 0.000000 0.000000 0.000000 0.000000 0.000000 0.000000 0.000000 0.000000 0.000000 0.000000 0.000000 0.000000 0.000000 0.000000 0.000000 0.000000 0.000000 0.000000 0.000000 0.000000 0.000000 0.000000 0.000000 0.000000 0.000000 0.000000 0.000000 0.000000 0.000000 0.000000 0.000000 0.000000 0.000000 0.000000 0.000000 0.000000 0.000000 0.000000 0.000000 0.000000 0.000000 0.000000 0.000000 0.000000 0.000000 0.000000 0.000000 0.000000 0.000000 0.000000 0.000000 0.000000 0.000000 0.000000 0.000000 0.000000 0.000000 0.000000 0.000000 0.000000 0.000000 0.000000 0.000000 0.000000 0.000000 0.000000 0.000000 0.000000 0.000000 0.000000 0.000000 0.000000 0.000000 0.000000 0.000000 0.000000 0.000000 0.000000 0.000000 0.000000 0.000000 0.000000 0.000000 0.000000 0.000000 0.000000 0.000000 0.000000 0.000000 0.000000 0.000000 0.000000 0.000000 0.000000 0.000000 0.000000 0.000000 0.000000 0.000000 0.000000 0.000000 0.000000 0.000000 0.000000 0.000000 0.000000 0.000000 0.000000 0.000000 0.000000 0.000000 0.000000 0.000000 0.000000 0.000000 0.000000 0.000000 0.000000 0.000000 0.000000 0.000000 0.000000 0.000000 0.000000 0.000000 0.000000 0.000000 0.000000 0.000000 0.000000 0.000000 0.000000 0.000000 0.000000 0.000000 0.000000 0.000000 0.000000 0.000000 0.000000 0.000000 0.000000 0.000000 0.000000 0.000000 0.000000 0.000000 0.000000 0.000000 0.000000 0.000000 0.000000 0.000000 0.000000 0.000000 0.000000 0.000000 0.000000 0.000000 0.000000 0.000000 0.000000 0.000000 0.000000 0.000000 0.000000 0.000000 0.000000 0.000000 0.000000 0.000000 0.000000 0.000000 0.000000 0.000000 0.000000 0.000000 0.000000 0.000000 0.000000 0.000000 0.000000 0.000000 0.000000 0.000000 0.000000 0.000000 0.000000 0.000000 0.000000 0.000000 0.000000 0.000000 0.000000 0.000000 0.000000 0.000000 0.000000 0.000000 0.000000 0.000000 0.000000 0.000000 0.000000 0.000000 0.000000 0.000000 0.000000 0.000000 0.000000 0.000000 0.000000 0.000000 0.000000 0.000000 0.000000 0.000000 0.000000 0.000000 0.000000 0.000000 0.000000 0.000000 0.000000 0.000000 0.000000 0.000000 0.000000 0.000000 0.000000 0.000000 0.000000 0.000000 0.000000 0.000000 0.000000 0.000000 0.000000 0.000000 0.000000 0.000000 0.000000 0.000000 0.000000 0.000000 0.000000 0.000000 0.000000 0.000000 0.000000 0.000000 0.000000 0.000000 0.000000 0.000000 0.000000 0.000000 0.000000 0.000000 0.000000 0.000000 0.000000 0.000000 0.000000 0.000000 0.000000 0.000000 0.000000 0.000000 0.000000 0.000000 0.000000 0.000000 0.000000 0.000000 0.000000 0.000000 0.000000 0.000000 0.000000 0.000000 0.000000 0.000000 0.000000 0.000000 0.000000 0.000000 0.000000 0.000000 0.000000 0.000000 0.000000 0.000000 0.000000 0.000000 0.000000 0.000000 0.000000 0.000000 0.000000 0.000000 0.000000 0.000000 0.000000 0.000000 0.000000 0.000000 0.000000 0.000000 0.000000 0.000000 0.000000 0.000000 0.000000 0.000000 0.000000 0.000000 0.000000 0.000000 0.000000 0.000000 0.000000 0.000000 0.000000 0.000000 0.000000 0.000000 0.000000 0.000000 0.000000 0.000000 0.000000 0.000000 0.000000 0.000000 0.000000 0.000000 0.000000 0.000000 0.000000 0.000000 0.000000 0.000000 0.000000 0.000000 0.000000 0.000000 0.000000 0.000000 0.000000 0.000000 0.000000 0.000000 0.000000 0.000000 0.000000 0.000000 0.000000 0.000000 0.000000 0.000000 0.000000 0.000000 0.000000 0.000000 0.000000 0.000000 0.000000 0.000000 0.000000 0.000000 0.000000 0.000000 0.000000 0.000000 0.000000 0.000000 0.000000 0.000000 0.000000 0.000000 0.000000 0.000000 0.000000 0.000000 0.000000 0.000000 0.000000 0.000000 0.000000 0.000000 0.000000 0.000000 0.000000 0.000000 0.000000 0.000000 0.000000 0.000000 0.000000 0.000000 0.000000 0.000000 0.000000 0.000000 0.000000 0.000000 0.000000 0.000000 0.000000 0.000000 0.000000 0.000000 0.000000 0.000000 0.000000 0.000000 0.000000 0.000000 0.000000 0.000000 0.000000 0.000000 0.000000 0.000000 0.000000 0.000000 0.000000 0.000000 0.000000 0.000000 0.000000 0.000000 0.000000 0.000000 0.000000 0.000000 0.000000 0.000000 0.000000 0.000000 0.000000 0.000000 0.000000 0.000000 0.000000 0.000000 0.000000 0.000000 0.000000  
0.000000 0.000000 0.000000 0.000000 0.000000 0.000000 0.000000 0.000000 0.000000 0.000000 0.000000 0.000000 0.000000 0.000000 0.000000 0.000000 0.000000 0.000000 0.000000 0.000000 0.000000 0.000000 0.000000 0.000000 0.000000 0.000000 0.000000 0.000000 0.000000 0.000000 0.000000 0.000000 0.000000 0.000000 0.000000 0.000000 0.000000 0.000000 0.000000 0.000000 0.000000 0.000000 0.000000 0.000000 0.000000 0.000000 0.000000 0.000000 0.000000 0.000000 0.000000 0.000000 0.000000 0.000000 0.000000 0.000000 0.000000 0.000000 0.000000 0.000000 0.000000 0.000000 0.000000 0.000000 0.000000 0.000000 0.000000 0.000000 0.000000 0.000000 0.000000 0.000000 0.000000 0.000000 0.000000 0.000000 0.000000 0.000000 0.000000 0.000000 0.000000 0.000000 0.000000 0.000000 0.000000 0.000000 0.000000 0.000000 0.000000 0.000000 0.000000 0.000000 0.000000 0.000000 0.000000 0.000000 0.000000 0.000000 0.000000 0.000000 0.000000 0.000000 0.000000 0.000000 0.000000 0.000000 0.000000 0.000000 0.000000 0.000000 0.000000 0.000000 0.000000 0.000000 0.000000 0.000000 0.000000 0.000000 0.000000 0.000000 0.000000 0.000000 0.000000 0.000000 0.000000 0.000000 0.000000 0.000000 0.000000 0.000000 0.000000 0.000000 0.000000 0.000000 0.000000 0.000000 0.000000 0.000000 0.000000 0.000000 0.000000 0.000000 0.000000 0.000000 0.000000 0.000000 0.000000 0.000000 0.000000 0.000000 0.000000 0.000000 0.000000 0.000000 0.000000 0.000000 0.000000 0.000000 0.000000 0.000000 0.000000 0.000000 0.000000 0.000000 0.000000 0.000000 0.000000 0.000000 0.000000 0.000000 0.000000 0.000000 0.000000 0.000000 0.000000 0.000000 0.000000 0.000000 0.000000 0.000000 0.000000 0.000000 0.000000 0.000000 0.000000 0.000000 0.000000 0.000000 0.000000 0.000000 0.000000 0.000000 0.000000 0.000000 0.000000 0.000000 0.000000 0.000000 0.000000 0.000000 0.000000 0.000000 0.000000 0.000000 0.000000 0.000000 0.000000 0.000000 0.000000 0.000000 0.000000 0.000000 0.000000 0.000000 0.000000 0.000000 0.000000 0.000000 0.000000 0.000000 0.000000 0.000000 0.000000 0.000000 0.000000 0.000000 0.000000 0.000000 0.000000 0.000000 0.000000 0.000000 0.000000 0.000000 0.000000 0.000000 0.000000 0.000000 0.000000 0.000000 0.000000 0.000000 0.000000 0.000000 0.000000 0.000000 0.000000 0.000000 0.000000 0.000000 0.000000 0.000000 0.000000 0.000000 0.000000 0.000000 0.000000 0.000000 0.000000 0.000000 0.000000 0.000000 0.000000 0.000000 0.000000 0.000000 0.000000 0.000000 0.000000 0.000000 0.000000 0.000000 0.000000 0.000000 0.000000 0.000000 0.000000 0.000000 0.000000 0.000000 0.000000 0.000000 0.000000 0.000000 0.000000 0.000000 0.000000 0.000000 0.000000 0.000000 0.000000 0.000000 0.000000 0.000000 0.000000 0.000000 0.000000 0.000000 0.000000 0.000000 0.000000 0.000000 0.000000 0.000000 0.000000 0.000000 0.000000 0.000000 0.000000 0.000000 0.000000 0.000000 0.000000 0.000000 0.000000 0.000000 0.000000 0.000000 0.000000 0.000000 0.000000 0.000000 0.000000 0.000000 0.000000 0.000000 0.000000 0.000000 0.000000 0.000000 0.000000 0.000000 0.000000 0.000000 0.000000 0.000000 0.000000 0.000000 0.000000 0.000000 0.000000 0.000000 0.000000 0.000000 0.000000 0.000000 0.000000 0.000000 0.000000 0.000000 0.000000 0.000000 0.000000 0.000000 0.000000 0.000000 0.000000 0.000000 0.000000 0.000000 0.000000 0.000000 0.000000 0.000000 0.000000 0.000000 0.000000 0.000000 0.000000 0.000000 0.000000 0.000000 0.000000 0.000000 0.000000 0.000000 0.000000 0.000000 0.000000 0.000000 0.000000 0.000000 0.000000 0.000000 0.000000 0.000000 0.000000 0.000000 0.000000 0.000000 0.000000 0.000000 0.000000 0.000000 0.000000 0.000000 0.000000 0.000000 0.000000 0.000000 0.000000 0.000000 0.000000 0.000000 0.000000 0.000000 0.000000 0.000000 0.000000 0.000000 0.000000 0.000000 0.000000 0.000000 0.000000 0.000000 0.000000 0.000000 0.000000 0.000000 0.000000 0.000000 0.000000 0.000000 0.000000 0.000000 0.000000 0.000000 0.000000 0.000000 0.000000 0.000000 0.000000 0.000000 0.000000 0.000000 0.000000 0.000000 0.000000 0.000000 0.000000 0.000000 0.000000 0.000000 0.000000 0.000000 0.000000 0.000000 0.000000 0.000000 0.000000 0.000000 0.000000 0.000000 0.000000 0.000000 0.000000 0.000000 0.000000 0.000000 0.000000 0.000000 0.000000 0.000000 0.000000 0.000000 0.000000 0.000000 0.000000 0.000000 0.000000 0.000000 0.000000 0.000000 0.000000 0.000000 0.000000 0.000000 0.000000 0.000000 0.000000 0.000000 0.000000 0.000000 0.000000 0.000000 0.000000 0.000000 0.000000 0.000000 0.000000 0.000000 0.000000 0.000000 0.000000 0.000000 0.000000 0.000000 0.000000 0.000000 0.000000 0.000000 0.000000 0.000000 0.000000 0.000000 0.000000 0.000000 0.000000 0.000000 0.000000 0.000000 0.000000 0.000000 0.000000 0.000000 0.000000 0.000000 0.000000 0.000000 0.000000 0.000000 0.000000 0.000000 0.000000 0.000000 0.000000 0.000000 0.000000 0.000000 0.000000 0.000000 0.000000 0.000000 0.000000 0.000000 0.000000 0.000000 0.000000 0.000000 0.000000 0.000000 0.000000 0.000000 0.000000 0.000000 0.000000 0.000000 0.000000 0.000000 0.000000 0.000000 0.000000 0.000000 0.000000 0.000000 0.000000 0.000000 0.000000 0.000000 0.000000 0.000000 0.000000 0.000000 0.000000 0.000000 0.000000 0.000000 0.000000 0.000000 0.000000 0.000000 0.000000 0.000000 0.000000 0.000000 0.000000 0.000000 0.000000 0.000000 0.000000 0.000000 0.000000 0.000000 0.000000 0.000000 0.000000 0.000000 0.000000 0.000000 0.000000 0.000000 0.000000 0.000000 0.000000 0.000000 0.000000 0.000000 0.000000 0.000000 0.000000 0.000000 0.000000 0.000000 0.000000 0.000000 0.000000 0.000000 0.000000 0.000000 0.000000 0.000000 0.000000 0.000000 0.000000 0.000000 0.000000 0.000000 0.000000 0.000000 0.000000 0.000000 0.000000 0.000000 0.000000 0.000000 0.000000 0.000000 0.000000 0.000000 0.000000 0.000000 0.000000 0.000000 0.000000 0.000000 0.000000 0.000000 0.000000 0.000000 0.000000 0.000000 0.000000 0.000000 0.000000 0.000000 0.000000 0.000000 0.000000 0.000000 0.000000 0.000000 0.000000 0.000000 0.000000 0.000000 0.000000 0.000000 0.000000 0.000000 0.000000 0.000000 0.000000 0.000000 0.000000 0.000000 0.000000 0.000000 0.000000 0.000000 0.000000 0.000000 0.000000 0.000000 0.000000 0.000000 0.000000 0.000000 0.000000 0.000000 0.000000 0.000000 0.000000 0.000000 0.000000 0.000000 0.000000 0.000000 0.000000 0.000000 0.000000 0.000000 0.000000 0.000000 0.000000 0.000000 0.000000 0.000000 0.000000 0.000000 0.000000 0.000000 0.000000 0.000000 0.000000 0.000000 0.000000 0.000000 0.000000 0.000000 0.000000 0.000000 0.000000 0.000000 0.000000 0.000000 0.000000 0.000000 0.000000 0.000000 0.000000 0.000000 0.000000 0.000000  
0.027608 0.027608 0.012590 0.010408 0.027608 0.027608 0.012590 0.010408 0.027608 0.027608 0.012590 0.010408 0.027608 0.027608 0.012590 0.010408 0.027608 0.027608 0.012590 0.010408 0.027608 0.027608 0.012590 0.010408 0.027608 0.027608 0.012590 0.010408 0.027608 0.027608 0.012590 0.010408 0.027608 0.027608 0.012590 0.010408 0.027608 0.027608 0.012590 0.010408 0.027608 0.027608 0.012590 0.010408 0.027608 0.027608 0.012590 0.010408 0.027608 0.027608 0.012590 0.010408 0.027608 0.027608 0.012590 0.010408 0.027608 0.027608 0.012590 0.010408 0.027608 0.027608 0.012590 0.010408 0.027608 0.027608 0.012590 0.010408 0.027608 0.027608 0.012590 0.010408 0.027608 0.027608 0.012590 0.010408 0.027608 0.027608 0.012590 0.010408 0.027608 0.027608 0.012590 0.010408 0.026954 0.026954 0.012772 0.010550 0.027450 0.027450 0.012960 0.010695 0.027505 0.027505 0.013152 0.010844 0.027902 0.027902 0.013351 0.010997 0.028495 0.028495 0.013554 0.011152 0.029125 0.029125 0.013763 0.011918 0.029743 0.029743 0.013979 0.012098 0.030390 0.030390 0.014200 0.012282 0.031180 0.031180 0.014428 0.012472 0.032056 0.032056 0.014662 0.012666 0.032875 0.032875 0.014904 0.012866 0.033660 0.033660 0.015152 0.013070 0.034552 0.034552 0.015409 0.013281 0.035646 0.035646 0.015674 0.013496 0.036712 0.036712 0.015947 0.013718 0.037654 0.037654 0.017238 0.013947 0.038640 0.038640 0.017567 0.015063 0.039991 0.039991 0.017909 0.015334 0.041343 0.041343 0.018265 0.015614 0.042442 0.042442 0.018635 0.015904 0.043579 0.043579 0.019022 0.016204 0.045310 0.045310 0.019427 0.016514 0.046909 0.046909 0.019851 0.016835 0.048128 0.048128 0.020296 0.017169 0.049516 0.049516 0.020766 0.017516 0.051794 0.051794 0.023049 0.017877 0.053501 0.053501 0.023869 0.018253 0.054845 0.054845 0.024933 0.020103 0.056847 0.056847 0.026026 0.020591 0.059444 0.059444 0.027132 0.021109 0.061234 0.061234 0.028070 0.021661 0.062963 0.062963 0.029612 0.022254 0.065623 0.065623 0.030513 0.022974 0.068548 0.068548 0.031638 0.024142 0.070281 0.070281 0.033506 0.025190 0.072665 0.072665 0.039061 0.030194 0.076382 0.076382 0.040060 0.031082 0.079069 0.079069 0.043279 0.033416 0.083510 0.083510 0.044364 0.034285 0.091790 0.091790 0.045450 0.035457 0.095255 0.095255 0.049515 0.038192 0.100693 0.100693 0.050526 0.039017 0.103429 0.103429 0.051714 0.041979 0.105593 0.105593 0.056738 0.050046 0.110075 0.110075 0.066043 0.050937 0.116514 0.116514 0.067307 0.056476 0.122826 0.122826 0.074611 0.057379 0.134203 0.134203 0.075762 0.058404 0.136569 0.136569 0.077001 0.067725 0.142337 0.142337 0.085505 0.075364 0.150691 0.150691 0.086909 0.076169 0.153226 0.153226 0.100325 0.078153 0.158929 0.158929 0.102505 0.086790 0.169172 0.169172 0.114390 0.091464 0.172369 0.172369 0.114773 0.105376 0.179632 0.179632 0.116548 0.114493 0.194241 0.194241 0.141227 0.115048 0.201960 0.201960 0.148990 0.120961 0.215071 0.215071 0.149762 0.136835 0.219774 0.219774 0.151552 0.149129 0.249132 0.249132 0.164325 0.150534 0.260169 0.260169 0.184197 0.158371 0.265169 0.265169 0.191883 0.170251 0.270169 0.270169 0.191756 0.175526 0.275169 0.275169 0.195068 0.191351 0.280169 0.280169 0.223356 0.200588 0.285169 0.285169 0.242125 0.216003 0.290169 0.290169 0.239622 0.213943 0.295169 0.295169 0.239986 0.238035 0.300169 0.300169 0.242736 0.240644 0.305169 0.305169 0.263112 0.253875 0.310169 0.310169 0.287762 0.264323 0.315169 0.315169 0.292226 0.287066 0.320169 0.320169 0.298085 0.292483 0.325169 0.325169 0.307601 0.294791 0.330169 0.330169 0.325065 0.297597 0.335169 0.335169 0.326825 0.301484 0.340169 0.340169 0.330481 0.327682 0.345169 0.345169 0.334986 0.329995 0.350169 0.350169 0.338204 0.332491 0.355169 0.355169 0.342592 0.335045 0.360169 0.360169 0.387886 0.337785 0.365169 0.365169 0.403975 0.404253 0.370169 0.370169 0.381490 0.372250 0.375169 0.375169 0.377315 0.374328 0.380169 0.380169 0.380209 0.376520 0.385169 0.385169 0.382680 0.378831 0.390169 0.390169 0.385336 0.384766 0.395169 0.395169 0.388227 0.387841 0.400169 0.400169 0.406796 0.391423 0.405169 0.405169 0.455098 0.398264 0.410169 0.410169 0.448584 0.458381 0.415169 0.415169 0.427635 0.454194 0.420169 0.420169 0.431868 0.428390 0.425169 0.425169 0.434576 0.430908 0.430169 0.430169 0.437523 0.433564 0.435169 0.435169 0.440837 0.436387 0.440169 0.440169 0.444903 0.439433 0.445169 0.445169 0.488100 0.442843 0.450169 0.450169 0.508846 0.446954 0.455169 0.455169 0.510646 0.451954 0.460169 0.460169 0.481477 0.456954 0.465169 0.465169 0.482595 0.461954 0.470169 0.470169 0.485499 0.466954 0.475169 0.475169 0.488654 0.471954 0.480169 0.480169 0.492183 0.476954 0.485169 0.485169 0.497036 0.481954 0.490169 0.490169 0.539471 0.486954 0.495169 0.495169 0.537299 0.491954 0.500169 0.500169 0.529448 0.496954 0.505169 0.505169 0.533799 0.501954 0.510169 0.510169 0.538799 0.506954 0.515169 0.515169 0.543799 0.511954 0.520169 0.520169 0.548799 0.516954 0.525169 0.525169 0.553799 0.521954 0.530169 0.530169 0.558799 0.526954 0.535169 0.535169 0.563799 0.531954 0.540169 0.540169 0.568799 0.536954 0.545169 0.545169 0.573799 0.541954 0.550169 0.550169 0.578799 0.546954 0.555169 0.555169 0.583799 0.551954 0.560169 0.560169 0.588799 0.556954 0.565169 0.565169 0.593799 0.561954 0.570169 0.570169 0.598799 0.566954 0.575169 0.575169 0.603799 0.571954 0.580169 0.580169 0.608799 0.576954 0.585169 0.585169 0.613799 0.581954 0.590169 0.590169 0.618799 0.586954 0.595169 0.595169 0.623799 0.591954 0.600169 0.600169 0.628799 0.596954 0.605169 0.605169 0.633799 0.601954 0.610169 0.610169 0.638799 0.606954 0.615169 0.615169 0.643799 0.611954 0.620169 0.620169 0.648799 0.616954 0.625169 0.625169 0.653799 0.621954 0.630169 0.630169 0.658799 0.626954 0.635169 0.635169 0.663799 0.631954 0.640169 0.640169 0.668799 0.636954 0.645169 0.645169 0.673799 0.641954 0.650169 0.650169 0.678799 0.646954 0.655169 0.655169 0.683799 0.651954 0.660169 0.660169 0.688799 0.656954 0.665169 0.665169 0.693799 0.661954 0.670169 0.670169 0.698799 0.666954 0.675169 0.675169 0.703799 0.671954 0.680169 0.680169 0.708799 0.676954 0.685169 0.685169 0.713799 0.681954 0.690169 0.690169 0.718799 0.686954 0.695169 0.695169 0.723799 0.691954 0.700169 0.700169 0.728799 0.696954 0.705169 0.705169 0.733799 0.701954 0.710169 0.710169 0.738799 0.706954 0.715169 0.715169 0.743799 0.711954 0.720169 0.720169 0.748799 0.716954 0.725169 0.725169 0.753799 0.721954 0.730169 0.730169 0.758799 0.726954 0.735169 0.735169 0.763799 0.731954 0.740169 0.740169 0.768799 0.736954 0.745169 0.745169 0.773799 0.741954 0.750169 0.750169 0.778799 0.746954  
0.027608 0.027608 0.012590 0.010408 0.027608 0.027608 0.012590 0.010408 0.027608 0.027608 0.012590 0.010408 0.027608 0.027608 0.012590 0.010408 0.027608 0.027608 0.012590 0.010408 0.027608 0.027608 0.012590 0.010408 0.027608 0.027608 0.012590 0.010408 0.027608 0.027608 0.012590 0.010408 0.027608 0.027608 0.012590 0.010408 0.027608 0.027608 0.012590 0.010408 0.027608 0.027608 0.012590 0.010408 0.027608 0.027608 0.012590 0.010408 0.027608 0.027608 0.012590 0.010408 0.027608 0.027608 0.012590 0.010408 0.027608 0.027608 0.012590 0.010408 0.027608 0.027608 0.012590 0.010408 0.027608 0.027608 0.012590 0.010408 0.027608 0.027608 0.012590 0.010408 0.027608 0.027608 0.012590 0.010408 0.027608 0.027608 0.012590 0.010408 0.027608 0.027608 0.012590 0.010408 0.026954 0.026954 0.012772 0.010550 0.027450 0.027450 0.012960 0.010695 0.027505 0.027505 0.013152 0.010844 0.027902 0.027902 0.013351 0.010997 0.028495 0.028495 0.013554 0.011152 0.029125 0.029125 0.013763 0.011918 0.029743 0.029743 0.013979 0.012098 0.030390 0.030390 0.014200 0.012282 0.031180 0.031180 0.014428 0.012472 0.032056 0.032056 0.014662 0.012666 0.032875 0.032875 0.014904 0.012866 0.033660 0.033660 0.015152 0.013070 0.034552 0.034552 0.015409 0.013281 0.035646 0.035646 0.015674 0.013496 0.036712 0.036712 0.015947 0.013718 0.037654 0.037654 0.017238 0.013947 0.038640 0.038640 0.017567 0.015063 0.039991 0.039991 0.017909 0.015334 0.041343 0.041343 0.018265 0.015614 0.042442 0.042442 0.018635 0.015904 0.043579 0.043579 0.019022 0.016204 0.045310 0.045310 0.019427 0.016514 0.046909 0.046909 0.019851 0.016835 0.048128 0.048128 0.020296 0.017169 0.049516 0.049516 0.020766 0.017516 0.051794 0.051794 0.023049 0.017877 0.053501 0.053501 0.023869 0.018253 0.054845 0.054845 0.024933 0.020103 0.056847 0.056847 0.026026 0.020591 0.059444 0.059444 0.027132 0.021109 0.061234 0.061234 0.028070 0.021661 0.062963 0.062963 0.029612 0.022254 0.065623 0.065623 0.030513 0.022974 0.068548 0.068548 0.031638 0.024142 0.070281 0.070281 0.033506 0.025190 0.072665 0.072665 0.039061 0.030194 0.076382 0.076382 0.040060 0.031082 0.079069 0.079069 0.043279 0.033416 0.083510 0.083510 0.044364 0.034285 0.091790 0.091790 0.045450 0.035457 0.095255 0.095255 0.049515 0.038192 0.100693 0.100693 0.050526 0.039017 0.103429 0.103429 0.051714 0.041979 0.105593 0.105593 0.056738 0.050046 0.110075 0.110075 0.066043 0.050937 0.116514 0.116514 0.067307 0.056476 0.122826 0.122826 0.074611 0.057379 0.134203 0.134203 0.075762 0.058404 0.136569 0.136569 0.077001 0.067725 0.142337 0.142337 0.085505 0.075364 0.150691 0.150691 0.086909 0.076169 0.153226 0.153226 0.100325 0.078153 0.158929 0.158929 0.102505 0.086790 0.169172 0.169172 0.114390 0.091464 0.172369 0.172369 0.114773 0.105376 0.179632 0.179632 0.116548 0.114493 0.194241 0.194241 0.141227 0.115048 0.201960 0.201960 0.148990 0.120961 0.215071 0.215071 0.149762 0.136835 0.219774 0.219774 0.151552 0.149129 0.249132 0.249132 0.164325 0.150534 0.260169 0.260169 0.184197 0.158371 0.265169 0.265169 0.191883 0.170251 0.270169 0.270169 0.191756 0.175526 0.275169 0.275169 0.195068 0.191351 0.280169 0.280169 0.223356 0.200588 0.285169 0.285169 0.242125 0.216003 0.290169 0.290169 0.239622 0.213943 0.295169 0.295169 0.239986 0.238035 0.300169 0.300169 0.242736 0.240644 0.305169 0.305169 0.263112 0.253875 0.310169 0.310169 0.287762 0.264323 0.315169 0.315169 0.292226 0.287066 0.320169 0.320169 0.298085 0.292483 0.325169 0.325169 0.307601 0.294791 0.330169 0.330169 0.325065 0.297597 0.335169 0.335169 0.326825 0.301484 0.340169 0.340169 0.330481 0.327682 0.345169 0.345169 0.334986 0.329995 0.350169 0.350169 0.338204 0.332491 0.355169 0.355169 0.342592 0.335045 0.360169 0.360169 0.387886 0.337785 0.365169 0.365169 0.403975 0.404253 0.370169 0.370169 0.381490 0.372250 0.375169 0.375169 0.377315 0.374328 0.380169 0.380169 0.380209 0.376520 0.385169 0.385169 0.382680 0.378831 0.390169 0.390169 0.385336 0.384766 0.395169 0.395169 0.388227 0.387841 0.400169 0.400169 0.406796 0.391423 0.405169 0.405169 0.455098 0.398264 0.410169 0.410169 0.448584 0.458381 0.415169 0.415169 0.427635 0.454194 0.420169 0.420169 0.431868 0.428390 0.425169 0.425169 0.434576 0.430908 0.430169 0.430169 0.437523 0.433564 0.435169 0.435169 0.440837 0.436387 0.440169 0.440169 0.444903 0.439433 0.445169 0.445169 0.488100 0.442843 0.450169 0.450169 0.508846 0.446954 0.455169 0.455169 0.510646 0.451954 0.460169 0.460169 0.481477 0.456954 0.465169 0.465169 0.482595 0.461954 0.470169 0.470169 0.485499 0.466954 0.475169 0.475169 0.488654 0.471954 0.480169 0.480169 0.492183 0.476954 0.485169 0.485169 0.497036 0.481954 0.490169 0.490169 0.539471 0.486954 0.495169 0.495169 0.537299 0.491954 0.500169 0.500169 0.529448 0.496954 0.505169 0.505169 0.533799 0.501954 0.510169 0.510169 0.538799 0.506954 0.515169 0.515169 0.543799 0.511954 0.520169 0.520169 0.548799 0.516954 0.525169 0.525169 0.553799 0.521954 0.530169 0.530169 0.558799 0.526954 0.535169 0.535169 0.563799 0.531954 0.540169 0.540169 0.568799 0.536954 0.545169 0.545169 0.573799 0.541954 0.550169 0.550169 0.578799 0.546954 0.555169 0.555169 0.583799 0.551954 0.560169 0.560169 0.588799 0.556954 0.565169 0.565169 0.593799 0.561954 0.570169 0.570169 0.598799 0.566954 0.575169 0.575169 0.603799 0.571954 0.580169 0.580169 0.608799 0.576954 0.585169 0.585169 0.613799 0.581954 0.590169 0.590169 0.618799 0.586954 0.595169 0.595169 0.623799 0.591954 0.600169 0.600169 0.628799 0.596954 0.605169 0.605169 0.633799 0.601954 0.610169 0.610169 0.638799 0.606954 0.615169 0.615169 0.643799 0.611954 0.620169 0.620169 0.648799 0.616954 0.625169 0.625169 0.653799 0.621954 0.630169 0.630169 0.658799 0.626954 0.635169 0.635169 0.663799 0.631954 0.640169 0.640169 0.668799 0.636954 0.645169 0.645169 0.673799 0.641954 0.650169 0.650169 0.678799 0.646954 0.655169 0.655169 0.683799 0.651954 0.660169 0.660169 0.688799 0.656954 0.665169 0.665169 0.693799 0.661954 0.670169 0.670169 0.698799 0.666954 0.675169 0.675169 0.703799 0.671954 0.680169 0.680169 0.708799 0.676954 0.685169 0.685169 0.713799 0.681954 0.690169 0.690169 0.718799 0.686954 0.695169 0.695169 0.723799 0.691954 0.700169 0.700169 0.728799 0.696954 0.705169 0.705169 0.733799 0.701954 0.710169 0.710169 0.738799 0.706954 0.715169 0.715169 0.743799 0.711954 0.720169 0.720169 0.748799 0.716954 0.725169 0.725169 0.753799 0.721954 0.730169 0.730169 0.758799 0.726954 0.735169 0.735169 0.763799 0.731954 0.740169 0.740169 0.768799 0.736954 0.745169 0.745169 0.773799 0.741954 0.750169 0.750169 0.778799 0.746954  
0.000010 0.000010 0.000010 0.000010 0.000010 0.000010 0.000010 0.000010 0.000010 0.000010 0.000010 0.000010 0.000010 0.000010 0.000010 0.000010 0.000010 0.000010 0.000010 0.000010 0.000010 0.000010 0.000010 0.000010 0.000010 0.000010 0.000010 0.000010 0.000010 0.000010 0.000010 0.000010 0.000010 0.000010 0.000010 0.000010 0.000010 0.000010 0.000010 0.000010 0.000010 0.000010 0.000010 0.000010 0.000010 0.000010 0.000010 0.000010 0.000010 0.000010 0.000010 0.000010 0.000010 0.000010 0.000010 0.000010 0.000010 0.000010 0.000010 0.000010 0.000010 0.000010 0.000010 0.000010 0.000010 0.000010 0.000010 0.000010 0.000010 0.000010 0.000010 0.000010 0.000010 0.000010 0.000010 0.000010 0.000010 0.000010 0.000010 0.000010 0.000010 0.000010 0.000010 0.000010 0.000010 0.000010 0.000010 0.000010 0.000010 0.000010 0.000010 0.000010 0.000010 0.000010 0.000010 0.000010 0.000010 0.000010 0.000010 0.000010 0.000010 0.000010 0.000010 0.000010 0.000010 0.000010 0.000010 0.000010 0.000010 0.000010 0.000010 0.000010 0.000010 0.000010 0.000010 0.000010 0.000010 0.000010 0.000010 0.000010 0.000010 0.000010 0.000010 0.000010 0.000010 0.000010 0.000010 0.000010 0.000010 0.000010 0.000010 0.000010 0.000010 0.000010 0.000010 0.000010 0.000010 0.000010 0.000010 0.000010 0.000010 0.000010 0.000010 0.000010 0.000010 0.000010 0.000010 0.000010 0.000010 0.000010 0.000010 0.000010 0.000010 0.000010 0.000010 0.000010 0.000010 0.000010 0.000010 0.000010 0.000010 0.000010 0.000010 0.000010 0.000010 0.000010 0.000010 0.000010 0.000010 0.000010 0.000010 0.000010 0.000010 0.000010 0.000010 0.000010 0.000010 0.000010 0.000010 0.000010 0.000010 0.000010 0.000010 0.000010 0.000010 0.000010 0.000010 0.000010 0.000010 0.000010 0.000010 0.000010 0.000010 0.000010 0.000010 0.000010 0.000010 0.000010 0.000010 0.000010 0.000010 0.000010 0.000010 0.000010 0.000010 0.000010 0.000010 0.000010 0.000010 0.000010 0.000010 0.000010 0.000010 0.000010 0.000010 0.000010 0.000010 0.000010 0.000010 0.000010 0.000010 0.000010 0.000010 0.000010 0.000010 0.000010 0.000010 0.000010 0.000010 0.000010 0.000010 0.000010 0.000010 0.000010 0.000010 0.000010 0.000010 0.000010 0.000010 0.000010 0.000010 0.000010 0.000010 0.000010 0.000010 0.000010 0.000010 0.000010 0.000010 0.000010 0.000010 0.000010 0.000010 0.000010 0.000010 0.000010 0.000010 0.000010 0.000010 0.000010 0.000010 0.000010 0.000010 0.000010 0.000010 0.000010 0.000010 0.000010 0.000010 0.000010 0.000010 0.000010 0.000010 0.000010 0.000010 0.000010 0.000010 0.000010 0.000010 0.000010 0.000010 0.000010 0.000010 0.000010 0.000010 0.000010 0.000010 0.000010 0.000010 0.000010 0.000010 0.000010 0.000010 0.000010 0.000010 0.000010 0.000010 0.000010 0.000010 0.000010 0.000010 0.000010 0.000010 0.000010 0.000010 0.000010 0.000010 0.000010 0.000010 0.000010 0.000010 0.000010 0.000010 0.000010 0.000010 0.000010 0.000010 0.000010 0.000010 0.000010 0.000010 0.000010 0.000010 0.000010 0.000010 0.000010 0.000010 0.000010 0.000010 0.000010 0.000010 0.000010 0.000010 0.000010 0.000010 0.000010 0.000010 0.000010 0.000010 0.000010 0.000010 0.000010 0.000010 0.000010 0.000010 0.000010 0.000010 0.000010 0.000010 0.000010 0.000010 0.000010 0.000010 0.000010 0.000010 0.000010 0.000010 0.000010 0.000010 0.000010 0.000010 0.000010 0.000010 0.000010 0.000010 0.000010 0.000010 0.000010 0.000010 0.000010 0.000010 0.000010 0.000010 0.000010 0.000010 0.000010 0.000010 0.000010 0.000010 0.000010 0.000010 0.000010 0.000010 0.000010 0.000010 0.000010 0.000010 0.000010 0.000010 0.000010 0.000010 0.000010 0.000010 0.000010 0.000010 0.000010 0.000010 0.000010 0.000010 0.000010 0.000010 0.000010 0.000010 0.000010 0.000010 0.000010 0.000010 0.000010 0.000010 0.000010 0.000010 0.000010 0.000010 0.000010 0.000010 0.000010 0.000010 0.000010 0.000010 0.000010 0.000010 0.000010 0.000010 0.000010 0.000010 0.000010 0.000010 0.000010 0.000010 0.000010 0.000010 0.000010 0.000010 0.000010 0.000010 0.000010 0.000010 0.000010 0.000010 0.000010 0.000010 0.000010 0.000010 0.000010 0.000010 0.000010 0.000010 0.000010 0.000010 0.000010 0.000010 0.000010 0.000010 0.000010 0.000010 0.000010 0.000010 0.000010 0.000010 0.000010 0.000010 0.000010 0.000010 0.000010 0.000010 0.000010 0.000010 0.000010 0.000010 0.000010 0.000010 0.000010 0.000010 0.000010 0.000010 0.000010 0.000010 0.000010 0.000010 0.000010 0.000010 0.000010 0.000010 0.000010 0.000010 0.000010 0.000010 0.000010 0.000010 0.000010 0.000010 0.000010 0.000010 0.000010 0.000010 0.000010 0.000010 0.000010 0.000010 0.000010 0.000010 0.000010 0.000010 0.000010 0.000010 0.000010 0.000010 0.000010 0.000010 0.000010 0.000010 0.000010 0.000010 0.000010 0.000010 0.000010 0.000010 0.000010 0.000010 0.000010 0.000010 0.000010 0.000010 0.000010 0.000010 0.000010 0.000010 0.000010 0.000010 0.000010 0.000010 0.000010 0.000010 0.000010 0.000010 0.000010 0.000010 0.000010 0.000010 0.000010 0.000010 0.000010 0.000010 0.000010 0.000010 0.000010 0.000010 0.000010 0.000010 0.000010 0.000010 0.000010 0.000010 0.000010 0.000010 0.000010 0.000010 0.000010 0.000010 0.000010 0.000010 0.000010 0.000010 0.000010 0.000010 0.000010 0.000010 0.000010 0.000010 0.000010 0.000010 0.000010 0.000010 0.000010 0.000010 0.000010 0.000010 0.000010 0.000010 0.000010 0.000010 0.000010 0.000010 0.000010 0.000010 0.000010 0.000010 0.000010 0.000010 0.000010 0.000010 0.000010 0.000010 0.000010 0.000010 0.000010 0.000010 0.000010 0.000010 0.000010 0.000010 0.000010 0.000010 0.000010 0.000010 0.000010 0.000010 0.000010 0.000010 0.000010 0.000010 0.000010 0.000010 0.000010 0.000010 0.000010 0.000010 0.000010 0.000010 0.000010 0.000010 0.000010 0.000010 0.000010 0.000010 0.000010 0.000010 0.000010 0.000010 0.000010 0.000010 0.000010 0.000010 0.000010 0.000010 0.000010 0.000010 0.000010 0.000010 0.000010 0.000010 0.000010 0.000010 0.000010 0.000010 0.000010 0.000010 0.000010 0.000010 0.000010 0.000010 0.000010 0.000010 0.000010 0.000010 0.000010 0.000010 0.000010 0.000010 0.000010 0.000010 0.000010 0.000010 0.000010 0.000010 0.000010 0.000010 0.000010 0.000010 0.000010 0.000010 0.000010 0.000010 0.000010 0.000010 0.000010 0.000010 0.000010 0.000010 0.000010 0.000010 0.000010 0.000010 0.000010 0.000010 0.000010 0.000010 0.000010 0.000010 0.000010 0.000010 0.000010 0.000010 0.000010 0.000010 0.000010 0.000010 0.000010 0.000010 0.000010 0.000010 0.000010 0.000010 0.000010 0.000010 0.000010 0.000010 0.000010 0.000010 0.000010 0.000010 0.000010 0.000010 0.000010 0.000010 0.000010 0.000010 0.000010 0.000010 0.000010 0.000010 0.000010 0.000010 0.000010  
0.000000 0.000000 0.000000 0.000000 0.000000 0.000000 0.000000 0.000000 0.000000 0.000000 0.000000 0.000000 0.000000 0.000000 0.000000 0.000000 0.000000 0.000000 0.000000 0.000000 0.000000 0.000000 0.000000 0.000000 0.000000 0.000000 0.000000 0.000000 0.000000 0.000000 0.000000 0.000000 0.000000 0.000000 0.000000 0.000000 0.000000 0.000000 0.000000 0.000000 0.000000 0.000000 0.000000 0.000000 0.000000 0.000000 0.000000 0.000000 0.000000 0.000000 0.000000 0.000000 0.000000 0.000000 0.000000 0.000000 0.000000 0.000000 0.000000 0.000000 0.000000 0.000000 0.000000 0.000000 0.000000 0.000000 0.000000 0.000000 0.000000 0.000000 0.000000 0.000000 0.000000 0.000000 0.000000 0.000000 0.000000 0.000000 0.000000 0.000000 0.000000 0.000000 0.000000 0.000000 0.000000 0.000000 0.000000 0.000000 0.000000 0.000000 0.000000 0.000000 0.000000 0.000000 0.000000 0.000000 0.000000 0.000000 0.000000 0.000000 0.000000 0.000000 0.000000 0.000000 0.000000 0.000000 0.000000 0.000000 0.000000 0.000000 0.000000 0.000000 0.000000 0.000000 0.000000 0.000000 0.000000 0.000000 0.000000 0.000000 0.000000 0.000000 0.000000 0.000000 0.000000 0.000000 0.000000 0.000000 0.000000 0.000000 0.000000 0.000000 0.000000 0.000000 0.000000 0.000000 0.000000 0.000000 0.000000 0.000000 0.000000 0.000000 0.000000 0.000000 0.000000 0.000000 0.000000 0.000000 0.000000 0.000000 0.000000 0.000000 0.000000 0.000000 0.000000 0.000000 0.000000 0.000000 0.000000 0.000000 0.000000 0.000000 0.000000 0.000000 0.000000 0.000000 0.000000 0.000000 0.000000 0.000000 0.000000 0.000000 0.000000 0.000000 0.000000 0.000000 0.000000 0.000000 0.000000 0.000000 0.000000 0.000000 0.000000 0.000000 0.000000 0.000000 0.000000 0.000000 0.000000 0.000000 0.000000 0.000000 0.000000 0.000000 0.000000 0.000000 0.000000 0.000000 0.000000 0.000000 0.000000 0.000000 0.000000 0.000000 0.000000 0.000000 0.000000 0.000000 0.000000 0.000000 0.000000 0.000000 0.000000 0.000000 0.000000 0.000000 0.000000 0.000000 0.000000 0.000000 0.000000 0.000000 0.000000 0.000000 0.000000 0.000000 0.000000 0.000000 0.000000 0.000000 0.000000 0.000000 0.000000 0.000000 0.000000 0.000000 0.000000 0.000000 0.000000 0.000000 0.000000 0.000000 0.000000 0.000000 0.000000 0.000000 0.000000 0.000000 0.000000 0.000000 0.000000 0.000000 0.000000 0.000000 0.000000 0.000000 0.000000 0.000000 0.000000 0.000000 0.000000 0.000000 0.000000 0.000000 0.000000 0.000000 0.000000 0.000000 0.000000 0.000000 0.000000 0.000000 0.000000 0.000000 0.000000 0.000000 0.000000 0.000000 0.000000 0.000000 0.000000 0.000000 0.000000 0.000000 0.000000 0.000000 0.000000 0.000000 0.000000 0.000000 0.000000 0.000000 0.000000 0.000000 0.000000 0.000000 0.000000 0.000000 0.000000 0.000000 0.000000 0.000000 0.000000 0.000000 0.000000 0.000000 0.000000 0.000000 0.000000 0.000000 0.000000 0.000000 0.000000 0.000000 0.000000 0.000000 0.000000 0.000000 0.000000 0.000000 0.000000 0.000000 0.000000 0.000000 0.000000 0.000000 0.000000 0.000000 0.000000 0.000000 0.000000 0.000000 0.000000 0.000000 0.000000 0.000000 0.000000 0.000000 0.000000 0.000000 0.000000 0.000000 0.000000 0.000000 0.000000 0.000000 0.000000 0.000000 0.000000 0.000000 0.000000 0.000000 0.000000 0.000000 0.000000 0.000000 0.000000 0.000000 0.000000 0.000000 0.000000 0.000000 0.000000 0.000000 0.000000 0.000000 0.000000 0.000000 0.000000 0.000000 0.000000 0.000000 0.000000 0.000000 0.000000 0.000000 0.000000 0.000000 0.000000 0.000000 0.000000 0.000000 0.000000 0.000000 0.000000 0.000000 0.000000 0.000000 0.000000 0.000000 0.000000 0.000000 0.000000 0.000000 0.000000 0.000000 0.000000 0.000000 0.000000 0.000000 0.000000 0.000000 0.000000 0.000000 0.000000 0.000000 0.000000 0.000000 0.000000 0.000000 0.000000 0.000000 0.000000 0.000000 0.000000 0.000000 0.000000 0.000000 0.000000 0.000000 0.000000 0.000000 0.000000 0.000000 0.000000 0.000000 0.000000 0.000000 0.000000 0.000000 0.000000 0.000000 0.000000 0.000000 0.000000 0.000000 0.000000 0.000000 0.000000 0.000000 0.000000 0.000000 0.000000 0.000000 0.000000 0.000000 0.000000 0.000000 0.000000 0.000000 0.000000 0.000000 0.000000 0.000000 0.000000 0.000000 0.000000 0.000000 0.000000 0.000000 0.000000 0.000000 0.000000 0.000000 0.000000 0.000000 0.000000 0.000000 0.000000 0.000000 0.000000 0.000000 0.000000 0.000000 0.000000 0.000000 0.000000 0.000000 0.000000 0.000000 0.000000 0.000000 0.000000 0.000000 0.000000 0.000000 0.000000 0.000000 0.000000 0.000000 0.000000 0.000000 0.000000 0.000000 0.000000 0.000000 0.000000 0.000000 0.000000 0.000000 0.000000 0.000000 0.000000 0.000000 0.000000 0.000000 0.000000 0.000000 0.000000 0.000000 0.000000 0.000000 0.000000 0.000000 0.000000 0.000000 0.000000 0.000000 0.000000 0.000000 0.000000 0.000000 0.000000 0.000000 0.000000 0.000000 0.000000 0.000000 0.000000 0.000000 0.000000 0.000000 0.000000 0.000000 0.000000 0.000000 0.000000 0.000000 0.000000 0.000000 0.000000 0.000000 0.000000 0.000000 0.000000 0.000000 0.000000 0.000000 0.000000 0.000000 0.000000 0.000000 0.000000 0.000000 0.000000 0.000000 0.000000 0.000000 0.000000 0.000000 0.000000 0.000000 0.000000 0.000000 0.000000 0.000000 0.000000 0.000000 0.000000 0.000000 0.000000 0.000000 0.000000 0.000000 0.000000 0.000000 0.000000 0.000000 0.000000 0.000000 0.000000 0.000000 0.000000 0.000000 0.000000 0.000000 0.000000 0.000000 0.000000 0.000000 0.000000 0.000000 0.000000 0.000000 0.000000 0.000000 0.000000 0.000000 0.000000 0.000000 0.000000 0.000000 0.000000 0.000000 0.000000 0.000000 0.000000 0.000000 0.000000 0.000000 0.000000 0.000000 0.000000 0.000000 0.000000 0.000000 0.000000 0.000000 0.000000 0.000000 0.000000 0.000000 0.000000 0.000000 0.000000 0.000000 0.000000 0.000000 0.000000 0.000000 0.000000 0.000000 0.000000 0.000000 0.000000 0.000000 0.000000 0.000000 0.000000 0.000000 0.000000 0.000000 0.000000 0.000000 0.000000 0.000000 0.000000 0.000000 0.000000 0.000000 0.000000 0.000000 0.000000 0.000000 0.000000 0.000000 0.000000 0.000000 0.000000 0.000000 0.000000 0.000000 0.000000 0.000000 0.000000 0.000000 0.000000 0.000000 0.000000 0.000000 0.000000 0.000000 0.000000 0.000000 0.000000 0.000000 0.000000 0.000000 0.000000 0.000000 0.000000 0.000000 0.000000 0.000000 0.000000 0.000000 0.000000 0.000000 0.000000 0.000000 0.000000 0.000000 0.000000 0.000000 0.000000 0.000000 0.000000 0.000000 0.000000 0.000000 0.000000 0.000000 0.000000 0.000000 0.000000 0.000000 0.000000 0.000000 0.000000 0.000000 0.000000 0.000000 0.000000 0.000000 0.000000 0.000000 0.000000 0.000000 0.000000 0.000000 0.000000 0.000000 0.000000 0.000000 