Reynolds number List -  Side 
4 
      500000.0 
     1000000.0 
     5000000.0 
    10000000.0 
Angle of Attack List -  Downwards 
181 
-5.00 
 -4.75 
 -4.50 
 -4.25 
 -4.00 
 -3.75 
 -3.50 
 -3.25 
 -3.00 
 -2.75 
 -2.50 
 -2.25 
 -2.00 
 -1.75 
 -1.50 
 -1.25 
 -1.00 
 -0.75 
 -0.50 
 -0.25 
 0.00 
 0.25 
 0.50 
 0.75 
 1.00 
 1.25 
 1.50 
 1.75 
 2.00 
 2.25 
 2.50 
 2.75 
 3.00 
 3.25 
 3.50 
 3.75 
 4.00 
 4.25 
 4.50 
 4.75 
 5.00 
 5.25 
 5.50 
 5.75 
 6.00 
 6.25 
 6.50 
 6.75 
 7.00 
 7.25 
 7.50 
 7.75 
 8.00 
 8.25 
 8.50 
 8.75 
 9.00 
 9.25 
 9.50 
 9.75 
 10.00 
 10.25 
 10.50 
 10.75 
 11.00 
 11.25 
 11.50 
 11.75 
 12.00 
 12.25 
 12.50 
 12.75 
 13.00 
 13.25 
 13.50 
 13.75 
 14.00 
 14.25 
 14.50 
 14.75 
 15.00 
 15.25 
 15.50 
 15.75 
 16.00 
 16.25 
 16.50 
 16.75 
 17.00 
 17.25 
 17.50 
 17.75 
 18.00 
 18.25 
 18.50 
 18.75 
 19.00 
 19.25 
 19.50 
 19.75 
 20.00 
 20.25 
 20.50 
 20.75 
 21.00 
 21.25 
 21.50 
 21.75 
 22.00 
 22.25 
 22.50 
 22.75 
 23.00 
 23.25 
 23.50 
 23.75 
 24.00 
 24.25 
 24.50 
 24.75 
 25.00 
 25.25 
 25.50 
 25.75 
 26.00 
 26.25 
 26.50 
 26.75 
 27.00 
 27.25 
 27.50 
 27.75 
 28.00 
 28.25 
 28.50 
 28.75 
 29.00 
 29.25 
 29.50 
 29.75 
 30.00 
 30.25 
 30.50 
 30.75 
 31.00 
 31.25 
 31.50 
 31.75 
 32.00 
 32.25 
 32.50 
 32.75 
 33.00 
 33.25 
 33.50 
 33.75 
 34.00 
 34.25 
 34.50 
 34.75 
 35.00 
 35.25 
 35.50 
 35.75 
 36.00 
 36.25 
 36.50 
 36.75 
 37.00 
 37.25 
 37.50 
 37.75 
 38.00 
 38.25 
 38.50 
 38.75 
 39.00 
 39.25 
 39.50 
 39.75 
 40.00 
  Pressure BL Thick 
 Pressure Disp Thick 
Pressure Cf  
Suction BL Thick  
Suction Disp Thick  
Cf Suction  
0.017171 0.014895 0.006363 0.005841 0.017171 0.014895 0.006363 0.005841 0.017171 0.014895 0.006363 0.005841 0.017171 0.014895 0.006363 0.005841 0.017171 0.014895 0.006363 0.005841 0.017171 0.014895 0.006363 0.005841 0.017171 0.014895 0.006363 0.005841 0.017171 0.014895 0.006363 0.005841 0.017171 0.014895 0.006363 0.005841 0.017171 0.014895 0.006363 0.005841 0.017171 0.014895 0.006363 0.005841 0.017171 0.014895 0.006363 0.005841 0.017171 0.014895 0.006363 0.005841 0.017171 0.014895 0.006363 0.005841 0.017171 0.014895 0.006363 0.005841 0.017171 0.014895 0.006363 0.005841 0.017171 0.014895 0.006363 0.005841 0.017171 0.014895 0.006363 0.005841 0.017171 0.014895 0.006363 0.005841 0.017171 0.014895 0.006363 0.005841 0.017171 0.014895 0.006363 0.005841 0.015578 0.013506 0.006174 0.005676 0.014372 0.012474 0.005994 0.005517 0.013392 0.011643 0.005822 0.005366 0.012590 0.010972 0.005657 0.005211 0.011903 0.010400 0.005498 0.005071 0.011293 0.009893 0.005346 0.004913 0.010743 0.009435 0.005200 0.004784 0.010242 0.009018 0.005059 0.004659 0.009784 0.008635 0.004923 0.004537 0.009361 0.008281 0.004792 0.004420 0.008968 0.007952 0.004666 0.004299 0.008602 0.007645 0.004535 0.004190 0.008260 0.007357 0.004417 0.004084 0.007939 0.007086 0.004304 0.003981 0.007638 0.006831 0.004193 0.003882 0.007353 0.006589 0.004062 0.003786 0.007083 0.006360 0.003958 0.003672 0.006829 0.006145 0.003858 0.003582 0.006588 0.005940 0.003752 0.003487 0.006356 0.005741 0.003658 0.003401 0.006136 0.005553 0.003566 0.003318 0.005928 0.005375 0.003476 0.003236 0.005729 0.005205 0.003390 0.003158 0.005532 0.005038 0.003305 0.003082 0.005343 0.004880 0.003223 0.003007 0.005167 0.004733 0.003112 0.002927 0.004994 0.004587 0.003017 0.002857 0.004828 0.004445 0.002929 0.002766 0.004673 0.004312 0.002848 0.002699 0.004527 0.004186 0.002771 0.002633 0.004383 0.004059 0.002698 0.002568 0.004244 0.003920 0.002630 0.002497 0.004116 0.003791 0.002554 0.002432 0.003993 0.003679 0.002488 0.002360 0.003868 0.003565 0.002427 0.002293 0.003753 0.003459 0.002341 0.002195 0.003646 0.003363 0.002281 0.002139 0.003538 0.003255 0.002218 0.002079 0.003425 0.003144 0.002161 0.002025 0.003308 0.003040 0.002102 0.001965 0.003216 0.002956 0.002045 0.001855 0.003119 0.002881 0.001987 0.001797 0.003027 0.002801 0.001925 0.001731 0.002938 0.002711 0.001867 0.001667 0.002860 0.002633 0.001795 0.001612 0.002785 0.002572 0.001737 0.001577 0.002706 0.002497 0.001695 0.001525 0.002618 0.002422 0.001646 0.001485 0.002535 0.002354 0.001597 0.001371 0.002477 0.002291 0.001563 0.001339 0.002415 0.002234 0.001515 0.001306 0.002347 0.002171 0.001464 0.001267 0.002282 0.002118 0.001420 0.001239 0.002229 0.002069 0.001395 0.001197 0.002166 0.002005 0.001351 0.001167 0.002097 0.001950 0.001318 0.001139 0.002040 0.001899 0.001281 0.001106 0.002004 0.001847 0.001254 0.001085 0.001985 0.001813 0.001223 0.001064 0.001946 0.001757 0.001188 0.001031 0.001919 0.001710 0.001166 0.001006 0.001892 0.001661 0.001142 0.000989 0.001892 0.001639 0.001113 0.000967 0.001892 0.001623 0.001083 0.000933 0.001892 0.001620 0.001050 0.000910 0.001892 0.001594 0.001045 0.000891 0.001892 0.001593 0.001034 0.000896 0.001892 0.001540 0.000988 0.000855 0.001892 0.001545 0.000947 0.000826 0.001892 0.001531 0.000927 0.000792 0.001892 0.001502 0.000895 0.000796 0.001892 0.001502 0.000887 0.000761 0.001892 0.001498 0.000878 0.000739 0.001892 0.001472 0.000839 0.000748 0.001892 0.001458 0.000822 0.000726 0.001892 0.001482 0.000807 0.000697 0.001892 0.001471 0.000822 0.000684 0.001892 0.001456 0.000802 0.000669 0.001892 0.001431 0.000762 0.000685 0.001892 0.001413 0.000747 0.000647 0.001892 0.001403 0.000734 0.000630 0.001892 0.001399 0.000760 0.000605 0.001892 0.001423 0.000764 0.000655 0.001892 0.001414 0.000733 0.000589 0.001892 0.001399 0.000703 0.000580 0.001892 0.001378 0.000684 0.000602 0.001892 0.001361 0.000650 0.000591 0.001892 0.001353 0.000638 0.000576 0.001892 0.001341 0.000625 0.000545 0.001892 0.001345 0.000624 0.000535 0.001892 0.001347 0.000687 0.000520 0.001892 0.001335 0.000661 0.000566 0.001892 0.001319 0.000611 0.000561 0.001892 0.001306 0.000592 0.000525 0.001892 0.001299 0.000567 0.000514 0.001892 0.001309 0.000556 0.000491 0.001892 0.001313 0.000548 0.000476 0.001892 0.001303 0.000540 0.000468 0.001892 0.001286 0.000574 0.000461 0.001892 0.001275 0.000598 0.000455 0.001892 0.001285 0.000569 0.000476 0.001892 0.001288 0.000503 0.000475 0.001892 0.001273 0.000492 0.000452 0.001892 0.001259 0.000485 0.000446 0.001892 0.001254 0.000492 0.000443 0.001892 0.001263 0.000496 0.000442 0.001892 0.001256 0.000478 0.000452 0.001892 0.001237 0.000487 0.000445 0.001892 0.001229 0.000461 0.000427 0.001892 0.001229 0.000441 0.000425 0.001892 0.001229 0.000450 0.000422 0.001892 0.001229 0.000460 0.000420 0.001892 0.001229 0.000440 0.000420 0.001892 0.001229 0.000433 0.000420 0.001892 0.001229 0.000433 0.000420 0.001892 0.001229 0.000433 0.000420 0.001892 0.001229 0.000433 0.000420 0.001892 0.001229 0.000433 0.000420 0.001892 0.001229 0.000433 0.000420 0.001892 0.001229 0.000433 0.000420 0.001892 0.001229 0.000433 0.000420 0.001892 0.001229 0.000433 0.000420 0.001892 0.001229 0.000433 0.000420 0.001892 0.001229 0.000433 0.000420 0.001892 0.001229 0.000433 0.000420 0.001892 0.001229 0.000433 0.000420 0.001892 0.001229 0.000433 0.000420 0.001892 0.001229 0.000433 0.000420 0.001892 0.001229 0.000433 0.000420 0.001892 0.001229 0.000433 0.000420 0.001892 0.001229 0.000433 0.000420 0.001892 0.001229 0.000433 0.000420 0.001892 0.001229 0.000433 0.000420 0.001892 0.001229 0.000433 0.000420 0.001892 0.001229 0.000433 0.000420 0.001892 0.001229 0.000433 0.000420 0.001892 0.001229 0.000433 0.000420 0.001892 0.001229 0.000433 0.000420 0.001892 0.001229 0.000433 0.000420 0.001892 0.001229 0.000433 0.000420 0.001892 0.001229 0.000433 0.000420 0.001892 0.001229 0.000433 0.000420 0.001892 0.001229 0.000433 0.000420 0.001892 0.001229 0.000433 0.000420 0.001892 0.001229 0.000433 0.000420 0.001892 0.001229 0.000433 0.000420 0.001892 0.001229 0.000433 0.000420 0.001892 0.001229 0.000433 0.000420 0.001892 0.001229 0.000433 0.000420 0.001892 0.001229 0.000433 0.000420 0.001892 0.001229 0.000433 0.000420 0.001892 0.001229 0.000433 0.000420 0.001892 0.001229 0.000433 0.000420 0.001892 0.001229 0.000433 0.000420 0.001892 0.001229 0.000433 0.000420 0.001892 0.001229 0.000433 0.000420 0.001892 0.001229 0.000433 0.000420 0.001892 0.001229 0.000433 0.000420 0.001892 0.001229 0.000433 0.000420 0.001892 0.001229 0.000433 0.000420  
0.017171 0.014895 0.006363 0.005841 0.017171 0.014895 0.006363 0.005841 0.017171 0.014895 0.006363 0.005841 0.017171 0.014895 0.006363 0.005841 0.017171 0.014895 0.006363 0.005841 0.017171 0.014895 0.006363 0.005841 0.017171 0.014895 0.006363 0.005841 0.017171 0.014895 0.006363 0.005841 0.017171 0.014895 0.006363 0.005841 0.017171 0.014895 0.006363 0.005841 0.017171 0.014895 0.006363 0.005841 0.017171 0.014895 0.006363 0.005841 0.017171 0.014895 0.006363 0.005841 0.017171 0.014895 0.006363 0.005841 0.017171 0.014895 0.006363 0.005841 0.017171 0.014895 0.006363 0.005841 0.017171 0.014895 0.006363 0.005841 0.017171 0.014895 0.006363 0.005841 0.017171 0.014895 0.006363 0.005841 0.017171 0.014895 0.006363 0.005841 0.017171 0.014895 0.006363 0.005841 0.015578 0.013506 0.006174 0.005676 0.014372 0.012474 0.005994 0.005517 0.013392 0.011643 0.005822 0.005366 0.012590 0.010972 0.005657 0.005211 0.011903 0.010400 0.005498 0.005071 0.011293 0.009893 0.005346 0.004913 0.010743 0.009435 0.005200 0.004784 0.010242 0.009018 0.005059 0.004659 0.009784 0.008635 0.004923 0.004537 0.009361 0.008281 0.004792 0.004420 0.008968 0.007952 0.004666 0.004299 0.008602 0.007645 0.004535 0.004190 0.008260 0.007357 0.004417 0.004084 0.007939 0.007086 0.004304 0.003981 0.007638 0.006831 0.004193 0.003882 0.007353 0.006589 0.004062 0.003786 0.007083 0.006360 0.003958 0.003672 0.006829 0.006145 0.003858 0.003582 0.006588 0.005940 0.003752 0.003487 0.006356 0.005741 0.003658 0.003401 0.006136 0.005553 0.003566 0.003318 0.005928 0.005375 0.003476 0.003236 0.005729 0.005205 0.003390 0.003158 0.005532 0.005038 0.003305 0.003082 0.005343 0.004880 0.003223 0.003007 0.005167 0.004733 0.003112 0.002927 0.004994 0.004587 0.003017 0.002857 0.004828 0.004445 0.002929 0.002766 0.004673 0.004312 0.002848 0.002699 0.004527 0.004186 0.002771 0.002633 0.004383 0.004059 0.002698 0.002568 0.004244 0.003920 0.002630 0.002497 0.004116 0.003791 0.002554 0.002432 0.003993 0.003679 0.002488 0.002360 0.003868 0.003565 0.002427 0.002293 0.003753 0.003459 0.002341 0.002195 0.003646 0.003363 0.002281 0.002139 0.003538 0.003255 0.002218 0.002079 0.003425 0.003144 0.002161 0.002025 0.003308 0.003040 0.002102 0.001965 0.003216 0.002956 0.002045 0.001855 0.003119 0.002881 0.001987 0.001797 0.003027 0.002801 0.001925 0.001731 0.002938 0.002711 0.001867 0.001667 0.002860 0.002633 0.001795 0.001612 0.002785 0.002572 0.001737 0.001577 0.002706 0.002497 0.001695 0.001525 0.002618 0.002422 0.001646 0.001485 0.002535 0.002354 0.001597 0.001371 0.002477 0.002291 0.001563 0.001339 0.002415 0.002234 0.001515 0.001306 0.002347 0.002171 0.001464 0.001267 0.002282 0.002118 0.001420 0.001239 0.002229 0.002069 0.001395 0.001197 0.002166 0.002005 0.001351 0.001167 0.002097 0.001950 0.001318 0.001139 0.002040 0.001899 0.001281 0.001106 0.002004 0.001847 0.001254 0.001085 0.001985 0.001813 0.001223 0.001064 0.001946 0.001757 0.001188 0.001031 0.001919 0.001710 0.001166 0.001006 0.001892 0.001661 0.001142 0.000989 0.001892 0.001639 0.001113 0.000967 0.001892 0.001623 0.001083 0.000933 0.001892 0.001620 0.001050 0.000910 0.001892 0.001594 0.001045 0.000891 0.001892 0.001593 0.001034 0.000896 0.001892 0.001540 0.000988 0.000855 0.001892 0.001545 0.000947 0.000826 0.001892 0.001531 0.000927 0.000792 0.001892 0.001502 0.000895 0.000796 0.001892 0.001502 0.000887 0.000761 0.001892 0.001498 0.000878 0.000739 0.001892 0.001472 0.000839 0.000748 0.001892 0.001458 0.000822 0.000726 0.001892 0.001482 0.000807 0.000697 0.001892 0.001471 0.000822 0.000684 0.001892 0.001456 0.000802 0.000669 0.001892 0.001431 0.000762 0.000685 0.001892 0.001413 0.000747 0.000647 0.001892 0.001403 0.000734 0.000630 0.001892 0.001399 0.000760 0.000605 0.001892 0.001423 0.000764 0.000655 0.001892 0.001414 0.000733 0.000589 0.001892 0.001399 0.000703 0.000580 0.001892 0.001378 0.000684 0.000602 0.001892 0.001361 0.000650 0.000591 0.001892 0.001353 0.000638 0.000576 0.001892 0.001341 0.000625 0.000545 0.001892 0.001345 0.000624 0.000535 0.001892 0.001347 0.000687 0.000520 0.001892 0.001335 0.000661 0.000566 0.001892 0.001319 0.000611 0.000561 0.001892 0.001306 0.000592 0.000525 0.001892 0.001299 0.000567 0.000514 0.001892 0.001309 0.000556 0.000491 0.001892 0.001313 0.000548 0.000476 0.001892 0.001303 0.000540 0.000468 0.001892 0.001286 0.000574 0.000461 0.001892 0.001275 0.000598 0.000455 0.001892 0.001285 0.000569 0.000476 0.001892 0.001288 0.000503 0.000475 0.001892 0.001273 0.000492 0.000452 0.001892 0.001259 0.000485 0.000446 0.001892 0.001254 0.000492 0.000443 0.001892 0.001263 0.000496 0.000442 0.001892 0.001256 0.000478 0.000452 0.001892 0.001237 0.000487 0.000445 0.001892 0.001229 0.000461 0.000427 0.001892 0.001229 0.000441 0.000425 0.001892 0.001229 0.000450 0.000422 0.001892 0.001229 0.000460 0.000420 0.001892 0.001229 0.000440 0.000420 0.001892 0.001229 0.000433 0.000420 0.001892 0.001229 0.000433 0.000420 0.001892 0.001229 0.000433 0.000420 0.001892 0.001229 0.000433 0.000420 0.001892 0.001229 0.000433 0.000420 0.001892 0.001229 0.000433 0.000420 0.001892 0.001229 0.000433 0.000420 0.001892 0.001229 0.000433 0.000420 0.001892 0.001229 0.000433 0.000420 0.001892 0.001229 0.000433 0.000420 0.001892 0.001229 0.000433 0.000420 0.001892 0.001229 0.000433 0.000420 0.001892 0.001229 0.000433 0.000420 0.001892 0.001229 0.000433 0.000420 0.001892 0.001229 0.000433 0.000420 0.001892 0.001229 0.000433 0.000420 0.001892 0.001229 0.000433 0.000420 0.001892 0.001229 0.000433 0.000420 0.001892 0.001229 0.000433 0.000420 0.001892 0.001229 0.000433 0.000420 0.001892 0.001229 0.000433 0.000420 0.001892 0.001229 0.000433 0.000420 0.001892 0.001229 0.000433 0.000420 0.001892 0.001229 0.000433 0.000420 0.001892 0.001229 0.000433 0.000420 0.001892 0.001229 0.000433 0.000420 0.001892 0.001229 0.000433 0.000420 0.001892 0.001229 0.000433 0.000420 0.001892 0.001229 0.000433 0.000420 0.001892 0.001229 0.000433 0.000420 0.001892 0.001229 0.000433 0.000420 0.001892 0.001229 0.000433 0.000420 0.001892 0.001229 0.000433 0.000420 0.001892 0.001229 0.000433 0.000420 0.001892 0.001229 0.000433 0.000420 0.001892 0.001229 0.000433 0.000420 0.001892 0.001229 0.000433 0.000420 0.001892 0.001229 0.000433 0.000420 0.001892 0.001229 0.000433 0.000420 0.001892 0.001229 0.000433 0.000420 0.001892 0.001229 0.000433 0.000420 0.001892 0.001229 0.000433 0.000420 0.001892 0.001229 0.000433 0.000420 0.001892 0.001229 0.000433 0.000420 0.001892 0.001229 0.000433 0.000420 0.001892 0.001229 0.000433 0.000420 0.001892 0.001229 0.000433 0.000420  
0.000000 0.000000 0.000000 0.000000 0.000000 0.000000 0.000000 0.000000 0.000000 0.000000 0.000000 0.000000 0.000000 0.000000 0.000000 0.000000 0.000000 0.000000 0.000000 0.000000 0.000000 0.000000 0.000000 0.000000 0.000000 0.000000 0.000000 0.000000 0.000000 0.000000 0.000000 0.000000 0.000000 0.000000 0.000000 0.000000 0.000000 0.000000 0.000000 0.000000 0.000000 0.000000 0.000000 0.000000 0.000000 0.000000 0.000000 0.000000 0.000000 0.000000 0.000000 0.000000 0.000000 0.000000 0.000000 0.000000 0.000000 0.000000 0.000000 0.000000 0.000000 0.000000 0.000000 0.000000 0.000000 0.000000 0.000000 0.000000 0.000000 0.000000 0.000000 0.000000 0.000000 0.000000 0.000000 0.000000 0.000000 0.000000 0.000000 0.000000 0.000000 0.000000 0.000000 0.000000 0.000000 0.000000 0.000000 0.000000 0.000000 0.000000 0.000000 0.000000 0.000000 0.000000 0.000000 0.000000 0.000000 0.000000 0.000000 0.000000 0.000000 0.000000 0.000000 0.000000 0.000000 0.000000 0.000000 0.000000 0.000000 0.000000 0.000000 0.000000 0.000000 0.000000 0.000000 0.000000 0.000000 0.000000 0.000000 0.000000 0.000000 0.000000 0.000000 0.000000 0.000000 0.000000 0.000000 0.000000 0.000000 0.000000 0.000000 0.000000 0.000000 0.000000 0.000000 0.000000 0.000000 0.000000 0.000000 0.000000 0.000000 0.000000 0.000000 0.000000 0.000000 0.000000 0.000000 0.000000 0.000000 0.000000 0.000000 0.000000 0.000000 0.000000 0.000000 0.000000 0.000000 0.000000 0.000000 0.000000 0.000000 0.000000 0.000000 0.000000 0.000000 0.000000 0.000000 0.000000 0.000000 0.000000 0.000000 0.000000 0.000000 0.000000 0.000000 0.000000 0.000000 0.000000 0.000000 0.000000 0.000000 0.000000 0.000000 0.000000 0.000000 0.000000 0.000000 0.000000 0.000000 0.000000 0.000000 0.000000 0.000000 0.000000 0.000000 0.000000 0.000000 0.000000 0.000000 0.000000 0.000000 0.000000 0.000000 0.000000 0.000000 0.000000 0.000000 0.000000 0.000000 0.000000 0.000000 0.000000 0.000000 0.000000 0.000000 0.000000 0.000000 0.000000 0.000000 0.000000 0.000000 0.000000 0.000000 0.000000 0.000000 0.000000 0.000000 0.000000 0.000000 0.000000 0.000000 0.000000 0.000000 0.000000 0.000000 0.000000 0.000000 0.000000 0.000000 0.000000 0.000000 0.000000 0.000000 0.000000 0.000000 0.000000 0.000000 0.000000 0.000000 0.000000 0.000000 0.000000 0.000000 0.000000 0.000000 0.000000 0.000000 0.000000 0.000000 0.000000 0.000000 0.000000 0.000000 0.000000 0.000000 0.000000 0.000000 0.000000 0.000000 0.000000 0.000000 0.000000 0.000000 0.000000 0.000000 0.000000 0.000000 0.000000 0.000000 0.000000 0.000000 0.000000 0.000000 0.000000 0.000000 0.000000 0.000000 0.000000 0.000000 0.000000 0.000000 0.000000 0.000000 0.000000 0.000000 0.000000 0.000000 0.000000 0.000000 0.000000 0.000000 0.000000 0.000000 0.000000 0.000000 0.000000 0.000000 0.000000 0.000000 0.000000 0.000000 0.000000 0.000000 0.000000 0.000000 0.000000 0.000000 0.000000 0.000000 0.000000 0.000000 0.000000 0.000000 0.000000 0.000000 0.000000 0.000000 0.000000 0.000000 0.000000 0.000000 0.000000 0.000000 0.000000 0.000000 0.000000 0.000000 0.000000 0.000000 0.000000 0.000000 0.000000 0.000000 0.000000 0.000000 0.000000 0.000000 0.000000 0.000000 0.000000 0.000000 0.000000 0.000000 0.000000 0.000000 0.000000 0.000000 0.000000 0.000000 0.000000 0.000000 0.000000 0.000000 0.000000 0.000000 0.000000 0.000000 0.000000 0.000000 0.000000 0.000000 0.000000 0.000000 0.000000 0.000000 0.000000 0.000000 0.000000 0.000000 0.000000 0.000000 0.000000 0.000000 0.000000 0.000000 0.000000 0.000000 0.000000 0.000000 0.000000 0.000000 0.000000 0.000000 0.000000 0.000000 0.000000 0.000000 0.000000 0.000000 0.000000 0.000000 0.000000 0.000000 0.000000 0.000000 0.000000 0.000000 0.000000 0.000000 0.000000 0.000000 0.000000 0.000000 0.000000 0.000000 0.000000 0.000000 0.000000 0.000000 0.000000 0.000000 0.000000 0.000000 0.000000 0.000000 0.000000 0.000000 0.000000 0.000000 0.000000 0.000000 0.000000 0.000000 0.000000 0.000000 0.000000 0.000000 0.000000 0.000000 0.000000 0.000000 0.000000 0.000000 0.000000 0.000000 0.000000 0.000000 0.000000 0.000000 0.000000 0.000000 0.000000 0.000000 0.000000 0.000000 0.000000 0.000000 0.000000 0.000000 0.000000 0.000000 0.000000 0.000000 0.000000 0.000000 0.000000 0.000000 0.000000 0.000000 0.000000 0.000000 0.000000 0.000000 0.000000 0.000000 0.000000 0.000000 0.000000 0.000000 0.000000 0.000000 0.000000 0.000000 0.000000 0.000000 0.000000 0.000000 0.000000 0.000000 0.000000 0.000000 0.000000 0.000000 0.000000 0.000000 0.000000 0.000000 0.000000 0.000000 0.000000 0.000000 0.000000 0.000000 0.000000 0.000000 0.000000 0.000000 0.000000 0.000000 0.000000 0.000000 0.000000 0.000000 0.000000 0.000000 0.000000 0.000000 0.000000 0.000000 0.000000 0.000000 0.000000 0.000000 0.000000 0.000000 0.000000 0.000000 0.000000 0.000000 0.000000 0.000000 0.000000 0.000000 0.000000 0.000000 0.000000 0.000000 0.000000 0.000000 0.000000 0.000000 0.000000 0.000000 0.000000 0.000000 0.000000 0.000000 0.000000 0.000000 0.000000 0.000000 0.000000 0.000000 0.000000 0.000000 0.000000 0.000000 0.000000 0.000000 0.000000 0.000000 0.000000 0.000000 0.000000 0.000000 0.000000 0.000000 0.000000 0.000000 0.000000 0.000000 0.000000 0.000000 0.000000 0.000000 0.000000 0.000000 0.000000 0.000000 0.000000 0.000000 0.000000 0.000000 0.000000 0.000000 0.000000 0.000000 0.000000 0.000000 0.000000 0.000000 0.000000 0.000000 0.000000 0.000000 0.000000 0.000000 0.000000 0.000000 0.000000 0.000000 0.000000 0.000000 0.000000 0.000000 0.000000 0.000000 0.000000 0.000000 0.000000 0.000000 0.000000 0.000000 0.000000 0.000000 0.000000 0.000000 0.000000 0.000000 0.000000 0.000000 0.000000 0.000000 0.000000 0.000000 0.000000 0.000000 0.000000 0.000000 0.000000 0.000000 0.000000 0.000000 0.000000 0.000000 0.000000 0.000000 0.000000 0.000000 0.000000 0.000000 0.000000 0.000000 0.000000 0.000000 0.000000 0.000000 0.000000 0.000000 0.000000 0.000000 0.000000 0.000000 0.000000 0.000000 0.000000 0.000000 0.000000 0.000000 0.000000 0.000000 0.000000 0.000000 0.000000 0.000000 0.000000 0.000000 0.000000 0.000000 0.000000 0.000000 0.000000 0.000000 0.000000 0.000000 0.000000 0.000000 0.000000 0.000000 0.000000 0.000000 0.000000 0.000000 0.000000 0.000000 0.000000 0.000000 0.000000 0.000000 0.000000 0.000000 0.000000 0.000000 0.000000 0.000000 0.000000 0.000000 0.000000 0.000000 0.000000 0.000000 0.000000 0.000000 0.000000 0.000000 0.000000 0.000000 0.000000 0.000000 0.000000 0.000000 0.000000 0.000000 0.000000 0.000000 0.000000 0.000000 0.000000 0.000000 0.000000 0.000000 0.000000 0.000000 0.000000  
0.000000 0.000000 0.000000 0.000000 0.000000 0.000000 0.000000 0.000000 0.000000 0.000000 0.000000 0.000000 0.000000 0.000000 0.000000 0.000000 0.000000 0.000000 0.000000 0.000000 0.000000 0.000000 0.000000 0.000000 0.000000 0.000000 0.000000 0.000000 0.000000 0.000000 0.000000 0.000000 0.000000 0.000000 0.000000 0.000000 0.000000 0.000000 0.000000 0.000000 0.000000 0.000000 0.000000 0.000000 0.000000 0.000000 0.000000 0.000000 0.000000 0.000000 0.000000 0.000000 0.000000 0.000000 0.000000 0.000000 0.000000 0.000000 0.000000 0.000000 0.000000 0.000000 0.000000 0.000000 0.000000 0.000000 0.000000 0.000000 0.000000 0.000000 0.000000 0.000000 0.000000 0.000000 0.000000 0.000000 0.000000 0.000000 0.000000 0.000000 0.000000 0.000000 0.000000 0.000000 0.000000 0.000000 0.000000 0.000000 0.000000 0.000000 0.000000 0.000000 0.000000 0.000000 0.000000 0.000000 0.000000 0.000000 0.000000 0.000000 0.000000 0.000000 0.000000 0.000000 0.000000 0.000000 0.000000 0.000000 0.000000 0.000000 0.000000 0.000000 0.000000 0.000000 0.000000 0.000000 0.000000 0.000000 0.000000 0.000000 0.000000 0.000000 0.000000 0.000000 0.000000 0.000000 0.000000 0.000000 0.000000 0.000000 0.000000 0.000000 0.000000 0.000000 0.000000 0.000000 0.000000 0.000000 0.000000 0.000000 0.000000 0.000000 0.000000 0.000000 0.000000 0.000000 0.000000 0.000000 0.000000 0.000000 0.000000 0.000000 0.000000 0.000000 0.000000 0.000000 0.000000 0.000000 0.000000 0.000000 0.000000 0.000000 0.000000 0.000000 0.000000 0.000000 0.000000 0.000000 0.000000 0.000000 0.000000 0.000000 0.000000 0.000000 0.000000 0.000000 0.000000 0.000000 0.000000 0.000000 0.000000 0.000000 0.000000 0.000000 0.000000 0.000000 0.000000 0.000000 0.000000 0.000000 0.000000 0.000000 0.000000 0.000000 0.000000 0.000000 0.000000 0.000000 0.000000 0.000000 0.000000 0.000000 0.000000 0.000000 0.000000 0.000000 0.000000 0.000000 0.000000 0.000000 0.000000 0.000000 0.000000 0.000000 0.000000 0.000000 0.000000 0.000000 0.000000 0.000000 0.000000 0.000000 0.000000 0.000000 0.000000 0.000000 0.000000 0.000000 0.000000 0.000000 0.000000 0.000000 0.000000 0.000000 0.000000 0.000000 0.000000 0.000000 0.000000 0.000000 0.000000 0.000000 0.000000 0.000000 0.000000 0.000000 0.000000 0.000000 0.000000 0.000000 0.000000 0.000000 0.000000 0.000000 0.000000 0.000000 0.000000 0.000000 0.000000 0.000000 0.000000 0.000000 0.000000 0.000000 0.000000 0.000000 0.000000 0.000000 0.000000 0.000000 0.000000 0.000000 0.000000 0.000000 0.000000 0.000000 0.000000 0.000000 0.000000 0.000000 0.000000 0.000000 0.000000 0.000000 0.000000 0.000000 0.000000 0.000000 0.000000 0.000000 0.000000 0.000000 0.000000 0.000000 0.000000 0.000000 0.000000 0.000000 0.000000 0.000000 0.000000 0.000000 0.000000 0.000000 0.000000 0.000000 0.000000 0.000000 0.000000 0.000000 0.000000 0.000000 0.000000 0.000000 0.000000 0.000000 0.000000 0.000000 0.000000 0.000000 0.000000 0.000000 0.000000 0.000000 0.000000 0.000000 0.000000 0.000000 0.000000 0.000000 0.000000 0.000000 0.000000 0.000000 0.000000 0.000000 0.000000 0.000000 0.000000 0.000000 0.000000 0.000000 0.000000 0.000000 0.000000 0.000000 0.000000 0.000000 0.000000 0.000000 0.000000 0.000000 0.000000 0.000000 0.000000 0.000000 0.000000 0.000000 0.000000 0.000000 0.000000 0.000000 0.000000 0.000000 0.000000 0.000000 0.000000 0.000000 0.000000 0.000000 0.000000 0.000000 0.000000 0.000000 0.000000 0.000000 0.000000 0.000000 0.000000 0.000000 0.000000 0.000000 0.000000 0.000000 0.000000 0.000000 0.000000 0.000000 0.000000 0.000000 0.000000 0.000000 0.000000 0.000000 0.000000 0.000000 0.000000 0.000000 0.000000 0.000000 0.000000 0.000000 0.000000 0.000000 0.000000 0.000000 0.000000 0.000000 0.000000 0.000000 0.000000 0.000000 0.000000 0.000000 0.000000 0.000000 0.000000 0.000000 0.000000 0.000000 0.000000 0.000000 0.000000 0.000000 0.000000 0.000000 0.000000 0.000000 0.000000 0.000000 0.000000 0.000000 0.000000 0.000000 0.000000 0.000000 0.000000 0.000000 0.000000 0.000000 0.000000 0.000000 0.000000 0.000000 0.000000 0.000000 0.000000 0.000000 0.000000 0.000000 0.000000 0.000000 0.000000 0.000000 0.000000 0.000000 0.000000 0.000000 0.000000 0.000000 0.000000 0.000000 0.000000 0.000000 0.000000 0.000000 0.000000 0.000000 0.000000 0.000000 0.000000 0.000000 0.000000 0.000000 0.000000 0.000000 0.000000 0.000000 0.000000 0.000000 0.000000 0.000000 0.000000 0.000000 0.000000 0.000000 0.000000 0.000000 0.000000 0.000000 0.000000 0.000000 0.000000 0.000000 0.000000 0.000000 0.000000 0.000000 0.000000 0.000000 0.000000 0.000000 0.000000 0.000000 0.000000 0.000000 0.000000 0.000000 0.000000 0.000000 0.000000 0.000000 0.000000 0.000000 0.000000 0.000000 0.000000 0.000000 0.000000 0.000000 0.000000 0.000000 0.000000 0.000000 0.000000 0.000000 0.000000 0.000000 0.000000 0.000000 0.000000 0.000000 0.000000 0.000000 0.000000 0.000000 0.000000 0.000000 0.000000 0.000000 0.000000 0.000000 0.000000 0.000000 0.000000 0.000000 0.000000 0.000000 0.000000 0.000000 0.000000 0.000000 0.000000 0.000000 0.000000 0.000000 0.000000 0.000000 0.000000 0.000000 0.000000 0.000000 0.000000 0.000000 0.000000 0.000000 0.000000 0.000000 0.000000 0.000000 0.000000 0.000000 0.000000 0.000000 0.000000 0.000000 0.000000 0.000000 0.000000 0.000000 0.000000 0.000000 0.000000 0.000000 0.000000 0.000000 0.000000 0.000000 0.000000 0.000000 0.000000 0.000000 0.000000 0.000000 0.000000 0.000000 0.000000 0.000000 0.000000 0.000000 0.000000 0.000000 0.000000 0.000000 0.000000 0.000000 0.000000 0.000000 0.000000 0.000000 0.000000 0.000000 0.000000 0.000000 0.000000 0.000000 0.000000 0.000000 0.000000 0.000000 0.000000 0.000000 0.000000 0.000000 0.000000 0.000000 0.000000 0.000000 0.000000 0.000000 0.000000 0.000000 0.000000 0.000000 0.000000 0.000000 0.000000 0.000000 0.000000 0.000000 0.000000 0.000000 0.000000 0.000000 0.000000 0.000000 0.000000 0.000000 0.000000 0.000000 0.000000 0.000000 0.000000 0.000000 0.000000 0.000000 0.000000 0.000000 0.000000 0.000000 0.000000 0.000000 0.000000 0.000000 0.000000 0.000000 0.000000 0.000000 0.000000 0.000000 0.000000 0.000000 0.000000 0.000000 0.000000 0.000000 0.000000 0.000000 0.000000 0.000000 0.000000 0.000000 0.000000 0.000000 0.000000 0.000000 0.000000 0.000000 0.000000 0.000000 0.000000 0.000000 0.000000 0.000000 0.000000 0.000000 0.000000 0.000000 0.000000 0.000000 0.000000 0.000000 0.000000 0.000000 0.000000 0.000000 0.000000 0.000000 0.000000 0.000000 0.000000 0.000000 0.000000 0.000000 0.000000 0.000000 0.000000 0.000000 0.000000 0.000000 0.000000 0.000000 0.000000 0.000000  
0.023113 0.020847 0.010437 0.008687 0.023113 0.020847 0.010437 0.008687 0.023113 0.020847 0.010437 0.008687 0.023113 0.020847 0.010437 0.008687 0.023113 0.020847 0.010437 0.008687 0.023113 0.020847 0.010437 0.008687 0.023113 0.020847 0.010437 0.008687 0.023113 0.020847 0.010437 0.008687 0.023113 0.020847 0.010437 0.008687 0.023113 0.020847 0.010437 0.008687 0.023113 0.020847 0.010437 0.008687 0.023113 0.020847 0.010437 0.008687 0.023113 0.020847 0.010437 0.008687 0.023113 0.020847 0.010437 0.008687 0.023113 0.020847 0.010437 0.008687 0.023113 0.020847 0.010437 0.008687 0.023113 0.020847 0.010437 0.008687 0.023113 0.020847 0.010437 0.008687 0.023113 0.020847 0.010437 0.008687 0.023113 0.020847 0.010437 0.008687 0.023113 0.020847 0.010437 0.008687 0.022903 0.020618 0.010584 0.008804 0.023276 0.020966 0.010735 0.008922 0.023436 0.021097 0.010889 0.009043 0.023773 0.021402 0.011048 0.009338 0.024216 0.021809 0.011210 0.009469 0.024682 0.022236 0.011377 0.009906 0.025149 0.022662 0.011548 0.010050 0.025639 0.023107 0.011723 0.010197 0.026204 0.023626 0.011903 0.010350 0.026822 0.024192 0.012087 0.010504 0.027419 0.024734 0.012277 0.010870 0.028007 0.025263 0.012709 0.011038 0.028657 0.025850 0.012915 0.011210 0.029417 0.026543 0.013126 0.011386 0.030173 0.027227 0.013344 0.011567 0.030875 0.027855 0.014073 0.011752 0.031611 0.028509 0.014323 0.012383 0.032542 0.029352 0.014581 0.012593 0.033487 0.030202 0.015144 0.013070 0.034320 0.030932 0.015428 0.013300 0.035187 0.031688 0.015724 0.013537 0.036371 0.032748 0.016032 0.013781 0.037512 0.033751 0.016352 0.014033 0.038502 0.034572 0.016685 0.014294 0.039631 0.035488 0.017035 0.014562 0.041232 0.036860 0.018294 0.015172 0.042596 0.037956 0.019214 0.015470 0.043812 0.038884 0.019883 0.016508 0.045353 0.040155 0.020570 0.016870 0.047289 0.041739 0.021270 0.017249 0.048804 0.042937 0.021889 0.017649 0.050308 0.044729 0.022816 0.018487 0.052418 0.046883 0.023933 0.018993 0.054596 0.048881 0.024683 0.019727 0.056243 0.050285 0.025812 0.020407 0.058397 0.052055 0.028793 0.023566 0.061074 0.054546 0.029505 0.024197 0.063462 0.057490 0.032007 0.026120 0.066798 0.061044 0.032819 0.026784 0.071911 0.066061 0.033905 0.028258 0.075150 0.068603 0.036873 0.030510 0.081177 0.072177 0.037860 0.032141 0.083763 0.074587 0.039602 0.035751 0.086522 0.078129 0.043959 0.040870 0.090613 0.082284 0.049850 0.043621 0.095258 0.086983 0.053487 0.047976 0.101165 0.091414 0.059802 0.051344 0.111495 0.098275 0.062270 0.053654 0.114310 0.101189 0.066632 0.062578 0.120800 0.107804 0.072964 0.066959 0.127052 0.114577 0.077789 0.070710 0.133132 0.118144 0.088672 0.076343 0.141147 0.122994 0.093763 0.081434 0.149419 0.132297 0.102104 0.089382 0.157631 0.137555 0.108280 0.100983 0.169268 0.144305 0.113069 0.110553 0.179030 0.157639 0.132688 0.114619 0.191373 0.165177 0.138773 0.122503 0.200428 0.175381 0.144911 0.132773 0.205280 0.185256 0.147556 0.144640 0.222459 0.204730 0.161110 0.149232 0.230477 0.211737 0.175511 0.158363 0.235477 0.220357 0.185064 0.168271 0.240477 0.228341 0.195933 0.177036 0.245477 0.237672 0.197500 0.195319 0.250477 0.245322 0.215269 0.200854 0.255477 0.255512 0.234032 0.221265 0.260477 0.261088 0.232357 0.219251 0.265477 0.273183 0.241754 0.231363 0.270477 0.278114 0.247861 0.234731 0.275477 0.282207 0.257281 0.255497 0.280477 0.291365 0.278494 0.257833 0.285477 0.300925 0.290102 0.272049 0.290477 0.304019 0.289851 0.291500 0.295477 0.307513 0.295117 0.292447 0.300477 0.325555 0.306603 0.290009 0.305477 0.330083 0.326195 0.293077 0.310477 0.333707 0.328778 0.308273 0.315477 0.335121 0.326231 0.330066 0.320477 0.337419 0.328391 0.324771 0.325477 0.342940 0.331627 0.326795 0.330477 0.349080 0.356031 0.329271 0.335477 0.366479 0.371286 0.363910 0.340477 0.370637 0.376262 0.349707 0.345477 0.373957 0.375646 0.353814 0.350477 0.375438 0.377212 0.376165 0.355477 0.378456 0.372731 0.378723 0.360477 0.383081 0.374987 0.381559 0.365477 0.388800 0.377804 0.375715 0.370477 0.401288 0.391732 0.379621 0.375477 0.410172 0.434196 0.384526 0.380477 0.413542 0.432960 0.416660 0.385477 0.415204 0.423940 0.426968 0.390477 0.417853 0.425357 0.425565 0.395477 0.422318 0.421767 0.427963 0.400477 0.435295 0.424435 0.423914 0.405477 0.445194 0.427639 0.423469 0.410477 0.448767 0.431750 0.426349 0.415477 0.450282 0.457997 0.429705 0.420477 0.453145 0.485434 0.433853 0.425477 0.465421 0.480273 0.456803 0.430477 0.476050 0.467041 0.463615 0.435477 0.478627 0.469373 0.458286 0.440477 0.480553 0.473362 0.461122 0.445477 0.485287 0.487471 0.465622 0.450477 0.498745 0.499583 0.471761 0.455477 0.505556 0.498086 0.493833 0.460477 0.507580 0.515724 0.497127 0.465477 0.512750 0.516199 0.491872 0.470477 0.517751 0.514343 0.495982 0.475477 0.522751 0.529813 0.500413 0.480477 0.527751 0.544636 0.505248 0.485477 0.532751 0.539543 0.510248 0.490477 0.537751 0.541119 0.515248 0.495477 0.542751 0.546118 0.520249 0.500477 0.547751 0.551119 0.525249 0.505477 0.552750 0.556118 0.530249 0.510477 0.557751 0.561119 0.535249 0.515477 0.562750 0.566118 0.540249 0.520477 0.567751 0.571118 0.545249 0.525477 0.572750 0.576118 0.550248 0.530477 0.577751 0.581118 0.555249 0.535477 0.582750 0.586118 0.560248 0.540477 0.587751 0.591118 0.565249 0.545477 0.592750 0.596118 0.570248 0.550477 0.597751 0.601119 0.575249 0.555477 0.602750 0.606119 0.580248 0.560477 0.607751 0.611119 0.585249 0.565477 0.612750 0.616119 0.590248 0.570477 0.617750 0.621119 0.595249 0.575477 0.622750 0.626119 0.600248 0.580477 0.627750 0.631119 0.605249 0.585477 0.632750 0.636119 0.610248 0.590477 0.637750 0.641118 0.615248 0.595477 0.642751 0.646119 0.620248 0.600477 0.647751 0.651118 0.625248 0.605477 0.652751 0.656119 0.630248 0.610477 0.657751 0.661118 0.635248 0.615477 0.662751 0.666119 0.640248 0.620477 0.667751 0.671118 0.645249 0.625477 0.672751 0.676119 0.650249 0.630477 0.677750 0.681118 0.655249 0.635477 0.682751 0.686119 0.660249 0.640477 0.687750 0.691118 0.665249 0.645477 0.692751 0.696118 0.670249 0.650477 0.697750 0.701118 0.675248 0.655477 0.702751 0.706118 0.680249 0.660477 0.707750 0.711118 0.685248 0.665477 0.712751 0.716118 0.690249 0.670477 0.717750 0.721118 0.695248 0.675477 0.722751 0.726119 0.700249 0.680477 0.727750 0.731119 0.705248 0.685477 0.732751 0.736119 0.710249 0.690477 0.737750 0.741119 0.715248 0.695477 0.742750 0.746119 0.720249 0.700477 0.747750 0.751119 0.725248 0.705477 0.752750 0.756119 0.730249 0.710477 0.757750 0.761119 0.735248 0.715477 0.762750 0.766118 0.740248 0.720477 0.767751 0.771119 0.745248  
0.023113 0.020847 0.010437 0.008687 0.023113 0.020847 0.010437 0.008687 0.023113 0.020847 0.010437 0.008687 0.023113 0.020847 0.010437 0.008687 0.023113 0.020847 0.010437 0.008687 0.023113 0.020847 0.010437 0.008687 0.023113 0.020847 0.010437 0.008687 0.023113 0.020847 0.010437 0.008687 0.023113 0.020847 0.010437 0.008687 0.023113 0.020847 0.010437 0.008687 0.023113 0.020847 0.010437 0.008687 0.023113 0.020847 0.010437 0.008687 0.023113 0.020847 0.010437 0.008687 0.023113 0.020847 0.010437 0.008687 0.023113 0.020847 0.010437 0.008687 0.023113 0.020847 0.010437 0.008687 0.023113 0.020847 0.010437 0.008687 0.023113 0.020847 0.010437 0.008687 0.023113 0.020847 0.010437 0.008687 0.023113 0.020847 0.010437 0.008687 0.023113 0.020847 0.010437 0.008687 0.022903 0.020618 0.010584 0.008804 0.023276 0.020966 0.010735 0.008922 0.023436 0.021097 0.010889 0.009043 0.023773 0.021402 0.011048 0.009338 0.024216 0.021809 0.011210 0.009469 0.024682 0.022236 0.011377 0.009906 0.025149 0.022662 0.011548 0.010050 0.025639 0.023107 0.011723 0.010197 0.026204 0.023626 0.011903 0.010350 0.026822 0.024192 0.012087 0.010504 0.027419 0.024734 0.012277 0.010870 0.028007 0.025263 0.012709 0.011038 0.028657 0.025850 0.012915 0.011210 0.029417 0.026543 0.013126 0.011386 0.030173 0.027227 0.013344 0.011567 0.030875 0.027855 0.014073 0.011752 0.031611 0.028509 0.014323 0.012383 0.032542 0.029352 0.014581 0.012593 0.033487 0.030202 0.015144 0.013070 0.034320 0.030932 0.015428 0.013300 0.035187 0.031688 0.015724 0.013537 0.036371 0.032748 0.016032 0.013781 0.037512 0.033751 0.016352 0.014033 0.038502 0.034572 0.016685 0.014294 0.039631 0.035488 0.017035 0.014562 0.041232 0.036860 0.018294 0.015172 0.042596 0.037956 0.019214 0.015470 0.043812 0.038884 0.019883 0.016508 0.045353 0.040155 0.020570 0.016870 0.047289 0.041739 0.021270 0.017249 0.048804 0.042937 0.021889 0.017649 0.050308 0.044729 0.022816 0.018487 0.052418 0.046883 0.023933 0.018993 0.054596 0.048881 0.024683 0.019727 0.056243 0.050285 0.025812 0.020407 0.058397 0.052055 0.028793 0.023566 0.061074 0.054546 0.029505 0.024197 0.063462 0.057490 0.032007 0.026120 0.066798 0.061044 0.032819 0.026784 0.071911 0.066061 0.033905 0.028258 0.075150 0.068603 0.036873 0.030510 0.081177 0.072177 0.037860 0.032141 0.083763 0.074587 0.039602 0.035751 0.086522 0.078129 0.043959 0.040870 0.090613 0.082284 0.049850 0.043621 0.095258 0.086983 0.053487 0.047976 0.101165 0.091414 0.059802 0.051344 0.111495 0.098275 0.062270 0.053654 0.114310 0.101189 0.066632 0.062578 0.120800 0.107804 0.072964 0.066959 0.127052 0.114577 0.077789 0.070710 0.133132 0.118144 0.088672 0.076343 0.141147 0.122994 0.093763 0.081434 0.149419 0.132297 0.102104 0.089382 0.157631 0.137555 0.108280 0.100983 0.169268 0.144305 0.113069 0.110553 0.179030 0.157639 0.132688 0.114619 0.191373 0.165177 0.138773 0.122503 0.200428 0.175381 0.144911 0.132773 0.205280 0.185256 0.147556 0.144640 0.222459 0.204730 0.161110 0.149232 0.230477 0.211737 0.175511 0.158363 0.235477 0.220357 0.185064 0.168271 0.240477 0.228341 0.195933 0.177036 0.245477 0.237672 0.197500 0.195319 0.250477 0.245322 0.215269 0.200854 0.255477 0.255512 0.234032 0.221265 0.260477 0.261088 0.232357 0.219251 0.265477 0.273183 0.241754 0.231363 0.270477 0.278114 0.247861 0.234731 0.275477 0.282207 0.257281 0.255497 0.280477 0.291365 0.278494 0.257833 0.285477 0.300925 0.290102 0.272049 0.290477 0.304019 0.289851 0.291500 0.295477 0.307513 0.295117 0.292447 0.300477 0.325555 0.306603 0.290009 0.305477 0.330083 0.326195 0.293077 0.310477 0.333707 0.328778 0.308273 0.315477 0.335121 0.326231 0.330066 0.320477 0.337419 0.328391 0.324771 0.325477 0.342940 0.331627 0.326795 0.330477 0.349080 0.356031 0.329271 0.335477 0.366479 0.371286 0.363910 0.340477 0.370637 0.376262 0.349707 0.345477 0.373957 0.375646 0.353814 0.350477 0.375438 0.377212 0.376165 0.355477 0.378456 0.372731 0.378723 0.360477 0.383081 0.374987 0.381559 0.365477 0.388800 0.377804 0.375715 0.370477 0.401288 0.391732 0.379621 0.375477 0.410172 0.434196 0.384526 0.380477 0.413542 0.432960 0.416660 0.385477 0.415204 0.423940 0.426968 0.390477 0.417853 0.425357 0.425565 0.395477 0.422318 0.421767 0.427963 0.400477 0.435295 0.424435 0.423914 0.405477 0.445194 0.427639 0.423469 0.410477 0.448767 0.431750 0.426349 0.415477 0.450282 0.457997 0.429705 0.420477 0.453145 0.485434 0.433853 0.425477 0.465421 0.480273 0.456803 0.430477 0.476050 0.467041 0.463615 0.435477 0.478627 0.469373 0.458286 0.440477 0.480553 0.473362 0.461122 0.445477 0.485287 0.487471 0.465622 0.450477 0.498745 0.499583 0.471761 0.455477 0.505556 0.498086 0.493833 0.460477 0.507580 0.515724 0.497127 0.465477 0.512750 0.516199 0.491872 0.470477 0.517751 0.514343 0.495982 0.475477 0.522751 0.529813 0.500413 0.480477 0.527751 0.544636 0.505248 0.485477 0.532751 0.539543 0.510248 0.490477 0.537751 0.541119 0.515248 0.495477 0.542751 0.546118 0.520249 0.500477 0.547751 0.551119 0.525249 0.505477 0.552750 0.556118 0.530249 0.510477 0.557751 0.561119 0.535249 0.515477 0.562750 0.566118 0.540249 0.520477 0.567751 0.571118 0.545249 0.525477 0.572750 0.576118 0.550248 0.530477 0.577751 0.581118 0.555249 0.535477 0.582750 0.586118 0.560248 0.540477 0.587751 0.591118 0.565249 0.545477 0.592750 0.596118 0.570248 0.550477 0.597751 0.601119 0.575249 0.555477 0.602750 0.606119 0.580248 0.560477 0.607751 0.611119 0.585249 0.565477 0.612750 0.616119 0.590248 0.570477 0.617750 0.621119 0.595249 0.575477 0.622750 0.626119 0.600248 0.580477 0.627750 0.631119 0.605249 0.585477 0.632750 0.636119 0.610248 0.590477 0.637750 0.641118 0.615248 0.595477 0.642751 0.646119 0.620248 0.600477 0.647751 0.651118 0.625248 0.605477 0.652751 0.656119 0.630248 0.610477 0.657751 0.661118 0.635248 0.615477 0.662751 0.666119 0.640248 0.620477 0.667751 0.671118 0.645249 0.625477 0.672751 0.676119 0.650249 0.630477 0.677750 0.681118 0.655249 0.635477 0.682751 0.686119 0.660249 0.640477 0.687750 0.691118 0.665249 0.645477 0.692751 0.696118 0.670249 0.650477 0.697750 0.701118 0.675248 0.655477 0.702751 0.706118 0.680249 0.660477 0.707750 0.711118 0.685248 0.665477 0.712751 0.716118 0.690249 0.670477 0.717750 0.721118 0.695248 0.675477 0.722751 0.726119 0.700249 0.680477 0.727750 0.731119 0.705248 0.685477 0.732751 0.736119 0.710249 0.690477 0.737750 0.741119 0.715248 0.695477 0.742750 0.746119 0.720249 0.700477 0.747750 0.751119 0.725248 0.705477 0.752750 0.756119 0.730249 0.710477 0.757750 0.761119 0.735248 0.715477 0.762750 0.766118 0.740248 0.720477 0.767751 0.771119 0.745248  
0.000010 0.000010 0.000010 0.000010 0.000010 0.000010 0.000010 0.000010 0.000010 0.000010 0.000010 0.000010 0.000010 0.000010 0.000010 0.000010 0.000010 0.000010 0.000010 0.000010 0.000010 0.000010 0.000010 0.000010 0.000010 0.000010 0.000010 0.000010 0.000010 0.000010 0.000010 0.000010 0.000010 0.000010 0.000010 0.000010 0.000010 0.000010 0.000010 0.000010 0.000010 0.000010 0.000010 0.000010 0.000010 0.000010 0.000010 0.000010 0.000010 0.000010 0.000010 0.000010 0.000010 0.000010 0.000010 0.000010 0.000010 0.000010 0.000010 0.000010 0.000010 0.000010 0.000010 0.000010 0.000010 0.000010 0.000010 0.000010 0.000010 0.000010 0.000010 0.000010 0.000010 0.000010 0.000010 0.000010 0.000010 0.000010 0.000010 0.000010 0.000010 0.000010 0.000010 0.000010 0.000010 0.000010 0.000010 0.000010 0.000010 0.000010 0.000010 0.000010 0.000010 0.000010 0.000010 0.000010 0.000010 0.000010 0.000010 0.000010 0.000010 0.000010 0.000010 0.000010 0.000010 0.000010 0.000010 0.000010 0.000010 0.000010 0.000010 0.000010 0.000010 0.000010 0.000010 0.000010 0.000010 0.000010 0.000010 0.000010 0.000010 0.000010 0.000010 0.000010 0.000010 0.000010 0.000010 0.000010 0.000010 0.000010 0.000010 0.000010 0.000010 0.000010 0.000010 0.000010 0.000010 0.000010 0.000010 0.000010 0.000010 0.000010 0.000010 0.000010 0.000010 0.000010 0.000010 0.000010 0.000010 0.000010 0.000010 0.000010 0.000010 0.000010 0.000010 0.000010 0.000010 0.000010 0.000010 0.000010 0.000010 0.000010 0.000010 0.000010 0.000010 0.000010 0.000010 0.000010 0.000010 0.000010 0.000010 0.000010 0.000010 0.000010 0.000010 0.000010 0.000010 0.000010 0.000010 0.000010 0.000010 0.000010 0.000010 0.000010 0.000010 0.000010 0.000010 0.000010 0.000010 0.000010 0.000010 0.000010 0.000010 0.000010 0.000010 0.000010 0.000010 0.000010 0.000010 0.000010 0.000010 0.000010 0.000010 0.000010 0.000010 0.000010 0.000010 0.000010 0.000010 0.000010 0.000010 0.000010 0.000010 0.000010 0.000010 0.000010 0.000010 0.000010 0.000010 0.000010 0.000010 0.000010 0.000010 0.000010 0.000010 0.000010 0.000010 0.000010 0.000010 0.000010 0.000010 0.000010 0.000010 0.000010 0.000010 0.000010 0.000010 0.000010 0.000010 0.000010 0.000010 0.000010 0.000010 0.000010 0.000010 0.000010 0.000010 0.000010 0.000010 0.000010 0.000010 0.000010 0.000010 0.000010 0.000010 0.000010 0.000010 0.000010 0.000010 0.000010 0.000010 0.000010 0.000010 0.000010 0.000010 0.000010 0.000010 0.000010 0.000010 0.000010 0.000010 0.000010 0.000010 0.000010 0.000010 0.000010 0.000010 0.000010 0.000010 0.000010 0.000010 0.000010 0.000010 0.000010 0.000010 0.000010 0.000010 0.000010 0.000010 0.000010 0.000010 0.000010 0.000010 0.000010 0.000010 0.000010 0.000010 0.000010 0.000010 0.000010 0.000010 0.000010 0.000010 0.000010 0.000010 0.000010 0.000010 0.000010 0.000010 0.000010 0.000010 0.000010 0.000010 0.000010 0.000010 0.000010 0.000010 0.000010 0.000010 0.000010 0.000010 0.000010 0.000010 0.000010 0.000010 0.000010 0.000010 0.000010 0.000010 0.000010 0.000010 0.000010 0.000010 0.000010 0.000010 0.000010 0.000010 0.000010 0.000010 0.000010 0.000010 0.000010 0.000010 0.000010 0.000010 0.000010 0.000010 0.000010 0.000010 0.000010 0.000010 0.000010 0.000010 0.000010 0.000010 0.000010 0.000010 0.000010 0.000010 0.000010 0.000010 0.000010 0.000010 0.000010 0.000010 0.000010 0.000010 0.000010 0.000010 0.000010 0.000010 0.000010 0.000010 0.000010 0.000010 0.000010 0.000010 0.000010 0.000010 0.000010 0.000010 0.000010 0.000010 0.000010 0.000010 0.000010 0.000010 0.000010 0.000010 0.000010 0.000010 0.000010 0.000010 0.000010 0.000010 0.000010 0.000010 0.000010 0.000010 0.000010 0.000010 0.000010 0.000010 0.000010 0.000010 0.000010 0.000010 0.000010 0.000010 0.000010 0.000010 0.000010 0.000010 0.000010 0.000010 0.000010 0.000010 0.000010 0.000010 0.000010 0.000010 0.000010 0.000010 0.000010 0.000010 0.000010 0.000010 0.000010 0.000010 0.000010 0.000010 0.000010 0.000010 0.000010 0.000010 0.000010 0.000010 0.000010 0.000010 0.000010 0.000010 0.000010 0.000010 0.000010 0.000010 0.000010 0.000010 0.000010 0.000010 0.000010 0.000010 0.000010 0.000010 0.000010 0.000010 0.000010 0.000010 0.000010 0.000010 0.000010 0.000010 0.000010 0.000010 0.000010 0.000010 0.000010 0.000010 0.000010 0.000010 0.000010 0.000010 0.000010 0.000010 0.000010 0.000010 0.000010 0.000010 0.000010 0.000010 0.000010 0.000010 0.000010 0.000010 0.000010 0.000010 0.000010 0.000010 0.000010 0.000010 0.000010 0.000010 0.000010 0.000010 0.000010 0.000010 0.000010 0.000010 0.000010 0.000010 0.000010 0.000010 0.000010 0.000010 0.000010 0.000010 0.000010 0.000010 0.000010 0.000010 0.000010 0.000010 0.000010 0.000010 0.000010 0.000010 0.000010 0.000010 0.000010 0.000010 0.000010 0.000010 0.000010 0.000010 0.000010 0.000010 0.000010 0.000010 0.000010 0.000010 0.000010 0.000010 0.000010 0.000010 0.000010 0.000010 0.000010 0.000010 0.000010 0.000010 0.000010 0.000010 0.000010 0.000010 0.000010 0.000010 0.000010 0.000010 0.000010 0.000010 0.000010 0.000010 0.000010 0.000010 0.000010 0.000010 0.000010 0.000010 0.000010 0.000010 0.000010 0.000010 0.000010 0.000010 0.000010 0.000010 0.000010 0.000010 0.000010 0.000010 0.000010 0.000010 0.000010 0.000010 0.000010 0.000010 0.000010 0.000010 0.000010 0.000010 0.000010 0.000010 0.000010 0.000010 0.000010 0.000010 0.000010 0.000010 0.000010 0.000010 0.000010 0.000010 0.000010 0.000010 0.000010 0.000010 0.000010 0.000010 0.000010 0.000010 0.000010 0.000010 0.000010 0.000010 0.000010 0.000010 0.000010 0.000010 0.000010 0.000010 0.000010 0.000010 0.000010 0.000010 0.000010 0.000010 0.000010 0.000010 0.000010 0.000010 0.000010 0.000010 0.000010 0.000010 0.000010 0.000010 0.000010 0.000010 0.000010 0.000010 0.000010 0.000010 0.000010 0.000010 0.000010 0.000010 0.000010 0.000010 0.000010 0.000010 0.000010 0.000010 0.000010 0.000010 0.000010 0.000010 0.000010 0.000010 0.000010 0.000010 0.000010 0.000010 0.000010 0.000010 0.000010 0.000010 0.000010 0.000010 0.000010 0.000010 0.000010 0.000010 0.000010 0.000010 0.000010 0.000010 0.000010 0.000010 0.000010 0.000010 0.000010 0.000010 0.000010 0.000010 0.000010 0.000010 0.000010 0.000010 0.000010 0.000010 0.000010 0.000010 0.000010 0.000010 0.000010 0.000010 0.000010 0.000010 0.000010 0.000010 0.000010 0.000010 0.000010 0.000010 0.000010 0.000010 0.000010 0.000010 0.000010 0.000010 0.000010 0.000010 0.000010 0.000010 0.000010 0.000010 0.000010 0.000010 0.000010 0.000010 0.000010 0.000010 0.000010 0.000010 0.000010 0.000010 0.000010 0.000010 0.000010 0.000010 0.000010 0.000010 0.000010 0.000010 0.000010  
0.000000 0.000000 0.000000 0.000000 0.000000 0.000000 0.000000 0.000000 0.000000 0.000000 0.000000 0.000000 0.000000 0.000000 0.000000 0.000000 0.000000 0.000000 0.000000 0.000000 0.000000 0.000000 0.000000 0.000000 0.000000 0.000000 0.000000 0.000000 0.000000 0.000000 0.000000 0.000000 0.000000 0.000000 0.000000 0.000000 0.000000 0.000000 0.000000 0.000000 0.000000 0.000000 0.000000 0.000000 0.000000 0.000000 0.000000 0.000000 0.000000 0.000000 0.000000 0.000000 0.000000 0.000000 0.000000 0.000000 0.000000 0.000000 0.000000 0.000000 0.000000 0.000000 0.000000 0.000000 0.000000 0.000000 0.000000 0.000000 0.000000 0.000000 0.000000 0.000000 0.000000 0.000000 0.000000 0.000000 0.000000 0.000000 0.000000 0.000000 0.000000 0.000000 0.000000 0.000000 0.000000 0.000000 0.000000 0.000000 0.000000 0.000000 0.000000 0.000000 0.000000 0.000000 0.000000 0.000000 0.000000 0.000000 0.000000 0.000000 0.000000 0.000000 0.000000 0.000000 0.000000 0.000000 0.000000 0.000000 0.000000 0.000000 0.000000 0.000000 0.000000 0.000000 0.000000 0.000000 0.000000 0.000000 0.000000 0.000000 0.000000 0.000000 0.000000 0.000000 0.000000 0.000000 0.000000 0.000000 0.000000 0.000000 0.000000 0.000000 0.000000 0.000000 0.000000 0.000000 0.000000 0.000000 0.000000 0.000000 0.000000 0.000000 0.000000 0.000000 0.000000 0.000000 0.000000 0.000000 0.000000 0.000000 0.000000 0.000000 0.000000 0.000000 0.000000 0.000000 0.000000 0.000000 0.000000 0.000000 0.000000 0.000000 0.000000 0.000000 0.000000 0.000000 0.000000 0.000000 0.000000 0.000000 0.000000 0.000000 0.000000 0.000000 0.000000 0.000000 0.000000 0.000000 0.000000 0.000000 0.000000 0.000000 0.000000 0.000000 0.000000 0.000000 0.000000 0.000000 0.000000 0.000000 0.000000 0.000000 0.000000 0.000000 0.000000 0.000000 0.000000 0.000000 0.000000 0.000000 0.000000 0.000000 0.000000 0.000000 0.000000 0.000000 0.000000 0.000000 0.000000 0.000000 0.000000 0.000000 0.000000 0.000000 0.000000 0.000000 0.000000 0.000000 0.000000 0.000000 0.000000 0.000000 0.000000 0.000000 0.000000 0.000000 0.000000 0.000000 0.000000 0.000000 0.000000 0.000000 0.000000 0.000000 0.000000 0.000000 0.000000 0.000000 0.000000 0.000000 0.000000 0.000000 0.000000 0.000000 0.000000 0.000000 0.000000 0.000000 0.000000 0.000000 0.000000 0.000000 0.000000 0.000000 0.000000 0.000000 0.000000 0.000000 0.000000 0.000000 0.000000 0.000000 0.000000 0.000000 0.000000 0.000000 0.000000 0.000000 0.000000 0.000000 0.000000 0.000000 0.000000 0.000000 0.000000 0.000000 0.000000 0.000000 0.000000 0.000000 0.000000 0.000000 0.000000 0.000000 0.000000 0.000000 0.000000 0.000000 0.000000 0.000000 0.000000 0.000000 0.000000 0.000000 0.000000 0.000000 0.000000 0.000000 0.000000 0.000000 0.000000 0.000000 0.000000 0.000000 0.000000 0.000000 0.000000 0.000000 0.000000 0.000000 0.000000 0.000000 0.000000 0.000000 0.000000 0.000000 0.000000 0.000000 0.000000 0.000000 0.000000 0.000000 0.000000 0.000000 0.000000 0.000000 0.000000 0.000000 0.000000 0.000000 0.000000 0.000000 0.000000 0.000000 0.000000 0.000000 0.000000 0.000000 0.000000 0.000000 0.000000 0.000000 0.000000 0.000000 0.000000 0.000000 0.000000 0.000000 0.000000 0.000000 0.000000 0.000000 0.000000 0.000000 0.000000 0.000000 0.000000 0.000000 0.000000 0.000000 0.000000 0.000000 0.000000 0.000000 0.000000 0.000000 0.000000 0.000000 0.000000 0.000000 0.000000 0.000000 0.000000 0.000000 0.000000 0.000000 0.000000 0.000000 0.000000 0.000000 0.000000 0.000000 0.000000 0.000000 0.000000 0.000000 0.000000 0.000000 0.000000 0.000000 0.000000 0.000000 0.000000 0.000000 0.000000 0.000000 0.000000 0.000000 0.000000 0.000000 0.000000 0.000000 0.000000 0.000000 0.000000 0.000000 0.000000 0.000000 0.000000 0.000000 0.000000 0.000000 0.000000 0.000000 0.000000 0.000000 0.000000 0.000000 0.000000 0.000000 0.000000 0.000000 0.000000 0.000000 0.000000 0.000000 0.000000 0.000000 0.000000 0.000000 0.000000 0.000000 0.000000 0.000000 0.000000 0.000000 0.000000 0.000000 0.000000 0.000000 0.000000 0.000000 0.000000 0.000000 0.000000 0.000000 0.000000 0.000000 0.000000 0.000000 0.000000 0.000000 0.000000 0.000000 0.000000 0.000000 0.000000 0.000000 0.000000 0.000000 0.000000 0.000000 0.000000 0.000000 0.000000 0.000000 0.000000 0.000000 0.000000 0.000000 0.000000 0.000000 0.000000 0.000000 0.000000 0.000000 0.000000 0.000000 0.000000 0.000000 0.000000 0.000000 0.000000 0.000000 0.000000 0.000000 0.000000 0.000000 0.000000 0.000000 0.000000 0.000000 0.000000 0.000000 0.000000 0.000000 0.000000 0.000000 0.000000 0.000000 0.000000 0.000000 0.000000 0.000000 0.000000 0.000000 0.000000 0.000000 0.000000 0.000000 0.000000 0.000000 0.000000 0.000000 0.000000 0.000000 0.000000 0.000000 0.000000 0.000000 0.000000 0.000000 0.000000 0.000000 0.000000 0.000000 0.000000 0.000000 0.000000 0.000000 0.000000 0.000000 0.000000 0.000000 0.000000 0.000000 0.000000 0.000000 0.000000 0.000000 0.000000 0.000000 0.000000 0.000000 0.000000 0.000000 0.000000 0.000000 0.000000 0.000000 0.000000 0.000000 0.000000 0.000000 0.000000 0.000000 0.000000 0.000000 0.000000 0.000000 0.000000 0.000000 0.000000 0.000000 0.000000 0.000000 0.000000 0.000000 0.000000 0.000000 0.000000 0.000000 0.000000 0.000000 0.000000 0.000000 0.000000 0.000000 0.000000 0.000000 0.000000 0.000000 0.000000 0.000000 0.000000 0.000000 0.000000 0.000000 0.000000 0.000000 0.000000 0.000000 0.000000 0.000000 0.000000 0.000000 0.000000 0.000000 0.000000 0.000000 0.000000 0.000000 0.000000 0.000000 0.000000 0.000000 0.000000 0.000000 0.000000 0.000000 0.000000 0.000000 0.000000 0.000000 0.000000 0.000000 0.000000 0.000000 0.000000 0.000000 0.000000 0.000000 0.000000 0.000000 0.000000 0.000000 0.000000 0.000000 0.000000 0.000000 0.000000 0.000000 0.000000 0.000000 0.000000 0.000000 0.000000 0.000000 0.000000 0.000000 0.000000 0.000000 0.000000 0.000000 0.000000 0.000000 0.000000 0.000000 0.000000 0.000000 0.000000 0.000000 0.000000 0.000000 0.000000 0.000000 0.000000 0.000000 0.000000 0.000000 0.000000 0.000000 0.000000 0.000000 0.000000 0.000000 0.000000 0.000000 0.000000 0.000000 0.000000 0.000000 0.000000 0.000000 0.000000 0.000000 0.000000 0.000000 0.000000 0.000000 0.000000 0.000000 0.000000 0.000000 0.000000 0.000000 0.000000 0.000000 0.000000 0.000000 0.000000 0.000000 0.000000 0.000000 0.000000 0.000000 0.000000 0.000000 0.000000 0.000000 0.000000 0.000000 0.000000 0.000000 0.000000 0.000000 0.000000 0.000000 0.000000 0.000000 0.000000 0.000000 0.000000 0.000000 0.000000 0.000000 0.000000 0.000000 0.000000 0.000000 0.000000 0.000000 0.000000 0.000000 