Reynolds number List -  Side 
4 
      500000.0 
     1000000.0 
     5000000.0 
    10000000.0 
Angle of Attack List -  Downwards 
181 
-5.00 
 -4.75 
 -4.50 
 -4.25 
 -4.00 
 -3.75 
 -3.50 
 -3.25 
 -3.00 
 -2.75 
 -2.50 
 -2.25 
 -2.00 
 -1.75 
 -1.50 
 -1.25 
 -1.00 
 -0.75 
 -0.50 
 -0.25 
 0.00 
 0.25 
 0.50 
 0.75 
 1.00 
 1.25 
 1.50 
 1.75 
 2.00 
 2.25 
 2.50 
 2.75 
 3.00 
 3.25 
 3.50 
 3.75 
 4.00 
 4.25 
 4.50 
 4.75 
 5.00 
 5.25 
 5.50 
 5.75 
 6.00 
 6.25 
 6.50 
 6.75 
 7.00 
 7.25 
 7.50 
 7.75 
 8.00 
 8.25 
 8.50 
 8.75 
 9.00 
 9.25 
 9.50 
 9.75 
 10.00 
 10.25 
 10.50 
 10.75 
 11.00 
 11.25 
 11.50 
 11.75 
 12.00 
 12.25 
 12.50 
 12.75 
 13.00 
 13.25 
 13.50 
 13.75 
 14.00 
 14.25 
 14.50 
 14.75 
 15.00 
 15.25 
 15.50 
 15.75 
 16.00 
 16.25 
 16.50 
 16.75 
 17.00 
 17.25 
 17.50 
 17.75 
 18.00 
 18.25 
 18.50 
 18.75 
 19.00 
 19.25 
 19.50 
 19.75 
 20.00 
 20.25 
 20.50 
 20.75 
 21.00 
 21.25 
 21.50 
 21.75 
 22.00 
 22.25 
 22.50 
 22.75 
 23.00 
 23.25 
 23.50 
 23.75 
 24.00 
 24.25 
 24.50 
 24.75 
 25.00 
 25.25 
 25.50 
 25.75 
 26.00 
 26.25 
 26.50 
 26.75 
 27.00 
 27.25 
 27.50 
 27.75 
 28.00 
 28.25 
 28.50 
 28.75 
 29.00 
 29.25 
 29.50 
 29.75 
 30.00 
 30.25 
 30.50 
 30.75 
 31.00 
 31.25 
 31.50 
 31.75 
 32.00 
 32.25 
 32.50 
 32.75 
 33.00 
 33.25 
 33.50 
 33.75 
 34.00 
 34.25 
 34.50 
 34.75 
 35.00 
 35.25 
 35.50 
 35.75 
 36.00 
 36.25 
 36.50 
 36.75 
 37.00 
 37.25 
 37.50 
 37.75 
 38.00 
 38.25 
 38.50 
 38.75 
 39.00 
 39.25 
 39.50 
 39.75 
 40.00 
  Pressure BL Thick 
 Pressure Disp Thick 
Pressure Cf  
Suction BL Thick  
Suction Disp Thick  
Cf Suction  
0.013670 0.009118 0.004859 0.004464 0.013670 0.009118 0.004859 0.004464 0.013670 0.009118 0.004859 0.004464 0.013670 0.009118 0.004859 0.004464 0.013670 0.009118 0.004859 0.004464 0.013670 0.009118 0.004859 0.004464 0.013670 0.009118 0.004859 0.004464 0.013670 0.009118 0.004859 0.004464 0.013670 0.009118 0.004859 0.004464 0.013670 0.009118 0.004859 0.004464 0.013670 0.009118 0.004859 0.004464 0.013670 0.009118 0.004859 0.004464 0.013670 0.009118 0.004859 0.004464 0.013670 0.009118 0.004859 0.004464 0.013670 0.009118 0.004859 0.004464 0.013670 0.009118 0.004859 0.004464 0.013670 0.009118 0.004859 0.004464 0.013670 0.009118 0.004859 0.004464 0.013670 0.009118 0.004859 0.004464 0.013670 0.009118 0.004859 0.004464 0.013670 0.009118 0.004859 0.004464 0.012927 0.008782 0.004741 0.004359 0.012264 0.008468 0.004627 0.004257 0.011668 0.008171 0.004516 0.004159 0.011126 0.007889 0.004409 0.004046 0.010629 0.007623 0.004305 0.003953 0.010171 0.007370 0.004204 0.003863 0.009746 0.007130 0.004106 0.003775 0.009351 0.006902 0.004011 0.003690 0.008981 0.006684 0.003919 0.003607 0.008634 0.006475 0.003829 0.003526 0.008308 0.006276 0.003742 0.003432 0.008000 0.006086 0.003639 0.003355 0.007710 0.005903 0.003557 0.003281 0.007434 0.005728 0.003477 0.003208 0.007173 0.005559 0.003399 0.003137 0.006924 0.005397 0.003323 0.003069 0.006687 0.005242 0.003249 0.003001 0.006461 0.005092 0.003177 0.002936 0.006245 0.004947 0.003089 0.002857 0.006037 0.004807 0.003021 0.002795 0.005839 0.004672 0.002954 0.002734 0.005647 0.004541 0.002889 0.002674 0.005463 0.004415 0.002826 0.002616 0.005280 0.004293 0.002764 0.002560 0.005100 0.004174 0.002703 0.002504 0.004927 0.004059 0.002644 0.002436 0.004762 0.003948 0.002569 0.002383 0.004606 0.003840 0.002513 0.002331 0.004457 0.003735 0.002458 0.002281 0.004315 0.003633 0.002404 0.002232 0.004180 0.003533 0.002351 0.002183 0.004050 0.003401 0.002300 0.002121 0.003927 0.003278 0.002232 0.002075 0.003807 0.003179 0.002182 0.002030 0.003693 0.003086 0.002134 0.001986 0.003584 0.002997 0.002086 0.001927 0.003477 0.002912 0.002040 0.001885 0.003375 0.002808 0.001975 0.001828 0.003278 0.002715 0.001930 0.001787 0.003180 0.002643 0.001879 0.001730 0.003092 0.002571 0.001818 0.001565 0.002978 0.002502 0.001768 0.001510 0.002890 0.002437 0.001705 0.001431 0.002810 0.002356 0.001635 0.001393 0.002733 0.002281 0.001586 0.001339 0.002651 0.002225 0.001526 0.001309 0.002585 0.002167 0.001475 0.001260 0.002500 0.002109 0.001433 0.001231 0.002423 0.002059 0.001389 0.001191 0.002367 0.001995 0.001348 0.001156 0.002293 0.001932 0.001306 0.001135 0.002241 0.001889 0.001277 0.001095 0.002173 0.001843 0.001233 0.001063 0.002106 0.001784 0.001196 0.001029 0.002055 0.001732 0.001162 0.001010 0.001991 0.001698 0.001140 0.000977 0.001937 0.001654 0.001102 0.000953 0.001917 0.001603 0.001075 0.000935 0.001917 0.001572 0.001060 0.000912 0.001917 0.001540 0.001031 0.000897 0.001917 0.001498 0.001025 0.000880 0.001917 0.001454 0.000992 0.000865 0.001917 0.001412 0.000964 0.000836 0.001917 0.001380 0.000950 0.000814 0.001917 0.001374 0.000913 0.000799 0.001917 0.001321 0.000899 0.000775 0.001917 0.001319 0.000905 0.000795 0.001917 0.001214 0.000868 0.000755 0.001917 0.001223 0.000820 0.000728 0.001917 0.001195 0.000806 0.000680 0.001917 0.001136 0.000771 0.000704 0.001917 0.001136 0.000779 0.000658 0.001917 0.001130 0.000785 0.000641 0.001917 0.001077 0.000732 0.000679 0.001917 0.001048 0.000713 0.000652 0.001917 0.001097 0.000704 0.000608 0.001917 0.001076 0.000754 0.000595 0.001917 0.001046 0.000732 0.000586 0.001917 0.000995 0.000672 0.000633 0.001917 0.000959 0.000655 0.000571 0.001917 0.000938 0.000642 0.000559 0.001917 0.000930 0.000631 0.000548 0.001917 0.000980 0.000634 0.000538 0.001917 0.000960 0.000682 0.000530 0.001917 0.000932 0.000669 0.000525 0.001917 0.000890 0.000646 0.000581 0.001917 0.000856 0.000591 0.000569 0.001917 0.000839 0.000579 0.000548 0.001917 0.000814 0.000566 0.000496 0.001917 0.000824 0.000541 0.000485 0.001917 0.000828 0.000588 0.000458 0.001917 0.000804 0.000580 0.000452 0.001917 0.000770 0.000568 0.000474 0.001917 0.000745 0.000544 0.000494 0.001917 0.000732 0.000505 0.000482 0.001917 0.000752 0.000495 0.000445 0.001917 0.000760 0.000487 0.000424 0.001917 0.000738 0.000480 0.000417 0.001917 0.000706 0.000480 0.000411 0.001917 0.000683 0.000507 0.000405 0.001917 0.000702 0.000466 0.000446 0.001917 0.000710 0.000457 0.000445 0.001917 0.000680 0.000450 0.000398 0.001917 0.000652 0.000445 0.000386 0.001917 0.000640 0.000466 0.000381 0.001917 0.000659 0.000481 0.000378 0.001917 0.000645 0.000450 0.000399 0.001917 0.000607 0.000415 0.000385 0.001917 0.000592 0.000401 0.000349 0.001917 0.000592 0.000396 0.000344 0.001917 0.000592 0.000417 0.000339 0.001917 0.000592 0.000436 0.000336 0.001917 0.000592 0.000396 0.000336 0.001917 0.000592 0.000383 0.000336 0.001917 0.000592 0.000383 0.000336 0.001917 0.000592 0.000383 0.000336 0.001917 0.000592 0.000383 0.000336 0.001917 0.000592 0.000383 0.000336 0.001917 0.000592 0.000383 0.000336 0.001917 0.000592 0.000383 0.000336 0.001917 0.000592 0.000383 0.000336 0.001917 0.000592 0.000383 0.000336 0.001917 0.000592 0.000383 0.000336 0.001917 0.000592 0.000383 0.000336 0.001917 0.000592 0.000383 0.000336 0.001917 0.000592 0.000383 0.000336 0.001917 0.000592 0.000383 0.000336 0.001917 0.000592 0.000383 0.000336 0.001917 0.000592 0.000383 0.000336 0.001917 0.000592 0.000383 0.000336 0.001917 0.000592 0.000383 0.000336 0.001917 0.000592 0.000383 0.000336 0.001917 0.000592 0.000383 0.000336 0.001917 0.000592 0.000383 0.000336 0.001917 0.000592 0.000383 0.000336 0.001917 0.000592 0.000383 0.000336 0.001917 0.000592 0.000383 0.000336 0.001917 0.000592 0.000383 0.000336 0.001917 0.000592 0.000383 0.000336 0.001917 0.000592 0.000383 0.000336 0.001917 0.000592 0.000383 0.000336 0.001917 0.000592 0.000383 0.000336 0.001917 0.000592 0.000383 0.000336 0.001917 0.000592 0.000383 0.000336 0.001917 0.000592 0.000383 0.000336 0.001917 0.000592 0.000383 0.000336 0.001917 0.000592 0.000383 0.000336 0.001917 0.000592 0.000383 0.000336 0.001917 0.000592 0.000383 0.000336 0.001917 0.000592 0.000383 0.000336 0.001917 0.000592 0.000383 0.000336 0.001917 0.000592 0.000383 0.000336 0.001917 0.000592 0.000383 0.000336 0.001917 0.000592 0.000383 0.000336 0.001917 0.000592 0.000383 0.000336 0.001917 0.000592 0.000383 0.000336 0.001917 0.000592 0.000383 0.000336 0.001917 0.000592 0.000383 0.000336 0.001917 0.000592 0.000383 0.000336 0.001917 0.000592 0.000383 0.000336  
0.013670 0.009118 0.004859 0.004464 0.013670 0.009118 0.004859 0.004464 0.013670 0.009118 0.004859 0.004464 0.013670 0.009118 0.004859 0.004464 0.013670 0.009118 0.004859 0.004464 0.013670 0.009118 0.004859 0.004464 0.013670 0.009118 0.004859 0.004464 0.013670 0.009118 0.004859 0.004464 0.013670 0.009118 0.004859 0.004464 0.013670 0.009118 0.004859 0.004464 0.013670 0.009118 0.004859 0.004464 0.013670 0.009118 0.004859 0.004464 0.013670 0.009118 0.004859 0.004464 0.013670 0.009118 0.004859 0.004464 0.013670 0.009118 0.004859 0.004464 0.013670 0.009118 0.004859 0.004464 0.013670 0.009118 0.004859 0.004464 0.013670 0.009118 0.004859 0.004464 0.013670 0.009118 0.004859 0.004464 0.013670 0.009118 0.004859 0.004464 0.013670 0.009118 0.004859 0.004464 0.012927 0.008782 0.004741 0.004359 0.012264 0.008468 0.004627 0.004257 0.011668 0.008171 0.004516 0.004159 0.011126 0.007889 0.004409 0.004046 0.010629 0.007623 0.004305 0.003953 0.010171 0.007370 0.004204 0.003863 0.009746 0.007130 0.004106 0.003775 0.009351 0.006902 0.004011 0.003690 0.008981 0.006684 0.003919 0.003607 0.008634 0.006475 0.003829 0.003526 0.008308 0.006276 0.003742 0.003432 0.008000 0.006086 0.003639 0.003355 0.007710 0.005903 0.003557 0.003281 0.007434 0.005728 0.003477 0.003208 0.007173 0.005559 0.003399 0.003137 0.006924 0.005397 0.003323 0.003069 0.006687 0.005242 0.003249 0.003001 0.006461 0.005092 0.003177 0.002936 0.006245 0.004947 0.003089 0.002857 0.006037 0.004807 0.003021 0.002795 0.005839 0.004672 0.002954 0.002734 0.005647 0.004541 0.002889 0.002674 0.005463 0.004415 0.002826 0.002616 0.005280 0.004293 0.002764 0.002560 0.005100 0.004174 0.002703 0.002504 0.004927 0.004059 0.002644 0.002436 0.004762 0.003948 0.002569 0.002383 0.004606 0.003840 0.002513 0.002331 0.004457 0.003735 0.002458 0.002281 0.004315 0.003633 0.002404 0.002232 0.004180 0.003533 0.002351 0.002183 0.004050 0.003401 0.002300 0.002121 0.003927 0.003278 0.002232 0.002075 0.003807 0.003179 0.002182 0.002030 0.003693 0.003086 0.002134 0.001986 0.003584 0.002997 0.002086 0.001927 0.003477 0.002912 0.002040 0.001885 0.003375 0.002808 0.001975 0.001828 0.003278 0.002715 0.001930 0.001787 0.003180 0.002643 0.001879 0.001730 0.003092 0.002571 0.001818 0.001565 0.002978 0.002502 0.001768 0.001510 0.002890 0.002437 0.001705 0.001431 0.002810 0.002356 0.001635 0.001393 0.002733 0.002281 0.001586 0.001339 0.002651 0.002225 0.001526 0.001309 0.002585 0.002167 0.001475 0.001260 0.002500 0.002109 0.001433 0.001231 0.002423 0.002059 0.001389 0.001191 0.002367 0.001995 0.001348 0.001156 0.002293 0.001932 0.001306 0.001135 0.002241 0.001889 0.001277 0.001095 0.002173 0.001843 0.001233 0.001063 0.002106 0.001784 0.001196 0.001029 0.002055 0.001732 0.001162 0.001010 0.001991 0.001698 0.001140 0.000977 0.001937 0.001654 0.001102 0.000953 0.001917 0.001603 0.001075 0.000935 0.001917 0.001572 0.001060 0.000912 0.001917 0.001540 0.001031 0.000897 0.001917 0.001498 0.001025 0.000880 0.001917 0.001454 0.000992 0.000865 0.001917 0.001412 0.000964 0.000836 0.001917 0.001380 0.000950 0.000814 0.001917 0.001374 0.000913 0.000799 0.001917 0.001321 0.000899 0.000775 0.001917 0.001319 0.000905 0.000795 0.001917 0.001214 0.000868 0.000755 0.001917 0.001223 0.000820 0.000728 0.001917 0.001195 0.000806 0.000680 0.001917 0.001136 0.000771 0.000704 0.001917 0.001136 0.000779 0.000658 0.001917 0.001130 0.000785 0.000641 0.001917 0.001077 0.000732 0.000679 0.001917 0.001048 0.000713 0.000652 0.001917 0.001097 0.000704 0.000608 0.001917 0.001076 0.000754 0.000595 0.001917 0.001046 0.000732 0.000586 0.001917 0.000995 0.000672 0.000633 0.001917 0.000959 0.000655 0.000571 0.001917 0.000938 0.000642 0.000559 0.001917 0.000930 0.000631 0.000548 0.001917 0.000980 0.000634 0.000538 0.001917 0.000960 0.000682 0.000530 0.001917 0.000932 0.000669 0.000525 0.001917 0.000890 0.000646 0.000581 0.001917 0.000856 0.000591 0.000569 0.001917 0.000839 0.000579 0.000548 0.001917 0.000814 0.000566 0.000496 0.001917 0.000824 0.000541 0.000485 0.001917 0.000828 0.000588 0.000458 0.001917 0.000804 0.000580 0.000452 0.001917 0.000770 0.000568 0.000474 0.001917 0.000745 0.000544 0.000494 0.001917 0.000732 0.000505 0.000482 0.001917 0.000752 0.000495 0.000445 0.001917 0.000760 0.000487 0.000424 0.001917 0.000738 0.000480 0.000417 0.001917 0.000706 0.000480 0.000411 0.001917 0.000683 0.000507 0.000405 0.001917 0.000702 0.000466 0.000446 0.001917 0.000710 0.000457 0.000445 0.001917 0.000680 0.000450 0.000398 0.001917 0.000652 0.000445 0.000386 0.001917 0.000640 0.000466 0.000381 0.001917 0.000659 0.000481 0.000378 0.001917 0.000645 0.000450 0.000399 0.001917 0.000607 0.000415 0.000385 0.001917 0.000592 0.000401 0.000349 0.001917 0.000592 0.000396 0.000344 0.001917 0.000592 0.000417 0.000339 0.001917 0.000592 0.000436 0.000336 0.001917 0.000592 0.000396 0.000336 0.001917 0.000592 0.000383 0.000336 0.001917 0.000592 0.000383 0.000336 0.001917 0.000592 0.000383 0.000336 0.001917 0.000592 0.000383 0.000336 0.001917 0.000592 0.000383 0.000336 0.001917 0.000592 0.000383 0.000336 0.001917 0.000592 0.000383 0.000336 0.001917 0.000592 0.000383 0.000336 0.001917 0.000592 0.000383 0.000336 0.001917 0.000592 0.000383 0.000336 0.001917 0.000592 0.000383 0.000336 0.001917 0.000592 0.000383 0.000336 0.001917 0.000592 0.000383 0.000336 0.001917 0.000592 0.000383 0.000336 0.001917 0.000592 0.000383 0.000336 0.001917 0.000592 0.000383 0.000336 0.001917 0.000592 0.000383 0.000336 0.001917 0.000592 0.000383 0.000336 0.001917 0.000592 0.000383 0.000336 0.001917 0.000592 0.000383 0.000336 0.001917 0.000592 0.000383 0.000336 0.001917 0.000592 0.000383 0.000336 0.001917 0.000592 0.000383 0.000336 0.001917 0.000592 0.000383 0.000336 0.001917 0.000592 0.000383 0.000336 0.001917 0.000592 0.000383 0.000336 0.001917 0.000592 0.000383 0.000336 0.001917 0.000592 0.000383 0.000336 0.001917 0.000592 0.000383 0.000336 0.001917 0.000592 0.000383 0.000336 0.001917 0.000592 0.000383 0.000336 0.001917 0.000592 0.000383 0.000336 0.001917 0.000592 0.000383 0.000336 0.001917 0.000592 0.000383 0.000336 0.001917 0.000592 0.000383 0.000336 0.001917 0.000592 0.000383 0.000336 0.001917 0.000592 0.000383 0.000336 0.001917 0.000592 0.000383 0.000336 0.001917 0.000592 0.000383 0.000336 0.001917 0.000592 0.000383 0.000336 0.001917 0.000592 0.000383 0.000336 0.001917 0.000592 0.000383 0.000336 0.001917 0.000592 0.000383 0.000336 0.001917 0.000592 0.000383 0.000336 0.001917 0.000592 0.000383 0.000336 0.001917 0.000592 0.000383 0.000336 0.001917 0.000592 0.000383 0.000336  
0.000000 0.000000 0.000000 0.000000 0.000000 0.000000 0.000000 0.000000 0.000000 0.000000 0.000000 0.000000 0.000000 0.000000 0.000000 0.000000 0.000000 0.000000 0.000000 0.000000 0.000000 0.000000 0.000000 0.000000 0.000000 0.000000 0.000000 0.000000 0.000000 0.000000 0.000000 0.000000 0.000000 0.000000 0.000000 0.000000 0.000000 0.000000 0.000000 0.000000 0.000000 0.000000 0.000000 0.000000 0.000000 0.000000 0.000000 0.000000 0.000000 0.000000 0.000000 0.000000 0.000000 0.000000 0.000000 0.000000 0.000000 0.000000 0.000000 0.000000 0.000000 0.000000 0.000000 0.000000 0.000000 0.000000 0.000000 0.000000 0.000000 0.000000 0.000000 0.000000 0.000000 0.000000 0.000000 0.000000 0.000000 0.000000 0.000000 0.000000 0.000000 0.000000 0.000000 0.000000 0.000000 0.000000 0.000000 0.000000 0.000000 0.000000 0.000000 0.000000 0.000000 0.000000 0.000000 0.000000 0.000000 0.000000 0.000000 0.000000 0.000000 0.000000 0.000000 0.000000 0.000000 0.000000 0.000000 0.000000 0.000000 0.000000 0.000000 0.000000 0.000000 0.000000 0.000000 0.000000 0.000000 0.000000 0.000000 0.000000 0.000000 0.000000 0.000000 0.000000 0.000000 0.000000 0.000000 0.000000 0.000000 0.000000 0.000000 0.000000 0.000000 0.000000 0.000000 0.000000 0.000000 0.000000 0.000000 0.000000 0.000000 0.000000 0.000000 0.000000 0.000000 0.000000 0.000000 0.000000 0.000000 0.000000 0.000000 0.000000 0.000000 0.000000 0.000000 0.000000 0.000000 0.000000 0.000000 0.000000 0.000000 0.000000 0.000000 0.000000 0.000000 0.000000 0.000000 0.000000 0.000000 0.000000 0.000000 0.000000 0.000000 0.000000 0.000000 0.000000 0.000000 0.000000 0.000000 0.000000 0.000000 0.000000 0.000000 0.000000 0.000000 0.000000 0.000000 0.000000 0.000000 0.000000 0.000000 0.000000 0.000000 0.000000 0.000000 0.000000 0.000000 0.000000 0.000000 0.000000 0.000000 0.000000 0.000000 0.000000 0.000000 0.000000 0.000000 0.000000 0.000000 0.000000 0.000000 0.000000 0.000000 0.000000 0.000000 0.000000 0.000000 0.000000 0.000000 0.000000 0.000000 0.000000 0.000000 0.000000 0.000000 0.000000 0.000000 0.000000 0.000000 0.000000 0.000000 0.000000 0.000000 0.000000 0.000000 0.000000 0.000000 0.000000 0.000000 0.000000 0.000000 0.000000 0.000000 0.000000 0.000000 0.000000 0.000000 0.000000 0.000000 0.000000 0.000000 0.000000 0.000000 0.000000 0.000000 0.000000 0.000000 0.000000 0.000000 0.000000 0.000000 0.000000 0.000000 0.000000 0.000000 0.000000 0.000000 0.000000 0.000000 0.000000 0.000000 0.000000 0.000000 0.000000 0.000000 0.000000 0.000000 0.000000 0.000000 0.000000 0.000000 0.000000 0.000000 0.000000 0.000000 0.000000 0.000000 0.000000 0.000000 0.000000 0.000000 0.000000 0.000000 0.000000 0.000000 0.000000 0.000000 0.000000 0.000000 0.000000 0.000000 0.000000 0.000000 0.000000 0.000000 0.000000 0.000000 0.000000 0.000000 0.000000 0.000000 0.000000 0.000000 0.000000 0.000000 0.000000 0.000000 0.000000 0.000000 0.000000 0.000000 0.000000 0.000000 0.000000 0.000000 0.000000 0.000000 0.000000 0.000000 0.000000 0.000000 0.000000 0.000000 0.000000 0.000000 0.000000 0.000000 0.000000 0.000000 0.000000 0.000000 0.000000 0.000000 0.000000 0.000000 0.000000 0.000000 0.000000 0.000000 0.000000 0.000000 0.000000 0.000000 0.000000 0.000000 0.000000 0.000000 0.000000 0.000000 0.000000 0.000000 0.000000 0.000000 0.000000 0.000000 0.000000 0.000000 0.000000 0.000000 0.000000 0.000000 0.000000 0.000000 0.000000 0.000000 0.000000 0.000000 0.000000 0.000000 0.000000 0.000000 0.000000 0.000000 0.000000 0.000000 0.000000 0.000000 0.000000 0.000000 0.000000 0.000000 0.000000 0.000000 0.000000 0.000000 0.000000 0.000000 0.000000 0.000000 0.000000 0.000000 0.000000 0.000000 0.000000 0.000000 0.000000 0.000000 0.000000 0.000000 0.000000 0.000000 0.000000 0.000000 0.000000 0.000000 0.000000 0.000000 0.000000 0.000000 0.000000 0.000000 0.000000 0.000000 0.000000 0.000000 0.000000 0.000000 0.000000 0.000000 0.000000 0.000000 0.000000 0.000000 0.000000 0.000000 0.000000 0.000000 0.000000 0.000000 0.000000 0.000000 0.000000 0.000000 0.000000 0.000000 0.000000 0.000000 0.000000 0.000000 0.000000 0.000000 0.000000 0.000000 0.000000 0.000000 0.000000 0.000000 0.000000 0.000000 0.000000 0.000000 0.000000 0.000000 0.000000 0.000000 0.000000 0.000000 0.000000 0.000000 0.000000 0.000000 0.000000 0.000000 0.000000 0.000000 0.000000 0.000000 0.000000 0.000000 0.000000 0.000000 0.000000 0.000000 0.000000 0.000000 0.000000 0.000000 0.000000 0.000000 0.000000 0.000000 0.000000 0.000000 0.000000 0.000000 0.000000 0.000000 0.000000 0.000000 0.000000 0.000000 0.000000 0.000000 0.000000 0.000000 0.000000 0.000000 0.000000 0.000000 0.000000 0.000000 0.000000 0.000000 0.000000 0.000000 0.000000 0.000000 0.000000 0.000000 0.000000 0.000000 0.000000 0.000000 0.000000 0.000000 0.000000 0.000000 0.000000 0.000000 0.000000 0.000000 0.000000 0.000000 0.000000 0.000000 0.000000 0.000000 0.000000 0.000000 0.000000 0.000000 0.000000 0.000000 0.000000 0.000000 0.000000 0.000000 0.000000 0.000000 0.000000 0.000000 0.000000 0.000000 0.000000 0.000000 0.000000 0.000000 0.000000 0.000000 0.000000 0.000000 0.000000 0.000000 0.000000 0.000000 0.000000 0.000000 0.000000 0.000000 0.000000 0.000000 0.000000 0.000000 0.000000 0.000000 0.000000 0.000000 0.000000 0.000000 0.000000 0.000000 0.000000 0.000000 0.000000 0.000000 0.000000 0.000000 0.000000 0.000000 0.000000 0.000000 0.000000 0.000000 0.000000 0.000000 0.000000 0.000000 0.000000 0.000000 0.000000 0.000000 0.000000 0.000000 0.000000 0.000000 0.000000 0.000000 0.000000 0.000000 0.000000 0.000000 0.000000 0.000000 0.000000 0.000000 0.000000 0.000000 0.000000 0.000000 0.000000 0.000000 0.000000 0.000000 0.000000 0.000000 0.000000 0.000000 0.000000 0.000000 0.000000 0.000000 0.000000 0.000000 0.000000 0.000000 0.000000 0.000000 0.000000 0.000000 0.000000 0.000000 0.000000 0.000000 0.000000 0.000000 0.000000 0.000000 0.000000 0.000000 0.000000 0.000000 0.000000 0.000000 0.000000 0.000000 0.000000 0.000000 0.000000 0.000000 0.000000 0.000000 0.000000 0.000000 0.000000 0.000000 0.000000 0.000000 0.000000 0.000000 0.000000 0.000000 0.000000 0.000000 0.000000 0.000000 0.000000 0.000000 0.000000 0.000000 0.000000 0.000000 0.000000 0.000000 0.000000 0.000000 0.000000 0.000000 0.000000 0.000000 0.000000 0.000000 0.000000 0.000000 0.000000 0.000000 0.000000 0.000000 0.000000 0.000000 0.000000 0.000000 0.000000 0.000000 0.000000 0.000000 0.000000 0.000000 0.000000 0.000000 0.000000 0.000000 0.000000 0.000000 0.000000 0.000000 0.000000 0.000000 0.000000 0.000000 0.000000 0.000000 0.000000 0.000000 0.000000  
0.000000 0.000000 0.000000 0.000000 0.000000 0.000000 0.000000 0.000000 0.000000 0.000000 0.000000 0.000000 0.000000 0.000000 0.000000 0.000000 0.000000 0.000000 0.000000 0.000000 0.000000 0.000000 0.000000 0.000000 0.000000 0.000000 0.000000 0.000000 0.000000 0.000000 0.000000 0.000000 0.000000 0.000000 0.000000 0.000000 0.000000 0.000000 0.000000 0.000000 0.000000 0.000000 0.000000 0.000000 0.000000 0.000000 0.000000 0.000000 0.000000 0.000000 0.000000 0.000000 0.000000 0.000000 0.000000 0.000000 0.000000 0.000000 0.000000 0.000000 0.000000 0.000000 0.000000 0.000000 0.000000 0.000000 0.000000 0.000000 0.000000 0.000000 0.000000 0.000000 0.000000 0.000000 0.000000 0.000000 0.000000 0.000000 0.000000 0.000000 0.000000 0.000000 0.000000 0.000000 0.000000 0.000000 0.000000 0.000000 0.000000 0.000000 0.000000 0.000000 0.000000 0.000000 0.000000 0.000000 0.000000 0.000000 0.000000 0.000000 0.000000 0.000000 0.000000 0.000000 0.000000 0.000000 0.000000 0.000000 0.000000 0.000000 0.000000 0.000000 0.000000 0.000000 0.000000 0.000000 0.000000 0.000000 0.000000 0.000000 0.000000 0.000000 0.000000 0.000000 0.000000 0.000000 0.000000 0.000000 0.000000 0.000000 0.000000 0.000000 0.000000 0.000000 0.000000 0.000000 0.000000 0.000000 0.000000 0.000000 0.000000 0.000000 0.000000 0.000000 0.000000 0.000000 0.000000 0.000000 0.000000 0.000000 0.000000 0.000000 0.000000 0.000000 0.000000 0.000000 0.000000 0.000000 0.000000 0.000000 0.000000 0.000000 0.000000 0.000000 0.000000 0.000000 0.000000 0.000000 0.000000 0.000000 0.000000 0.000000 0.000000 0.000000 0.000000 0.000000 0.000000 0.000000 0.000000 0.000000 0.000000 0.000000 0.000000 0.000000 0.000000 0.000000 0.000000 0.000000 0.000000 0.000000 0.000000 0.000000 0.000000 0.000000 0.000000 0.000000 0.000000 0.000000 0.000000 0.000000 0.000000 0.000000 0.000000 0.000000 0.000000 0.000000 0.000000 0.000000 0.000000 0.000000 0.000000 0.000000 0.000000 0.000000 0.000000 0.000000 0.000000 0.000000 0.000000 0.000000 0.000000 0.000000 0.000000 0.000000 0.000000 0.000000 0.000000 0.000000 0.000000 0.000000 0.000000 0.000000 0.000000 0.000000 0.000000 0.000000 0.000000 0.000000 0.000000 0.000000 0.000000 0.000000 0.000000 0.000000 0.000000 0.000000 0.000000 0.000000 0.000000 0.000000 0.000000 0.000000 0.000000 0.000000 0.000000 0.000000 0.000000 0.000000 0.000000 0.000000 0.000000 0.000000 0.000000 0.000000 0.000000 0.000000 0.000000 0.000000 0.000000 0.000000 0.000000 0.000000 0.000000 0.000000 0.000000 0.000000 0.000000 0.000000 0.000000 0.000000 0.000000 0.000000 0.000000 0.000000 0.000000 0.000000 0.000000 0.000000 0.000000 0.000000 0.000000 0.000000 0.000000 0.000000 0.000000 0.000000 0.000000 0.000000 0.000000 0.000000 0.000000 0.000000 0.000000 0.000000 0.000000 0.000000 0.000000 0.000000 0.000000 0.000000 0.000000 0.000000 0.000000 0.000000 0.000000 0.000000 0.000000 0.000000 0.000000 0.000000 0.000000 0.000000 0.000000 0.000000 0.000000 0.000000 0.000000 0.000000 0.000000 0.000000 0.000000 0.000000 0.000000 0.000000 0.000000 0.000000 0.000000 0.000000 0.000000 0.000000 0.000000 0.000000 0.000000 0.000000 0.000000 0.000000 0.000000 0.000000 0.000000 0.000000 0.000000 0.000000 0.000000 0.000000 0.000000 0.000000 0.000000 0.000000 0.000000 0.000000 0.000000 0.000000 0.000000 0.000000 0.000000 0.000000 0.000000 0.000000 0.000000 0.000000 0.000000 0.000000 0.000000 0.000000 0.000000 0.000000 0.000000 0.000000 0.000000 0.000000 0.000000 0.000000 0.000000 0.000000 0.000000 0.000000 0.000000 0.000000 0.000000 0.000000 0.000000 0.000000 0.000000 0.000000 0.000000 0.000000 0.000000 0.000000 0.000000 0.000000 0.000000 0.000000 0.000000 0.000000 0.000000 0.000000 0.000000 0.000000 0.000000 0.000000 0.000000 0.000000 0.000000 0.000000 0.000000 0.000000 0.000000 0.000000 0.000000 0.000000 0.000000 0.000000 0.000000 0.000000 0.000000 0.000000 0.000000 0.000000 0.000000 0.000000 0.000000 0.000000 0.000000 0.000000 0.000000 0.000000 0.000000 0.000000 0.000000 0.000000 0.000000 0.000000 0.000000 0.000000 0.000000 0.000000 0.000000 0.000000 0.000000 0.000000 0.000000 0.000000 0.000000 0.000000 0.000000 0.000000 0.000000 0.000000 0.000000 0.000000 0.000000 0.000000 0.000000 0.000000 0.000000 0.000000 0.000000 0.000000 0.000000 0.000000 0.000000 0.000000 0.000000 0.000000 0.000000 0.000000 0.000000 0.000000 0.000000 0.000000 0.000000 0.000000 0.000000 0.000000 0.000000 0.000000 0.000000 0.000000 0.000000 0.000000 0.000000 0.000000 0.000000 0.000000 0.000000 0.000000 0.000000 0.000000 0.000000 0.000000 0.000000 0.000000 0.000000 0.000000 0.000000 0.000000 0.000000 0.000000 0.000000 0.000000 0.000000 0.000000 0.000000 0.000000 0.000000 0.000000 0.000000 0.000000 0.000000 0.000000 0.000000 0.000000 0.000000 0.000000 0.000000 0.000000 0.000000 0.000000 0.000000 0.000000 0.000000 0.000000 0.000000 0.000000 0.000000 0.000000 0.000000 0.000000 0.000000 0.000000 0.000000 0.000000 0.000000 0.000000 0.000000 0.000000 0.000000 0.000000 0.000000 0.000000 0.000000 0.000000 0.000000 0.000000 0.000000 0.000000 0.000000 0.000000 0.000000 0.000000 0.000000 0.000000 0.000000 0.000000 0.000000 0.000000 0.000000 0.000000 0.000000 0.000000 0.000000 0.000000 0.000000 0.000000 0.000000 0.000000 0.000000 0.000000 0.000000 0.000000 0.000000 0.000000 0.000000 0.000000 0.000000 0.000000 0.000000 0.000000 0.000000 0.000000 0.000000 0.000000 0.000000 0.000000 0.000000 0.000000 0.000000 0.000000 0.000000 0.000000 0.000000 0.000000 0.000000 0.000000 0.000000 0.000000 0.000000 0.000000 0.000000 0.000000 0.000000 0.000000 0.000000 0.000000 0.000000 0.000000 0.000000 0.000000 0.000000 0.000000 0.000000 0.000000 0.000000 0.000000 0.000000 0.000000 0.000000 0.000000 0.000000 0.000000 0.000000 0.000000 0.000000 0.000000 0.000000 0.000000 0.000000 0.000000 0.000000 0.000000 0.000000 0.000000 0.000000 0.000000 0.000000 0.000000 0.000000 0.000000 0.000000 0.000000 0.000000 0.000000 0.000000 0.000000 0.000000 0.000000 0.000000 0.000000 0.000000 0.000000 0.000000 0.000000 0.000000 0.000000 0.000000 0.000000 0.000000 0.000000 0.000000 0.000000 0.000000 0.000000 0.000000 0.000000 0.000000 0.000000 0.000000 0.000000 0.000000 0.000000 0.000000 0.000000 0.000000 0.000000 0.000000 0.000000 0.000000 0.000000 0.000000 0.000000 0.000000 0.000000 0.000000 0.000000 0.000000 0.000000 0.000000 0.000000 0.000000 0.000000 0.000000 0.000000 0.000000 0.000000 0.000000 0.000000 0.000000 0.000000 0.000000 0.000000 0.000000 0.000000 0.000000 0.000000 0.000000 0.000000 0.000000 0.000000 0.000000 0.000000 0.000000 0.000000 0.000000 0.000000  
0.018617 0.014086 0.008284 0.006966 0.018617 0.014086 0.008284 0.006966 0.018617 0.014086 0.008284 0.006966 0.018617 0.014086 0.008284 0.006966 0.018617 0.014086 0.008284 0.006966 0.018617 0.014086 0.008284 0.006966 0.018617 0.014086 0.008284 0.006966 0.018617 0.014086 0.008284 0.006966 0.018617 0.014086 0.008284 0.006966 0.018617 0.014086 0.008284 0.006966 0.018617 0.014086 0.008284 0.006966 0.018617 0.014086 0.008284 0.006966 0.018617 0.014086 0.008284 0.006966 0.018617 0.014086 0.008284 0.006966 0.018617 0.014086 0.008284 0.006966 0.018617 0.014086 0.008284 0.006966 0.018617 0.014086 0.008284 0.006966 0.018617 0.014086 0.008284 0.006966 0.018617 0.014086 0.008284 0.006966 0.018617 0.014086 0.008284 0.006966 0.018617 0.014086 0.008284 0.006966 0.018852 0.014281 0.008396 0.007057 0.019102 0.014482 0.008510 0.007149 0.019366 0.014689 0.008627 0.007243 0.019644 0.014902 0.008746 0.007680 0.019936 0.015122 0.008867 0.007785 0.020239 0.015348 0.008991 0.007893 0.020556 0.015582 0.009117 0.008002 0.020887 0.015823 0.009246 0.008113 0.021229 0.016072 0.009378 0.008227 0.021588 0.016328 0.009512 0.008343 0.021963 0.016593 0.009650 0.008875 0.022353 0.016866 0.010265 0.009006 0.022761 0.017149 0.010420 0.009139 0.023188 0.017441 0.010579 0.009276 0.023633 0.017742 0.010741 0.009415 0.024096 0.018055 0.010908 0.009558 0.024582 0.018378 0.011079 0.009703 0.025093 0.018713 0.011253 0.009852 0.025631 0.019061 0.012022 0.010527 0.026197 0.019421 0.012221 0.010697 0.026796 0.019796 0.012426 0.010870 0.027432 0.020186 0.012637 0.011048 0.028114 0.020593 0.012853 0.011231 0.028876 0.021017 0.013075 0.011418 0.029746 0.021461 0.013303 0.011609 0.030670 0.021925 0.013538 0.012466 0.031691 0.022411 0.014558 0.012687 0.032780 0.022922 0.014832 0.012914 0.033858 0.023463 0.015115 0.013148 0.035134 0.024034 0.015407 0.013389 0.036374 0.024639 0.015709 0.013637 0.037652 0.026495 0.016021 0.014720 0.039213 0.028143 0.017354 0.015011 0.040645 0.029214 0.017728 0.015312 0.042205 0.030290 0.018118 0.015624 0.044129 0.031446 0.018526 0.016939 0.045766 0.032709 0.018951 0.017313 0.047854 0.035911 0.020734 0.018823 0.050086 0.038578 0.021274 0.019283 0.052032 0.040333 0.022360 0.021060 0.055045 0.041950 0.024231 0.022829 0.061662 0.043661 0.025195 0.025265 0.064097 0.045745 0.027491 0.029523 0.067451 0.050665 0.031181 0.031694 0.071151 0.054492 0.033656 0.036305 0.074002 0.057451 0.039667 0.039477 0.079504 0.060001 0.044994 0.045309 0.088788 0.062348 0.048778 0.048904 0.092050 0.065810 0.056264 0.057432 0.099262 0.073271 0.060422 0.058554 0.103413 0.078463 0.068669 0.065250 0.113038 0.083063 0.077019 0.074533 0.123365 0.087059 0.085021 0.076078 0.129667 0.095423 0.089818 0.087299 0.142894 0.102742 0.101786 0.096589 0.158904 0.108978 0.109589 0.106614 0.163818 0.121037 0.124150 0.114190 0.180785 0.128394 0.128555 0.124045 0.185785 0.135691 0.140061 0.128710 0.190785 0.150738 0.143559 0.140150 0.195785 0.160327 0.157896 0.147930 0.200785 0.163306 0.166824 0.158356 0.205785 0.175545 0.178245 0.166291 0.210785 0.186512 0.200110 0.178546 0.215785 0.200175 0.199933 0.199288 0.220785 0.210476 0.207181 0.201121 0.225785 0.225855 0.225938 0.226526 0.230785 0.232007 0.225093 0.224558 0.235785 0.251197 0.243523 0.224692 0.240785 0.256058 0.252985 0.228817 0.245785 0.259244 0.251449 0.257119 0.250785 0.272560 0.269225 0.251344 0.255785 0.286682 0.287978 0.257033 0.260785 0.287870 0.281617 0.290517 0.265785 0.289858 0.282633 0.290104 0.270785 0.320941 0.288141 0.282420 0.275785 0.324998 0.325565 0.284670 0.280785 0.327244 0.327076 0.288865 0.285785 0.325074 0.317476 0.330138 0.290785 0.324669 0.318578 0.317052 0.295785 0.330710 0.320662 0.318545 0.300785 0.337991 0.324176 0.320757 0.305785 0.367789 0.338598 0.323567 0.310785 0.371105 0.371033 0.327164 0.315785 0.372746 0.373978 0.333299 0.320785 0.370707 0.374214 0.375809 0.325785 0.371742 0.362783 0.378615 0.330785 0.375994 0.364638 0.378352 0.335785 0.382432 0.367382 0.363590 0.340785 0.402406 0.376669 0.367818 0.345785 0.415174 0.413294 0.370788 0.350785 0.416914 0.417336 0.374940 0.355785 0.415240 0.420246 0.399742 0.360785 0.415538 0.418847 0.422741 0.365785 0.419466 0.408958 0.425017 0.370785 0.440420 0.411347 0.414264 0.375785 0.455219 0.414442 0.410552 0.380785 0.457366 0.418596 0.413265 0.385785 0.455395 0.427893 0.416568 0.390785 0.456121 0.462023 0.420752 0.395785 0.475672 0.449900 0.461652 0.400785 0.491931 0.452606 0.470275 0.405785 0.492085 0.456152 0.454617 0.410785 0.490937 0.461225 0.455291 0.415785 0.495406 0.486288 0.459291 0.420785 0.517320 0.506984 0.466567 0.425785 0.525942 0.499137 0.505711 0.430785 0.524991 0.491976 0.507299 0.435785 0.530332 0.495100 0.491790 0.440785 0.535332 0.499238 0.495011 0.445785 0.540332 0.525827 0.498872 0.450785 0.545332 0.550472 0.503543 0.455785 0.550332 0.535288 0.508543 0.460785 0.555332 0.533438 0.513543 0.465785 0.560332 0.538438 0.518543 0.470785 0.565332 0.543438 0.523543 0.475785 0.570332 0.548438 0.528543 0.480785 0.575332 0.553438 0.533543 0.485785 0.580332 0.558438 0.538543 0.490785 0.585332 0.563438 0.543543 0.495785 0.590332 0.568438 0.548543 0.500785 0.595332 0.573438 0.553543 0.505785 0.600332 0.578438 0.558543 0.510785 0.605332 0.583438 0.563543 0.515785 0.610332 0.588438 0.568543 0.520785 0.615332 0.593438 0.573543 0.525785 0.620332 0.598438 0.578543 0.530785 0.625332 0.603438 0.583543 0.535785 0.630332 0.608438 0.588543 0.540785 0.635332 0.613438 0.593543 0.545785 0.640332 0.618438 0.598543 0.550785 0.645332 0.623438 0.603543 0.555785 0.650332 0.628438 0.608543 0.560785 0.655332 0.633438 0.613543 0.565785 0.660332 0.638438 0.618543 0.570785 0.665332 0.643438 0.623543 0.575785 0.670332 0.648438 0.628543 0.580785 0.675332 0.653438 0.633543 0.585785 0.680332 0.658438 0.638543 0.590785 0.685332 0.663438 0.643543 0.595785 0.690332 0.668438 0.648543 0.600785 0.695332 0.673438 0.653543 0.605785 0.700332 0.678438 0.658543 0.610785 0.705332 0.683438 0.663543 0.615785 0.710332 0.688438 0.668543 0.620785 0.715332 0.693438 0.673543 0.625785 0.720332 0.698438 0.678543 0.630785 0.725332 0.703438 0.683543 0.635785 0.730332 0.708438 0.688543 0.640785 0.735332 0.713438 0.693543 0.645785 0.740332 0.718438 0.698543 0.650785 0.745332 0.723438 0.703543 0.655785 0.750332 0.728438 0.708543 0.660785 0.755332 0.733438 0.713543 0.665785 0.760332 0.738438 0.718543 0.670785 0.765332 0.743438 0.723543 0.675785 0.770332 0.748438 0.728543 0.680785 0.775332 0.753438 0.733543 0.685785 0.780332 0.758438 0.738543 0.690785 0.785332 0.763438 0.743543  
0.018617 0.014086 0.008284 0.006966 0.018617 0.014086 0.008284 0.006966 0.018617 0.014086 0.008284 0.006966 0.018617 0.014086 0.008284 0.006966 0.018617 0.014086 0.008284 0.006966 0.018617 0.014086 0.008284 0.006966 0.018617 0.014086 0.008284 0.006966 0.018617 0.014086 0.008284 0.006966 0.018617 0.014086 0.008284 0.006966 0.018617 0.014086 0.008284 0.006966 0.018617 0.014086 0.008284 0.006966 0.018617 0.014086 0.008284 0.006966 0.018617 0.014086 0.008284 0.006966 0.018617 0.014086 0.008284 0.006966 0.018617 0.014086 0.008284 0.006966 0.018617 0.014086 0.008284 0.006966 0.018617 0.014086 0.008284 0.006966 0.018617 0.014086 0.008284 0.006966 0.018617 0.014086 0.008284 0.006966 0.018617 0.014086 0.008284 0.006966 0.018617 0.014086 0.008284 0.006966 0.018852 0.014281 0.008396 0.007057 0.019102 0.014482 0.008510 0.007149 0.019366 0.014689 0.008627 0.007243 0.019644 0.014902 0.008746 0.007680 0.019936 0.015122 0.008867 0.007785 0.020239 0.015348 0.008991 0.007893 0.020556 0.015582 0.009117 0.008002 0.020887 0.015823 0.009246 0.008113 0.021229 0.016072 0.009378 0.008227 0.021588 0.016328 0.009512 0.008343 0.021963 0.016593 0.009650 0.008875 0.022353 0.016866 0.010265 0.009006 0.022761 0.017149 0.010420 0.009139 0.023188 0.017441 0.010579 0.009276 0.023633 0.017742 0.010741 0.009415 0.024096 0.018055 0.010908 0.009558 0.024582 0.018378 0.011079 0.009703 0.025093 0.018713 0.011253 0.009852 0.025631 0.019061 0.012022 0.010527 0.026197 0.019421 0.012221 0.010697 0.026796 0.019796 0.012426 0.010870 0.027432 0.020186 0.012637 0.011048 0.028114 0.020593 0.012853 0.011231 0.028876 0.021017 0.013075 0.011418 0.029746 0.021461 0.013303 0.011609 0.030670 0.021925 0.013538 0.012466 0.031691 0.022411 0.014558 0.012687 0.032780 0.022922 0.014832 0.012914 0.033858 0.023463 0.015115 0.013148 0.035134 0.024034 0.015407 0.013389 0.036374 0.024639 0.015709 0.013637 0.037652 0.026495 0.016021 0.014720 0.039213 0.028143 0.017354 0.015011 0.040645 0.029214 0.017728 0.015312 0.042205 0.030290 0.018118 0.015624 0.044129 0.031446 0.018526 0.016939 0.045766 0.032709 0.018951 0.017313 0.047854 0.035911 0.020734 0.018823 0.050086 0.038578 0.021274 0.019283 0.052032 0.040333 0.022360 0.021060 0.055045 0.041950 0.024231 0.022829 0.061662 0.043661 0.025195 0.025265 0.064097 0.045745 0.027491 0.029523 0.067451 0.050665 0.031181 0.031694 0.071151 0.054492 0.033656 0.036305 0.074002 0.057451 0.039667 0.039477 0.079504 0.060001 0.044994 0.045309 0.088788 0.062348 0.048778 0.048904 0.092050 0.065810 0.056264 0.057432 0.099262 0.073271 0.060422 0.058554 0.103413 0.078463 0.068669 0.065250 0.113038 0.083063 0.077019 0.074533 0.123365 0.087059 0.085021 0.076078 0.129667 0.095423 0.089818 0.087299 0.142894 0.102742 0.101786 0.096589 0.158904 0.108978 0.109589 0.106614 0.163818 0.121037 0.124150 0.114190 0.180785 0.128394 0.128555 0.124045 0.185785 0.135691 0.140061 0.128710 0.190785 0.150738 0.143559 0.140150 0.195785 0.160327 0.157896 0.147930 0.200785 0.163306 0.166824 0.158356 0.205785 0.175545 0.178245 0.166291 0.210785 0.186512 0.200110 0.178546 0.215785 0.200175 0.199933 0.199288 0.220785 0.210476 0.207181 0.201121 0.225785 0.225855 0.225938 0.226526 0.230785 0.232007 0.225093 0.224558 0.235785 0.251197 0.243523 0.224692 0.240785 0.256058 0.252985 0.228817 0.245785 0.259244 0.251449 0.257119 0.250785 0.272560 0.269225 0.251344 0.255785 0.286682 0.287978 0.257033 0.260785 0.287870 0.281617 0.290517 0.265785 0.289858 0.282633 0.290104 0.270785 0.320941 0.288141 0.282420 0.275785 0.324998 0.325565 0.284670 0.280785 0.327244 0.327076 0.288865 0.285785 0.325074 0.317476 0.330138 0.290785 0.324669 0.318578 0.317052 0.295785 0.330710 0.320662 0.318545 0.300785 0.337991 0.324176 0.320757 0.305785 0.367789 0.338598 0.323567 0.310785 0.371105 0.371033 0.327164 0.315785 0.372746 0.373978 0.333299 0.320785 0.370707 0.374214 0.375809 0.325785 0.371742 0.362783 0.378615 0.330785 0.375994 0.364638 0.378352 0.335785 0.382432 0.367382 0.363590 0.340785 0.402406 0.376669 0.367818 0.345785 0.415174 0.413294 0.370788 0.350785 0.416914 0.417336 0.374940 0.355785 0.415240 0.420246 0.399742 0.360785 0.415538 0.418847 0.422741 0.365785 0.419466 0.408958 0.425017 0.370785 0.440420 0.411347 0.414264 0.375785 0.455219 0.414442 0.410552 0.380785 0.457366 0.418596 0.413265 0.385785 0.455395 0.427893 0.416568 0.390785 0.456121 0.462023 0.420752 0.395785 0.475672 0.449900 0.461652 0.400785 0.491931 0.452606 0.470275 0.405785 0.492085 0.456152 0.454617 0.410785 0.490937 0.461225 0.455291 0.415785 0.495406 0.486288 0.459291 0.420785 0.517320 0.506984 0.466567 0.425785 0.525942 0.499137 0.505711 0.430785 0.524991 0.491976 0.507299 0.435785 0.530332 0.495100 0.491790 0.440785 0.535332 0.499238 0.495011 0.445785 0.540332 0.525827 0.498872 0.450785 0.545332 0.550472 0.503543 0.455785 0.550332 0.535288 0.508543 0.460785 0.555332 0.533438 0.513543 0.465785 0.560332 0.538438 0.518543 0.470785 0.565332 0.543438 0.523543 0.475785 0.570332 0.548438 0.528543 0.480785 0.575332 0.553438 0.533543 0.485785 0.580332 0.558438 0.538543 0.490785 0.585332 0.563438 0.543543 0.495785 0.590332 0.568438 0.548543 0.500785 0.595332 0.573438 0.553543 0.505785 0.600332 0.578438 0.558543 0.510785 0.605332 0.583438 0.563543 0.515785 0.610332 0.588438 0.568543 0.520785 0.615332 0.593438 0.573543 0.525785 0.620332 0.598438 0.578543 0.530785 0.625332 0.603438 0.583543 0.535785 0.630332 0.608438 0.588543 0.540785 0.635332 0.613438 0.593543 0.545785 0.640332 0.618438 0.598543 0.550785 0.645332 0.623438 0.603543 0.555785 0.650332 0.628438 0.608543 0.560785 0.655332 0.633438 0.613543 0.565785 0.660332 0.638438 0.618543 0.570785 0.665332 0.643438 0.623543 0.575785 0.670332 0.648438 0.628543 0.580785 0.675332 0.653438 0.633543 0.585785 0.680332 0.658438 0.638543 0.590785 0.685332 0.663438 0.643543 0.595785 0.690332 0.668438 0.648543 0.600785 0.695332 0.673438 0.653543 0.605785 0.700332 0.678438 0.658543 0.610785 0.705332 0.683438 0.663543 0.615785 0.710332 0.688438 0.668543 0.620785 0.715332 0.693438 0.673543 0.625785 0.720332 0.698438 0.678543 0.630785 0.725332 0.703438 0.683543 0.635785 0.730332 0.708438 0.688543 0.640785 0.735332 0.713438 0.693543 0.645785 0.740332 0.718438 0.698543 0.650785 0.745332 0.723438 0.703543 0.655785 0.750332 0.728438 0.708543 0.660785 0.755332 0.733438 0.713543 0.665785 0.760332 0.738438 0.718543 0.670785 0.765332 0.743438 0.723543 0.675785 0.770332 0.748438 0.728543 0.680785 0.775332 0.753438 0.733543 0.685785 0.780332 0.758438 0.738543 0.690785 0.785332 0.763438 0.743543  
0.000010 0.000010 0.000010 0.000010 0.000010 0.000010 0.000010 0.000010 0.000010 0.000010 0.000010 0.000010 0.000010 0.000010 0.000010 0.000010 0.000010 0.000010 0.000010 0.000010 0.000010 0.000010 0.000010 0.000010 0.000010 0.000010 0.000010 0.000010 0.000010 0.000010 0.000010 0.000010 0.000010 0.000010 0.000010 0.000010 0.000010 0.000010 0.000010 0.000010 0.000010 0.000010 0.000010 0.000010 0.000010 0.000010 0.000010 0.000010 0.000010 0.000010 0.000010 0.000010 0.000010 0.000010 0.000010 0.000010 0.000010 0.000010 0.000010 0.000010 0.000010 0.000010 0.000010 0.000010 0.000010 0.000010 0.000010 0.000010 0.000010 0.000010 0.000010 0.000010 0.000010 0.000010 0.000010 0.000010 0.000010 0.000010 0.000010 0.000010 0.000010 0.000010 0.000010 0.000010 0.000010 0.000010 0.000010 0.000010 0.000010 0.000010 0.000010 0.000010 0.000010 0.000010 0.000010 0.000010 0.000010 0.000010 0.000010 0.000010 0.000010 0.000010 0.000010 0.000010 0.000010 0.000010 0.000010 0.000010 0.000010 0.000010 0.000010 0.000010 0.000010 0.000010 0.000010 0.000010 0.000010 0.000010 0.000010 0.000010 0.000010 0.000010 0.000010 0.000010 0.000010 0.000010 0.000010 0.000010 0.000010 0.000010 0.000010 0.000010 0.000010 0.000010 0.000010 0.000010 0.000010 0.000010 0.000010 0.000010 0.000010 0.000010 0.000010 0.000010 0.000010 0.000010 0.000010 0.000010 0.000010 0.000010 0.000010 0.000010 0.000010 0.000010 0.000010 0.000010 0.000010 0.000010 0.000010 0.000010 0.000010 0.000010 0.000010 0.000010 0.000010 0.000010 0.000010 0.000010 0.000010 0.000010 0.000010 0.000010 0.000010 0.000010 0.000010 0.000010 0.000010 0.000010 0.000010 0.000010 0.000010 0.000010 0.000010 0.000010 0.000010 0.000010 0.000010 0.000010 0.000010 0.000010 0.000010 0.000010 0.000010 0.000010 0.000010 0.000010 0.000010 0.000010 0.000010 0.000010 0.000010 0.000010 0.000010 0.000010 0.000010 0.000010 0.000010 0.000010 0.000010 0.000010 0.000010 0.000010 0.000010 0.000010 0.000010 0.000010 0.000010 0.000010 0.000010 0.000010 0.000010 0.000010 0.000010 0.000010 0.000010 0.000010 0.000010 0.000010 0.000010 0.000010 0.000010 0.000010 0.000010 0.000010 0.000010 0.000010 0.000010 0.000010 0.000010 0.000010 0.000010 0.000010 0.000010 0.000010 0.000010 0.000010 0.000010 0.000010 0.000010 0.000010 0.000010 0.000010 0.000010 0.000010 0.000010 0.000010 0.000010 0.000010 0.000010 0.000010 0.000010 0.000010 0.000010 0.000010 0.000010 0.000010 0.000010 0.000010 0.000010 0.000010 0.000010 0.000010 0.000010 0.000010 0.000010 0.000010 0.000010 0.000010 0.000010 0.000010 0.000010 0.000010 0.000010 0.000010 0.000010 0.000010 0.000010 0.000010 0.000010 0.000010 0.000010 0.000010 0.000010 0.000010 0.000010 0.000010 0.000010 0.000010 0.000010 0.000010 0.000010 0.000010 0.000010 0.000010 0.000010 0.000010 0.000010 0.000010 0.000010 0.000010 0.000010 0.000010 0.000010 0.000010 0.000010 0.000010 0.000010 0.000010 0.000010 0.000010 0.000010 0.000010 0.000010 0.000010 0.000010 0.000010 0.000010 0.000010 0.000010 0.000010 0.000010 0.000010 0.000010 0.000010 0.000010 0.000010 0.000010 0.000010 0.000010 0.000010 0.000010 0.000010 0.000010 0.000010 0.000010 0.000010 0.000010 0.000010 0.000010 0.000010 0.000010 0.000010 0.000010 0.000010 0.000010 0.000010 0.000010 0.000010 0.000010 0.000010 0.000010 0.000010 0.000010 0.000010 0.000010 0.000010 0.000010 0.000010 0.000010 0.000010 0.000010 0.000010 0.000010 0.000010 0.000010 0.000010 0.000010 0.000010 0.000010 0.000010 0.000010 0.000010 0.000010 0.000010 0.000010 0.000010 0.000010 0.000010 0.000010 0.000010 0.000010 0.000010 0.000010 0.000010 0.000010 0.000010 0.000010 0.000010 0.000010 0.000010 0.000010 0.000010 0.000010 0.000010 0.000010 0.000010 0.000010 0.000010 0.000010 0.000010 0.000010 0.000010 0.000010 0.000010 0.000010 0.000010 0.000010 0.000010 0.000010 0.000010 0.000010 0.000010 0.000010 0.000010 0.000010 0.000010 0.000010 0.000010 0.000010 0.000010 0.000010 0.000010 0.000010 0.000010 0.000010 0.000010 0.000010 0.000010 0.000010 0.000010 0.000010 0.000010 0.000010 0.000010 0.000010 0.000010 0.000010 0.000010 0.000010 0.000010 0.000010 0.000010 0.000010 0.000010 0.000010 0.000010 0.000010 0.000010 0.000010 0.000010 0.000010 0.000010 0.000010 0.000010 0.000010 0.000010 0.000010 0.000010 0.000010 0.000010 0.000010 0.000010 0.000010 0.000010 0.000010 0.000010 0.000010 0.000010 0.000010 0.000010 0.000010 0.000010 0.000010 0.000010 0.000010 0.000010 0.000010 0.000010 0.000010 0.000010 0.000010 0.000010 0.000010 0.000010 0.000010 0.000010 0.000010 0.000010 0.000010 0.000010 0.000010 0.000010 0.000010 0.000010 0.000010 0.000010 0.000010 0.000010 0.000010 0.000010 0.000010 0.000010 0.000010 0.000010 0.000010 0.000010 0.000010 0.000010 0.000010 0.000010 0.000010 0.000010 0.000010 0.000010 0.000010 0.000010 0.000010 0.000010 0.000010 0.000010 0.000010 0.000010 0.000010 0.000010 0.000010 0.000010 0.000010 0.000010 0.000010 0.000010 0.000010 0.000010 0.000010 0.000010 0.000010 0.000010 0.000010 0.000010 0.000010 0.000010 0.000010 0.000010 0.000010 0.000010 0.000010 0.000010 0.000010 0.000010 0.000010 0.000010 0.000010 0.000010 0.000010 0.000010 0.000010 0.000010 0.000010 0.000010 0.000010 0.000010 0.000010 0.000010 0.000010 0.000010 0.000010 0.000010 0.000010 0.000010 0.000010 0.000010 0.000010 0.000010 0.000010 0.000010 0.000010 0.000010 0.000010 0.000010 0.000010 0.000010 0.000010 0.000010 0.000010 0.000010 0.000010 0.000010 0.000010 0.000010 0.000010 0.000010 0.000010 0.000010 0.000010 0.000010 0.000010 0.000010 0.000010 0.000010 0.000010 0.000010 0.000010 0.000010 0.000010 0.000010 0.000010 0.000010 0.000010 0.000010 0.000010 0.000010 0.000010 0.000010 0.000010 0.000010 0.000010 0.000010 0.000010 0.000010 0.000010 0.000010 0.000010 0.000010 0.000010 0.000010 0.000010 0.000010 0.000010 0.000010 0.000010 0.000010 0.000010 0.000010 0.000010 0.000010 0.000010 0.000010 0.000010 0.000010 0.000010 0.000010 0.000010 0.000010 0.000010 0.000010 0.000010 0.000010 0.000010 0.000010 0.000010 0.000010 0.000010 0.000010 0.000010 0.000010 0.000010 0.000010 0.000010 0.000010 0.000010 0.000010 0.000010 0.000010 0.000010 0.000010 0.000010 0.000010 0.000010 0.000010 0.000010 0.000010 0.000010 0.000010 0.000010 0.000010 0.000010 0.000010 0.000010 0.000010 0.000010 0.000010 0.000010 0.000010 0.000010 0.000010 0.000010 0.000010 0.000010 0.000010 0.000010 0.000010 0.000010 0.000010 0.000010 0.000010 0.000010 0.000010 0.000010 0.000010 0.000010 0.000010 0.000010 0.000010 0.000010 0.000010 0.000010 0.000010 0.000010 0.000010 0.000010 0.000010 0.000010 0.000010 0.000010 0.000010  
0.000000 0.000000 0.000000 0.000000 0.000000 0.000000 0.000000 0.000000 0.000000 0.000000 0.000000 0.000000 0.000000 0.000000 0.000000 0.000000 0.000000 0.000000 0.000000 0.000000 0.000000 0.000000 0.000000 0.000000 0.000000 0.000000 0.000000 0.000000 0.000000 0.000000 0.000000 0.000000 0.000000 0.000000 0.000000 0.000000 0.000000 0.000000 0.000000 0.000000 0.000000 0.000000 0.000000 0.000000 0.000000 0.000000 0.000000 0.000000 0.000000 0.000000 0.000000 0.000000 0.000000 0.000000 0.000000 0.000000 0.000000 0.000000 0.000000 0.000000 0.000000 0.000000 0.000000 0.000000 0.000000 0.000000 0.000000 0.000000 0.000000 0.000000 0.000000 0.000000 0.000000 0.000000 0.000000 0.000000 0.000000 0.000000 0.000000 0.000000 0.000000 0.000000 0.000000 0.000000 0.000000 0.000000 0.000000 0.000000 0.000000 0.000000 0.000000 0.000000 0.000000 0.000000 0.000000 0.000000 0.000000 0.000000 0.000000 0.000000 0.000000 0.000000 0.000000 0.000000 0.000000 0.000000 0.000000 0.000000 0.000000 0.000000 0.000000 0.000000 0.000000 0.000000 0.000000 0.000000 0.000000 0.000000 0.000000 0.000000 0.000000 0.000000 0.000000 0.000000 0.000000 0.000000 0.000000 0.000000 0.000000 0.000000 0.000000 0.000000 0.000000 0.000000 0.000000 0.000000 0.000000 0.000000 0.000000 0.000000 0.000000 0.000000 0.000000 0.000000 0.000000 0.000000 0.000000 0.000000 0.000000 0.000000 0.000000 0.000000 0.000000 0.000000 0.000000 0.000000 0.000000 0.000000 0.000000 0.000000 0.000000 0.000000 0.000000 0.000000 0.000000 0.000000 0.000000 0.000000 0.000000 0.000000 0.000000 0.000000 0.000000 0.000000 0.000000 0.000000 0.000000 0.000000 0.000000 0.000000 0.000000 0.000000 0.000000 0.000000 0.000000 0.000000 0.000000 0.000000 0.000000 0.000000 0.000000 0.000000 0.000000 0.000000 0.000000 0.000000 0.000000 0.000000 0.000000 0.000000 0.000000 0.000000 0.000000 0.000000 0.000000 0.000000 0.000000 0.000000 0.000000 0.000000 0.000000 0.000000 0.000000 0.000000 0.000000 0.000000 0.000000 0.000000 0.000000 0.000000 0.000000 0.000000 0.000000 0.000000 0.000000 0.000000 0.000000 0.000000 0.000000 0.000000 0.000000 0.000000 0.000000 0.000000 0.000000 0.000000 0.000000 0.000000 0.000000 0.000000 0.000000 0.000000 0.000000 0.000000 0.000000 0.000000 0.000000 0.000000 0.000000 0.000000 0.000000 0.000000 0.000000 0.000000 0.000000 0.000000 0.000000 0.000000 0.000000 0.000000 0.000000 0.000000 0.000000 0.000000 0.000000 0.000000 0.000000 0.000000 0.000000 0.000000 0.000000 0.000000 0.000000 0.000000 0.000000 0.000000 0.000000 0.000000 0.000000 0.000000 0.000000 0.000000 0.000000 0.000000 0.000000 0.000000 0.000000 0.000000 0.000000 0.000000 0.000000 0.000000 0.000000 0.000000 0.000000 0.000000 0.000000 0.000000 0.000000 0.000000 0.000000 0.000000 0.000000 0.000000 0.000000 0.000000 0.000000 0.000000 0.000000 0.000000 0.000000 0.000000 0.000000 0.000000 0.000000 0.000000 0.000000 0.000000 0.000000 0.000000 0.000000 0.000000 0.000000 0.000000 0.000000 0.000000 0.000000 0.000000 0.000000 0.000000 0.000000 0.000000 0.000000 0.000000 0.000000 0.000000 0.000000 0.000000 0.000000 0.000000 0.000000 0.000000 0.000000 0.000000 0.000000 0.000000 0.000000 0.000000 0.000000 0.000000 0.000000 0.000000 0.000000 0.000000 0.000000 0.000000 0.000000 0.000000 0.000000 0.000000 0.000000 0.000000 0.000000 0.000000 0.000000 0.000000 0.000000 0.000000 0.000000 0.000000 0.000000 0.000000 0.000000 0.000000 0.000000 0.000000 0.000000 0.000000 0.000000 0.000000 0.000000 0.000000 0.000000 0.000000 0.000000 0.000000 0.000000 0.000000 0.000000 0.000000 0.000000 0.000000 0.000000 0.000000 0.000000 0.000000 0.000000 0.000000 0.000000 0.000000 0.000000 0.000000 0.000000 0.000000 0.000000 0.000000 0.000000 0.000000 0.000000 0.000000 0.000000 0.000000 0.000000 0.000000 0.000000 0.000000 0.000000 0.000000 0.000000 0.000000 0.000000 0.000000 0.000000 0.000000 0.000000 0.000000 0.000000 0.000000 0.000000 0.000000 0.000000 0.000000 0.000000 0.000000 0.000000 0.000000 0.000000 0.000000 0.000000 0.000000 0.000000 0.000000 0.000000 0.000000 0.000000 0.000000 0.000000 0.000000 0.000000 0.000000 0.000000 0.000000 0.000000 0.000000 0.000000 0.000000 0.000000 0.000000 0.000000 0.000000 0.000000 0.000000 0.000000 0.000000 0.000000 0.000000 0.000000 0.000000 0.000000 0.000000 0.000000 0.000000 0.000000 0.000000 0.000000 0.000000 0.000000 0.000000 0.000000 0.000000 0.000000 0.000000 0.000000 0.000000 0.000000 0.000000 0.000000 0.000000 0.000000 0.000000 0.000000 0.000000 0.000000 0.000000 0.000000 0.000000 0.000000 0.000000 0.000000 0.000000 0.000000 0.000000 0.000000 0.000000 0.000000 0.000000 0.000000 0.000000 0.000000 0.000000 0.000000 0.000000 0.000000 0.000000 0.000000 0.000000 0.000000 0.000000 0.000000 0.000000 0.000000 0.000000 0.000000 0.000000 0.000000 0.000000 0.000000 0.000000 0.000000 0.000000 0.000000 0.000000 0.000000 0.000000 0.000000 0.000000 0.000000 0.000000 0.000000 0.000000 0.000000 0.000000 0.000000 0.000000 0.000000 0.000000 0.000000 0.000000 0.000000 0.000000 0.000000 0.000000 0.000000 0.000000 0.000000 0.000000 0.000000 0.000000 0.000000 0.000000 0.000000 0.000000 0.000000 0.000000 0.000000 0.000000 0.000000 0.000000 0.000000 0.000000 0.000000 0.000000 0.000000 0.000000 0.000000 0.000000 0.000000 0.000000 0.000000 0.000000 0.000000 0.000000 0.000000 0.000000 0.000000 0.000000 0.000000 0.000000 0.000000 0.000000 0.000000 0.000000 0.000000 0.000000 0.000000 0.000000 0.000000 0.000000 0.000000 0.000000 0.000000 0.000000 0.000000 0.000000 0.000000 0.000000 0.000000 0.000000 0.000000 0.000000 0.000000 0.000000 0.000000 0.000000 0.000000 0.000000 0.000000 0.000000 0.000000 0.000000 0.000000 0.000000 0.000000 0.000000 0.000000 0.000000 0.000000 0.000000 0.000000 0.000000 0.000000 0.000000 0.000000 0.000000 0.000000 0.000000 0.000000 0.000000 0.000000 0.000000 0.000000 0.000000 0.000000 0.000000 0.000000 0.000000 0.000000 0.000000 0.000000 0.000000 0.000000 0.000000 0.000000 0.000000 0.000000 0.000000 0.000000 0.000000 0.000000 0.000000 0.000000 0.000000 0.000000 0.000000 0.000000 0.000000 0.000000 0.000000 0.000000 0.000000 0.000000 0.000000 0.000000 0.000000 0.000000 0.000000 0.000000 0.000000 0.000000 0.000000 0.000000 0.000000 0.000000 0.000000 0.000000 0.000000 0.000000 0.000000 0.000000 0.000000 0.000000 0.000000 0.000000 0.000000 0.000000 0.000000 0.000000 0.000000 0.000000 0.000000 0.000000 0.000000 0.000000 0.000000 0.000000 0.000000 0.000000 0.000000 0.000000 0.000000 0.000000 0.000000 0.000000 0.000000 0.000000 0.000000 0.000000 0.000000 0.000000 0.000000 0.000000 0.000000 0.000000 0.000000 