Reynolds number List -  Side 
4 
      500000.0 
     1000000.0 
     5000000.0 
    10000000.0 
Angle of Attack List -  Downwards 
181 
-5.00 
 -4.75 
 -4.50 
 -4.25 
 -4.00 
 -3.75 
 -3.50 
 -3.25 
 -3.00 
 -2.75 
 -2.50 
 -2.25 
 -2.00 
 -1.75 
 -1.50 
 -1.25 
 -1.00 
 -0.75 
 -0.50 
 -0.25 
 0.00 
 0.25 
 0.50 
 0.75 
 1.00 
 1.25 
 1.50 
 1.75 
 2.00 
 2.25 
 2.50 
 2.75 
 3.00 
 3.25 
 3.50 
 3.75 
 4.00 
 4.25 
 4.50 
 4.75 
 5.00 
 5.25 
 5.50 
 5.75 
 6.00 
 6.25 
 6.50 
 6.75 
 7.00 
 7.25 
 7.50 
 7.75 
 8.00 
 8.25 
 8.50 
 8.75 
 9.00 
 9.25 
 9.50 
 9.75 
 10.00 
 10.25 
 10.50 
 10.75 
 11.00 
 11.25 
 11.50 
 11.75 
 12.00 
 12.25 
 12.50 
 12.75 
 13.00 
 13.25 
 13.50 
 13.75 
 14.00 
 14.25 
 14.50 
 14.75 
 15.00 
 15.25 
 15.50 
 15.75 
 16.00 
 16.25 
 16.50 
 16.75 
 17.00 
 17.25 
 17.50 
 17.75 
 18.00 
 18.25 
 18.50 
 18.75 
 19.00 
 19.25 
 19.50 
 19.75 
 20.00 
 20.25 
 20.50 
 20.75 
 21.00 
 21.25 
 21.50 
 21.75 
 22.00 
 22.25 
 22.50 
 22.75 
 23.00 
 23.25 
 23.50 
 23.75 
 24.00 
 24.25 
 24.50 
 24.75 
 25.00 
 25.25 
 25.50 
 25.75 
 26.00 
 26.25 
 26.50 
 26.75 
 27.00 
 27.25 
 27.50 
 27.75 
 28.00 
 28.25 
 28.50 
 28.75 
 29.00 
 29.25 
 29.50 
 29.75 
 30.00 
 30.25 
 30.50 
 30.75 
 31.00 
 31.25 
 31.50 
 31.75 
 32.00 
 32.25 
 32.50 
 32.75 
 33.00 
 33.25 
 33.50 
 33.75 
 34.00 
 34.25 
 34.50 
 34.75 
 35.00 
 35.25 
 35.50 
 35.75 
 36.00 
 36.25 
 36.50 
 36.75 
 37.00 
 37.25 
 37.50 
 37.75 
 38.00 
 38.25 
 38.50 
 38.75 
 39.00 
 39.25 
 39.50 
 39.75 
 40.00 
  Pressure BL Thick 
 Pressure Disp Thick 
Pressure Cf  
Suction BL Thick  
Suction Disp Thick  
Cf Suction  
0.009951 0.006731 0.003779 0.003458 0.009951 0.006731 0.003779 0.003458 0.009951 0.006731 0.003779 0.003458 0.009951 0.006731 0.003779 0.003458 0.009951 0.006731 0.003779 0.003458 0.009951 0.006731 0.003779 0.003458 0.009951 0.006731 0.003779 0.003458 0.009951 0.006731 0.003779 0.003458 0.009951 0.006731 0.003779 0.003458 0.009951 0.006731 0.003779 0.003458 0.009951 0.006731 0.003779 0.003458 0.009951 0.006731 0.003779 0.003458 0.009951 0.006731 0.003779 0.003458 0.009951 0.006731 0.003779 0.003458 0.009951 0.006731 0.003779 0.003458 0.009951 0.006731 0.003779 0.003458 0.009951 0.006731 0.003779 0.003458 0.009951 0.006731 0.003779 0.003458 0.009951 0.006731 0.003779 0.003458 0.009951 0.006731 0.003779 0.003458 0.009951 0.006731 0.003779 0.003458 0.009467 0.006509 0.003697 0.003384 0.009032 0.006299 0.003616 0.003313 0.008637 0.006101 0.003537 0.003244 0.008275 0.005912 0.003461 0.003168 0.007941 0.005732 0.003387 0.003103 0.007631 0.005561 0.003315 0.003038 0.007343 0.005397 0.003245 0.002972 0.007072 0.005242 0.003177 0.002912 0.006819 0.005092 0.003110 0.002852 0.006580 0.004949 0.003046 0.002795 0.006354 0.004811 0.002983 0.002730 0.006141 0.004680 0.002913 0.002675 0.005938 0.004553 0.002853 0.002622 0.005745 0.004430 0.002795 0.002569 0.005562 0.004313 0.002738 0.002517 0.005387 0.004199 0.002677 0.002463 0.005220 0.004090 0.002623 0.002414 0.005059 0.003984 0.002570 0.002366 0.004906 0.003881 0.002510 0.002313 0.004758 0.003782 0.002459 0.002267 0.004616 0.003686 0.002410 0.002222 0.004479 0.003593 0.002361 0.002174 0.004347 0.003502 0.002309 0.002131 0.004217 0.003415 0.002263 0.002085 0.004090 0.003330 0.002218 0.002040 0.003966 0.003247 0.002169 0.001988 0.003848 0.003167 0.002117 0.001942 0.003736 0.003089 0.002070 0.001899 0.003627 0.003012 0.002024 0.001854 0.003523 0.002936 0.001978 0.001814 0.003423 0.002857 0.001933 0.001770 0.003326 0.002770 0.001886 0.001723 0.003234 0.002686 0.001834 0.001684 0.003143 0.002613 0.001790 0.001643 0.003056 0.002538 0.001732 0.001605 0.002966 0.002470 0.001690 0.001562 0.002870 0.002400 0.001648 0.001517 0.002789 0.002321 0.001593 0.001467 0.002713 0.002240 0.001551 0.001402 0.002633 0.002177 0.001509 0.001358 0.002557 0.002105 0.001465 0.001264 0.002475 0.002053 0.001423 0.001228 0.002406 0.001998 0.001381 0.001174 0.002337 0.001929 0.001331 0.001148 0.002274 0.001871 0.001299 0.001107 0.002207 0.001819 0.001256 0.001086 0.002152 0.001767 0.001216 0.001049 0.002085 0.001727 0.001190 0.001023 0.002027 0.001684 0.001154 0.000997 0.001976 0.001636 0.001100 0.000968 0.001919 0.001589 0.001067 0.000932 0.001874 0.001551 0.001053 0.000902 0.001822 0.001515 0.001017 0.000883 0.001767 0.001473 0.000991 0.000855 0.001724 0.001437 0.000965 0.000839 0.001685 0.001407 0.000945 0.000815 0.001642 0.001380 0.000928 0.000803 0.001616 0.001344 0.000902 0.000783 0.001607 0.001314 0.000886 0.000766 0.001587 0.001295 0.000874 0.000759 0.001583 0.001269 0.000858 0.000740 0.001574 0.001231 0.000834 0.000728 0.001554 0.001195 0.000816 0.000717 0.001524 0.001172 0.000814 0.000696 0.001519 0.001174 0.000786 0.000676 0.001516 0.001138 0.000767 0.000651 0.001505 0.001125 0.000764 0.000663 0.001489 0.001060 0.000741 0.000632 0.001478 0.001041 0.000710 0.000612 0.001473 0.001030 0.000692 0.000588 0.001472 0.000999 0.000665 0.000607 0.001467 0.000992 0.000664 0.000577 0.001458 0.000977 0.000664 0.000558 0.001445 0.000937 0.000650 0.000571 0.001432 0.000914 0.000636 0.000553 0.001424 0.000933 0.000626 0.000532 0.001422 0.000919 0.000641 0.000536 0.001422 0.000911 0.000620 0.000527 0.001417 0.000880 0.000585 0.000543 0.001404 0.000855 0.000573 0.000500 0.001386 0.000833 0.000566 0.000490 0.001375 0.000820 0.000571 0.000478 0.001370 0.000829 0.000570 0.000464 0.001368 0.000816 0.000578 0.000464 0.001367 0.000808 0.000557 0.000468 0.001358 0.000782 0.000541 0.000491 0.001349 0.000752 0.000513 0.000476 0.001343 0.000737 0.000517 0.000459 0.001342 0.000722 0.000507 0.000431 0.001340 0.000732 0.000488 0.000429 0.001331 0.000731 0.000501 0.000420 0.001324 0.000713 0.000494 0.000411 0.001325 0.000685 0.000487 0.000422 0.001321 0.000677 0.000484 0.000432 0.001313 0.000669 0.000461 0.000426 0.001309 0.000670 0.000445 0.000407 0.001306 0.000666 0.000436 0.000397 0.001302 0.000653 0.000431 0.000393 0.001302 0.000642 0.000441 0.000391 0.001302 0.000625 0.000450 0.000387 0.001302 0.000624 0.000412 0.000408 0.001302 0.000628 0.000403 0.000407 0.001302 0.000607 0.000411 0.000384 0.001302 0.000583 0.000406 0.000378 0.001302 0.000574 0.000403 0.000375 0.001302 0.000583 0.000409 0.000374 0.001302 0.000576 0.000392 0.000384 0.001302 0.000557 0.000376 0.000378 0.001302 0.000549 0.000374 0.000360 0.001302 0.000549 0.000359 0.000357 0.001302 0.000549 0.000368 0.000354 0.001302 0.000549 0.000394 0.000353 0.001302 0.000549 0.000374 0.000353 0.001302 0.000549 0.000367 0.000353 0.001302 0.000549 0.000367 0.000353 0.001302 0.000549 0.000367 0.000353 0.001302 0.000549 0.000367 0.000353 0.001302 0.000549 0.000367 0.000353 0.001302 0.000549 0.000367 0.000353 0.001302 0.000549 0.000367 0.000353 0.001302 0.000549 0.000367 0.000353 0.001302 0.000549 0.000367 0.000353 0.001302 0.000549 0.000367 0.000353 0.001302 0.000549 0.000367 0.000353 0.001302 0.000549 0.000367 0.000353 0.001302 0.000549 0.000367 0.000353 0.001302 0.000549 0.000367 0.000353 0.001302 0.000549 0.000367 0.000353 0.001302 0.000549 0.000367 0.000353 0.001302 0.000549 0.000367 0.000353 0.001302 0.000549 0.000367 0.000353 0.001302 0.000549 0.000367 0.000353 0.001302 0.000549 0.000367 0.000353 0.001302 0.000549 0.000367 0.000353 0.001302 0.000549 0.000367 0.000353 0.001302 0.000549 0.000367 0.000353 0.001302 0.000549 0.000367 0.000353 0.001302 0.000549 0.000367 0.000353 0.001302 0.000549 0.000367 0.000353 0.001302 0.000549 0.000367 0.000353 0.001302 0.000549 0.000367 0.000353 0.001302 0.000549 0.000367 0.000353 0.001302 0.000549 0.000367 0.000353 0.001302 0.000549 0.000367 0.000353 0.001302 0.000549 0.000367 0.000353 0.001302 0.000549 0.000367 0.000353 0.001302 0.000549 0.000367 0.000353 0.001302 0.000549 0.000367 0.000353 0.001302 0.000549 0.000367 0.000353 0.001302 0.000549 0.000367 0.000353 0.001302 0.000549 0.000367 0.000353 0.001302 0.000549 0.000367 0.000353 0.001302 0.000549 0.000367 0.000353 0.001302 0.000549 0.000367 0.000353 0.001302 0.000549 0.000367 0.000353 0.001302 0.000549 0.000367 0.000353 0.001302 0.000549 0.000367 0.000353 0.001302 0.000549 0.000367 0.000353 0.001302 0.000549 0.000367 0.000353 0.001302 0.000549 0.000367 0.000353  
0.009951 0.006731 0.003779 0.003458 0.009951 0.006731 0.003779 0.003458 0.009951 0.006731 0.003779 0.003458 0.009951 0.006731 0.003779 0.003458 0.009951 0.006731 0.003779 0.003458 0.009951 0.006731 0.003779 0.003458 0.009951 0.006731 0.003779 0.003458 0.009951 0.006731 0.003779 0.003458 0.009951 0.006731 0.003779 0.003458 0.009951 0.006731 0.003779 0.003458 0.009951 0.006731 0.003779 0.003458 0.009951 0.006731 0.003779 0.003458 0.009951 0.006731 0.003779 0.003458 0.009951 0.006731 0.003779 0.003458 0.009951 0.006731 0.003779 0.003458 0.009951 0.006731 0.003779 0.003458 0.009951 0.006731 0.003779 0.003458 0.009951 0.006731 0.003779 0.003458 0.009951 0.006731 0.003779 0.003458 0.009951 0.006731 0.003779 0.003458 0.009951 0.006731 0.003779 0.003458 0.009467 0.006509 0.003697 0.003384 0.009032 0.006299 0.003616 0.003313 0.008637 0.006101 0.003537 0.003244 0.008275 0.005912 0.003461 0.003168 0.007941 0.005732 0.003387 0.003103 0.007631 0.005561 0.003315 0.003038 0.007343 0.005397 0.003245 0.002972 0.007072 0.005242 0.003177 0.002912 0.006819 0.005092 0.003110 0.002852 0.006580 0.004949 0.003046 0.002795 0.006354 0.004811 0.002983 0.002730 0.006141 0.004680 0.002913 0.002675 0.005938 0.004553 0.002853 0.002622 0.005745 0.004430 0.002795 0.002569 0.005562 0.004313 0.002738 0.002517 0.005387 0.004199 0.002677 0.002463 0.005220 0.004090 0.002623 0.002414 0.005059 0.003984 0.002570 0.002366 0.004906 0.003881 0.002510 0.002313 0.004758 0.003782 0.002459 0.002267 0.004616 0.003686 0.002410 0.002222 0.004479 0.003593 0.002361 0.002174 0.004347 0.003502 0.002309 0.002131 0.004217 0.003415 0.002263 0.002085 0.004090 0.003330 0.002218 0.002040 0.003966 0.003247 0.002169 0.001988 0.003848 0.003167 0.002117 0.001942 0.003736 0.003089 0.002070 0.001899 0.003627 0.003012 0.002024 0.001854 0.003523 0.002936 0.001978 0.001814 0.003423 0.002857 0.001933 0.001770 0.003326 0.002770 0.001886 0.001723 0.003234 0.002686 0.001834 0.001684 0.003143 0.002613 0.001790 0.001643 0.003056 0.002538 0.001732 0.001605 0.002966 0.002470 0.001690 0.001562 0.002870 0.002400 0.001648 0.001517 0.002789 0.002321 0.001593 0.001467 0.002713 0.002240 0.001551 0.001402 0.002633 0.002177 0.001509 0.001358 0.002557 0.002105 0.001465 0.001264 0.002475 0.002053 0.001423 0.001228 0.002406 0.001998 0.001381 0.001174 0.002337 0.001929 0.001331 0.001148 0.002274 0.001871 0.001299 0.001107 0.002207 0.001819 0.001256 0.001086 0.002152 0.001767 0.001216 0.001049 0.002085 0.001727 0.001190 0.001023 0.002027 0.001684 0.001154 0.000997 0.001976 0.001636 0.001100 0.000968 0.001919 0.001589 0.001067 0.000932 0.001874 0.001551 0.001053 0.000902 0.001822 0.001515 0.001017 0.000883 0.001767 0.001473 0.000991 0.000855 0.001724 0.001437 0.000965 0.000839 0.001685 0.001407 0.000945 0.000815 0.001642 0.001380 0.000928 0.000803 0.001616 0.001344 0.000902 0.000783 0.001607 0.001314 0.000886 0.000766 0.001587 0.001295 0.000874 0.000759 0.001583 0.001269 0.000858 0.000740 0.001574 0.001231 0.000834 0.000728 0.001554 0.001195 0.000816 0.000717 0.001524 0.001172 0.000814 0.000696 0.001519 0.001174 0.000786 0.000676 0.001516 0.001138 0.000767 0.000651 0.001505 0.001125 0.000764 0.000663 0.001489 0.001060 0.000741 0.000632 0.001478 0.001041 0.000710 0.000612 0.001473 0.001030 0.000692 0.000588 0.001472 0.000999 0.000665 0.000607 0.001467 0.000992 0.000664 0.000577 0.001458 0.000977 0.000664 0.000558 0.001445 0.000937 0.000650 0.000571 0.001432 0.000914 0.000636 0.000553 0.001424 0.000933 0.000626 0.000532 0.001422 0.000919 0.000641 0.000536 0.001422 0.000911 0.000620 0.000527 0.001417 0.000880 0.000585 0.000543 0.001404 0.000855 0.000573 0.000500 0.001386 0.000833 0.000566 0.000490 0.001375 0.000820 0.000571 0.000478 0.001370 0.000829 0.000570 0.000464 0.001368 0.000816 0.000578 0.000464 0.001367 0.000808 0.000557 0.000468 0.001358 0.000782 0.000541 0.000491 0.001349 0.000752 0.000513 0.000476 0.001343 0.000737 0.000517 0.000459 0.001342 0.000722 0.000507 0.000431 0.001340 0.000732 0.000488 0.000429 0.001331 0.000731 0.000501 0.000420 0.001324 0.000713 0.000494 0.000411 0.001325 0.000685 0.000487 0.000422 0.001321 0.000677 0.000484 0.000432 0.001313 0.000669 0.000461 0.000426 0.001309 0.000670 0.000445 0.000407 0.001306 0.000666 0.000436 0.000397 0.001302 0.000653 0.000431 0.000393 0.001302 0.000642 0.000441 0.000391 0.001302 0.000625 0.000450 0.000387 0.001302 0.000624 0.000412 0.000408 0.001302 0.000628 0.000403 0.000407 0.001302 0.000607 0.000411 0.000384 0.001302 0.000583 0.000406 0.000378 0.001302 0.000574 0.000403 0.000375 0.001302 0.000583 0.000409 0.000374 0.001302 0.000576 0.000392 0.000384 0.001302 0.000557 0.000376 0.000378 0.001302 0.000549 0.000374 0.000360 0.001302 0.000549 0.000359 0.000357 0.001302 0.000549 0.000368 0.000354 0.001302 0.000549 0.000394 0.000353 0.001302 0.000549 0.000374 0.000353 0.001302 0.000549 0.000367 0.000353 0.001302 0.000549 0.000367 0.000353 0.001302 0.000549 0.000367 0.000353 0.001302 0.000549 0.000367 0.000353 0.001302 0.000549 0.000367 0.000353 0.001302 0.000549 0.000367 0.000353 0.001302 0.000549 0.000367 0.000353 0.001302 0.000549 0.000367 0.000353 0.001302 0.000549 0.000367 0.000353 0.001302 0.000549 0.000367 0.000353 0.001302 0.000549 0.000367 0.000353 0.001302 0.000549 0.000367 0.000353 0.001302 0.000549 0.000367 0.000353 0.001302 0.000549 0.000367 0.000353 0.001302 0.000549 0.000367 0.000353 0.001302 0.000549 0.000367 0.000353 0.001302 0.000549 0.000367 0.000353 0.001302 0.000549 0.000367 0.000353 0.001302 0.000549 0.000367 0.000353 0.001302 0.000549 0.000367 0.000353 0.001302 0.000549 0.000367 0.000353 0.001302 0.000549 0.000367 0.000353 0.001302 0.000549 0.000367 0.000353 0.001302 0.000549 0.000367 0.000353 0.001302 0.000549 0.000367 0.000353 0.001302 0.000549 0.000367 0.000353 0.001302 0.000549 0.000367 0.000353 0.001302 0.000549 0.000367 0.000353 0.001302 0.000549 0.000367 0.000353 0.001302 0.000549 0.000367 0.000353 0.001302 0.000549 0.000367 0.000353 0.001302 0.000549 0.000367 0.000353 0.001302 0.000549 0.000367 0.000353 0.001302 0.000549 0.000367 0.000353 0.001302 0.000549 0.000367 0.000353 0.001302 0.000549 0.000367 0.000353 0.001302 0.000549 0.000367 0.000353 0.001302 0.000549 0.000367 0.000353 0.001302 0.000549 0.000367 0.000353 0.001302 0.000549 0.000367 0.000353 0.001302 0.000549 0.000367 0.000353 0.001302 0.000549 0.000367 0.000353 0.001302 0.000549 0.000367 0.000353 0.001302 0.000549 0.000367 0.000353 0.001302 0.000549 0.000367 0.000353 0.001302 0.000549 0.000367 0.000353 0.001302 0.000549 0.000367 0.000353  
0.000000 0.000000 0.000000 0.000000 0.000000 0.000000 0.000000 0.000000 0.000000 0.000000 0.000000 0.000000 0.000000 0.000000 0.000000 0.000000 0.000000 0.000000 0.000000 0.000000 0.000000 0.000000 0.000000 0.000000 0.000000 0.000000 0.000000 0.000000 0.000000 0.000000 0.000000 0.000000 0.000000 0.000000 0.000000 0.000000 0.000000 0.000000 0.000000 0.000000 0.000000 0.000000 0.000000 0.000000 0.000000 0.000000 0.000000 0.000000 0.000000 0.000000 0.000000 0.000000 0.000000 0.000000 0.000000 0.000000 0.000000 0.000000 0.000000 0.000000 0.000000 0.000000 0.000000 0.000000 0.000000 0.000000 0.000000 0.000000 0.000000 0.000000 0.000000 0.000000 0.000000 0.000000 0.000000 0.000000 0.000000 0.000000 0.000000 0.000000 0.000000 0.000000 0.000000 0.000000 0.000000 0.000000 0.000000 0.000000 0.000000 0.000000 0.000000 0.000000 0.000000 0.000000 0.000000 0.000000 0.000000 0.000000 0.000000 0.000000 0.000000 0.000000 0.000000 0.000000 0.000000 0.000000 0.000000 0.000000 0.000000 0.000000 0.000000 0.000000 0.000000 0.000000 0.000000 0.000000 0.000000 0.000000 0.000000 0.000000 0.000000 0.000000 0.000000 0.000000 0.000000 0.000000 0.000000 0.000000 0.000000 0.000000 0.000000 0.000000 0.000000 0.000000 0.000000 0.000000 0.000000 0.000000 0.000000 0.000000 0.000000 0.000000 0.000000 0.000000 0.000000 0.000000 0.000000 0.000000 0.000000 0.000000 0.000000 0.000000 0.000000 0.000000 0.000000 0.000000 0.000000 0.000000 0.000000 0.000000 0.000000 0.000000 0.000000 0.000000 0.000000 0.000000 0.000000 0.000000 0.000000 0.000000 0.000000 0.000000 0.000000 0.000000 0.000000 0.000000 0.000000 0.000000 0.000000 0.000000 0.000000 0.000000 0.000000 0.000000 0.000000 0.000000 0.000000 0.000000 0.000000 0.000000 0.000000 0.000000 0.000000 0.000000 0.000000 0.000000 0.000000 0.000000 0.000000 0.000000 0.000000 0.000000 0.000000 0.000000 0.000000 0.000000 0.000000 0.000000 0.000000 0.000000 0.000000 0.000000 0.000000 0.000000 0.000000 0.000000 0.000000 0.000000 0.000000 0.000000 0.000000 0.000000 0.000000 0.000000 0.000000 0.000000 0.000000 0.000000 0.000000 0.000000 0.000000 0.000000 0.000000 0.000000 0.000000 0.000000 0.000000 0.000000 0.000000 0.000000 0.000000 0.000000 0.000000 0.000000 0.000000 0.000000 0.000000 0.000000 0.000000 0.000000 0.000000 0.000000 0.000000 0.000000 0.000000 0.000000 0.000000 0.000000 0.000000 0.000000 0.000000 0.000000 0.000000 0.000000 0.000000 0.000000 0.000000 0.000000 0.000000 0.000000 0.000000 0.000000 0.000000 0.000000 0.000000 0.000000 0.000000 0.000000 0.000000 0.000000 0.000000 0.000000 0.000000 0.000000 0.000000 0.000000 0.000000 0.000000 0.000000 0.000000 0.000000 0.000000 0.000000 0.000000 0.000000 0.000000 0.000000 0.000000 0.000000 0.000000 0.000000 0.000000 0.000000 0.000000 0.000000 0.000000 0.000000 0.000000 0.000000 0.000000 0.000000 0.000000 0.000000 0.000000 0.000000 0.000000 0.000000 0.000000 0.000000 0.000000 0.000000 0.000000 0.000000 0.000000 0.000000 0.000000 0.000000 0.000000 0.000000 0.000000 0.000000 0.000000 0.000000 0.000000 0.000000 0.000000 0.000000 0.000000 0.000000 0.000000 0.000000 0.000000 0.000000 0.000000 0.000000 0.000000 0.000000 0.000000 0.000000 0.000000 0.000000 0.000000 0.000000 0.000000 0.000000 0.000000 0.000000 0.000000 0.000000 0.000000 0.000000 0.000000 0.000000 0.000000 0.000000 0.000000 0.000000 0.000000 0.000000 0.000000 0.000000 0.000000 0.000000 0.000000 0.000000 0.000000 0.000000 0.000000 0.000000 0.000000 0.000000 0.000000 0.000000 0.000000 0.000000 0.000000 0.000000 0.000000 0.000000 0.000000 0.000000 0.000000 0.000000 0.000000 0.000000 0.000000 0.000000 0.000000 0.000000 0.000000 0.000000 0.000000 0.000000 0.000000 0.000000 0.000000 0.000000 0.000000 0.000000 0.000000 0.000000 0.000000 0.000000 0.000000 0.000000 0.000000 0.000000 0.000000 0.000000 0.000000 0.000000 0.000000 0.000000 0.000000 0.000000 0.000000 0.000000 0.000000 0.000000 0.000000 0.000000 0.000000 0.000000 0.000000 0.000000 0.000000 0.000000 0.000000 0.000000 0.000000 0.000000 0.000000 0.000000 0.000000 0.000000 0.000000 0.000000 0.000000 0.000000 0.000000 0.000000 0.000000 0.000000 0.000000 0.000000 0.000000 0.000000 0.000000 0.000000 0.000000 0.000000 0.000000 0.000000 0.000000 0.000000 0.000000 0.000000 0.000000 0.000000 0.000000 0.000000 0.000000 0.000000 0.000000 0.000000 0.000000 0.000000 0.000000 0.000000 0.000000 0.000000 0.000000 0.000000 0.000000 0.000000 0.000000 0.000000 0.000000 0.000000 0.000000 0.000000 0.000000 0.000000 0.000000 0.000000 0.000000 0.000000 0.000000 0.000000 0.000000 0.000000 0.000000 0.000000 0.000000 0.000000 0.000000 0.000000 0.000000 0.000000 0.000000 0.000000 0.000000 0.000000 0.000000 0.000000 0.000000 0.000000 0.000000 0.000000 0.000000 0.000000 0.000000 0.000000 0.000000 0.000000 0.000000 0.000000 0.000000 0.000000 0.000000 0.000000 0.000000 0.000000 0.000000 0.000000 0.000000 0.000000 0.000000 0.000000 0.000000 0.000000 0.000000 0.000000 0.000000 0.000000 0.000000 0.000000 0.000000 0.000000 0.000000 0.000000 0.000000 0.000000 0.000000 0.000000 0.000000 0.000000 0.000000 0.000000 0.000000 0.000000 0.000000 0.000000 0.000000 0.000000 0.000000 0.000000 0.000000 0.000000 0.000000 0.000000 0.000000 0.000000 0.000000 0.000000 0.000000 0.000000 0.000000 0.000000 0.000000 0.000000 0.000000 0.000000 0.000000 0.000000 0.000000 0.000000 0.000000 0.000000 0.000000 0.000000 0.000000 0.000000 0.000000 0.000000 0.000000 0.000000 0.000000 0.000000 0.000000 0.000000 0.000000 0.000000 0.000000 0.000000 0.000000 0.000000 0.000000 0.000000 0.000000 0.000000 0.000000 0.000000 0.000000 0.000000 0.000000 0.000000 0.000000 0.000000 0.000000 0.000000 0.000000 0.000000 0.000000 0.000000 0.000000 0.000000 0.000000 0.000000 0.000000 0.000000 0.000000 0.000000 0.000000 0.000000 0.000000 0.000000 0.000000 0.000000 0.000000 0.000000 0.000000 0.000000 0.000000 0.000000 0.000000 0.000000 0.000000 0.000000 0.000000 0.000000 0.000000 0.000000 0.000000 0.000000 0.000000 0.000000 0.000000 0.000000 0.000000 0.000000 0.000000 0.000000 0.000000 0.000000 0.000000 0.000000 0.000000 0.000000 0.000000 0.000000 0.000000 0.000000 0.000000 0.000000 0.000000 0.000000 0.000000 0.000000 0.000000 0.000000 0.000000 0.000000 0.000000 0.000000 0.000000 0.000000 0.000000 0.000000 0.000000 0.000000 0.000000 0.000000 0.000000 0.000000 0.000000 0.000000 0.000000 0.000000 0.000000 0.000000 0.000000 0.000000 0.000000 0.000000 0.000000 0.000000 0.000000 0.000000 0.000000 0.000000 0.000000 0.000000 0.000000 0.000000 0.000000 0.000000 0.000000 0.000000 0.000000 0.000000 0.000000 0.000000 0.000000  
0.000000 0.000000 0.000000 0.000000 0.000000 0.000000 0.000000 0.000000 0.000000 0.000000 0.000000 0.000000 0.000000 0.000000 0.000000 0.000000 0.000000 0.000000 0.000000 0.000000 0.000000 0.000000 0.000000 0.000000 0.000000 0.000000 0.000000 0.000000 0.000000 0.000000 0.000000 0.000000 0.000000 0.000000 0.000000 0.000000 0.000000 0.000000 0.000000 0.000000 0.000000 0.000000 0.000000 0.000000 0.000000 0.000000 0.000000 0.000000 0.000000 0.000000 0.000000 0.000000 0.000000 0.000000 0.000000 0.000000 0.000000 0.000000 0.000000 0.000000 0.000000 0.000000 0.000000 0.000000 0.000000 0.000000 0.000000 0.000000 0.000000 0.000000 0.000000 0.000000 0.000000 0.000000 0.000000 0.000000 0.000000 0.000000 0.000000 0.000000 0.000000 0.000000 0.000000 0.000000 0.000000 0.000000 0.000000 0.000000 0.000000 0.000000 0.000000 0.000000 0.000000 0.000000 0.000000 0.000000 0.000000 0.000000 0.000000 0.000000 0.000000 0.000000 0.000000 0.000000 0.000000 0.000000 0.000000 0.000000 0.000000 0.000000 0.000000 0.000000 0.000000 0.000000 0.000000 0.000000 0.000000 0.000000 0.000000 0.000000 0.000000 0.000000 0.000000 0.000000 0.000000 0.000000 0.000000 0.000000 0.000000 0.000000 0.000000 0.000000 0.000000 0.000000 0.000000 0.000000 0.000000 0.000000 0.000000 0.000000 0.000000 0.000000 0.000000 0.000000 0.000000 0.000000 0.000000 0.000000 0.000000 0.000000 0.000000 0.000000 0.000000 0.000000 0.000000 0.000000 0.000000 0.000000 0.000000 0.000000 0.000000 0.000000 0.000000 0.000000 0.000000 0.000000 0.000000 0.000000 0.000000 0.000000 0.000000 0.000000 0.000000 0.000000 0.000000 0.000000 0.000000 0.000000 0.000000 0.000000 0.000000 0.000000 0.000000 0.000000 0.000000 0.000000 0.000000 0.000000 0.000000 0.000000 0.000000 0.000000 0.000000 0.000000 0.000000 0.000000 0.000000 0.000000 0.000000 0.000000 0.000000 0.000000 0.000000 0.000000 0.000000 0.000000 0.000000 0.000000 0.000000 0.000000 0.000000 0.000000 0.000000 0.000000 0.000000 0.000000 0.000000 0.000000 0.000000 0.000000 0.000000 0.000000 0.000000 0.000000 0.000000 0.000000 0.000000 0.000000 0.000000 0.000000 0.000000 0.000000 0.000000 0.000000 0.000000 0.000000 0.000000 0.000000 0.000000 0.000000 0.000000 0.000000 0.000000 0.000000 0.000000 0.000000 0.000000 0.000000 0.000000 0.000000 0.000000 0.000000 0.000000 0.000000 0.000000 0.000000 0.000000 0.000000 0.000000 0.000000 0.000000 0.000000 0.000000 0.000000 0.000000 0.000000 0.000000 0.000000 0.000000 0.000000 0.000000 0.000000 0.000000 0.000000 0.000000 0.000000 0.000000 0.000000 0.000000 0.000000 0.000000 0.000000 0.000000 0.000000 0.000000 0.000000 0.000000 0.000000 0.000000 0.000000 0.000000 0.000000 0.000000 0.000000 0.000000 0.000000 0.000000 0.000000 0.000000 0.000000 0.000000 0.000000 0.000000 0.000000 0.000000 0.000000 0.000000 0.000000 0.000000 0.000000 0.000000 0.000000 0.000000 0.000000 0.000000 0.000000 0.000000 0.000000 0.000000 0.000000 0.000000 0.000000 0.000000 0.000000 0.000000 0.000000 0.000000 0.000000 0.000000 0.000000 0.000000 0.000000 0.000000 0.000000 0.000000 0.000000 0.000000 0.000000 0.000000 0.000000 0.000000 0.000000 0.000000 0.000000 0.000000 0.000000 0.000000 0.000000 0.000000 0.000000 0.000000 0.000000 0.000000 0.000000 0.000000 0.000000 0.000000 0.000000 0.000000 0.000000 0.000000 0.000000 0.000000 0.000000 0.000000 0.000000 0.000000 0.000000 0.000000 0.000000 0.000000 0.000000 0.000000 0.000000 0.000000 0.000000 0.000000 0.000000 0.000000 0.000000 0.000000 0.000000 0.000000 0.000000 0.000000 0.000000 0.000000 0.000000 0.000000 0.000000 0.000000 0.000000 0.000000 0.000000 0.000000 0.000000 0.000000 0.000000 0.000000 0.000000 0.000000 0.000000 0.000000 0.000000 0.000000 0.000000 0.000000 0.000000 0.000000 0.000000 0.000000 0.000000 0.000000 0.000000 0.000000 0.000000 0.000000 0.000000 0.000000 0.000000 0.000000 0.000000 0.000000 0.000000 0.000000 0.000000 0.000000 0.000000 0.000000 0.000000 0.000000 0.000000 0.000000 0.000000 0.000000 0.000000 0.000000 0.000000 0.000000 0.000000 0.000000 0.000000 0.000000 0.000000 0.000000 0.000000 0.000000 0.000000 0.000000 0.000000 0.000000 0.000000 0.000000 0.000000 0.000000 0.000000 0.000000 0.000000 0.000000 0.000000 0.000000 0.000000 0.000000 0.000000 0.000000 0.000000 0.000000 0.000000 0.000000 0.000000 0.000000 0.000000 0.000000 0.000000 0.000000 0.000000 0.000000 0.000000 0.000000 0.000000 0.000000 0.000000 0.000000 0.000000 0.000000 0.000000 0.000000 0.000000 0.000000 0.000000 0.000000 0.000000 0.000000 0.000000 0.000000 0.000000 0.000000 0.000000 0.000000 0.000000 0.000000 0.000000 0.000000 0.000000 0.000000 0.000000 0.000000 0.000000 0.000000 0.000000 0.000000 0.000000 0.000000 0.000000 0.000000 0.000000 0.000000 0.000000 0.000000 0.000000 0.000000 0.000000 0.000000 0.000000 0.000000 0.000000 0.000000 0.000000 0.000000 0.000000 0.000000 0.000000 0.000000 0.000000 0.000000 0.000000 0.000000 0.000000 0.000000 0.000000 0.000000 0.000000 0.000000 0.000000 0.000000 0.000000 0.000000 0.000000 0.000000 0.000000 0.000000 0.000000 0.000000 0.000000 0.000000 0.000000 0.000000 0.000000 0.000000 0.000000 0.000000 0.000000 0.000000 0.000000 0.000000 0.000000 0.000000 0.000000 0.000000 0.000000 0.000000 0.000000 0.000000 0.000000 0.000000 0.000000 0.000000 0.000000 0.000000 0.000000 0.000000 0.000000 0.000000 0.000000 0.000000 0.000000 0.000000 0.000000 0.000000 0.000000 0.000000 0.000000 0.000000 0.000000 0.000000 0.000000 0.000000 0.000000 0.000000 0.000000 0.000000 0.000000 0.000000 0.000000 0.000000 0.000000 0.000000 0.000000 0.000000 0.000000 0.000000 0.000000 0.000000 0.000000 0.000000 0.000000 0.000000 0.000000 0.000000 0.000000 0.000000 0.000000 0.000000 0.000000 0.000000 0.000000 0.000000 0.000000 0.000000 0.000000 0.000000 0.000000 0.000000 0.000000 0.000000 0.000000 0.000000 0.000000 0.000000 0.000000 0.000000 0.000000 0.000000 0.000000 0.000000 0.000000 0.000000 0.000000 0.000000 0.000000 0.000000 0.000000 0.000000 0.000000 0.000000 0.000000 0.000000 0.000000 0.000000 0.000000 0.000000 0.000000 0.000000 0.000000 0.000000 0.000000 0.000000 0.000000 0.000000 0.000000 0.000000 0.000000 0.000000 0.000000 0.000000 0.000000 0.000000 0.000000 0.000000 0.000000 0.000000 0.000000 0.000000 0.000000 0.000000 0.000000 0.000000 0.000000 0.000000 0.000000 0.000000 0.000000 0.000000 0.000000 0.000000 0.000000 0.000000 0.000000 0.000000 0.000000 0.000000 0.000000 0.000000 0.000000 0.000000 0.000000 0.000000 0.000000 0.000000 0.000000 0.000000 0.000000 0.000000 0.000000 0.000000 0.000000 0.000000 0.000000 0.000000 0.000000 0.000000 0.000000 0.000000 0.000000  
0.016073 0.012324 0.007476 0.006308 0.016073 0.012324 0.007476 0.006308 0.016073 0.012324 0.007476 0.006308 0.016073 0.012324 0.007476 0.006308 0.016073 0.012324 0.007476 0.006308 0.016073 0.012324 0.007476 0.006308 0.016073 0.012324 0.007476 0.006308 0.016073 0.012324 0.007476 0.006308 0.016073 0.012324 0.007476 0.006308 0.016073 0.012324 0.007476 0.006308 0.016073 0.012324 0.007476 0.006308 0.016073 0.012324 0.007476 0.006308 0.016073 0.012324 0.007476 0.006308 0.016073 0.012324 0.007476 0.006308 0.016073 0.012324 0.007476 0.006308 0.016073 0.012324 0.007476 0.006308 0.016073 0.012324 0.007476 0.006308 0.016073 0.012324 0.007476 0.006308 0.016073 0.012324 0.007476 0.006308 0.016073 0.012324 0.007476 0.006308 0.016073 0.012324 0.007476 0.006308 0.016286 0.012501 0.007578 0.006392 0.016509 0.012682 0.007682 0.006476 0.016744 0.012868 0.007788 0.006562 0.016990 0.013059 0.007897 0.006821 0.017247 0.013257 0.008008 0.006913 0.017514 0.013459 0.008121 0.007009 0.017793 0.013669 0.008235 0.007265 0.018083 0.013884 0.008353 0.007366 0.018382 0.014105 0.008472 0.007470 0.018694 0.014333 0.008594 0.007575 0.019019 0.014568 0.008720 0.007890 0.019356 0.014811 0.009085 0.008006 0.019709 0.015061 0.009221 0.008122 0.020077 0.015319 0.009361 0.008243 0.020459 0.015585 0.009503 0.008365 0.020855 0.015860 0.009869 0.008691 0.021271 0.016144 0.010024 0.008823 0.021707 0.016439 0.010181 0.008958 0.022163 0.016744 0.010638 0.009358 0.022641 0.017059 0.010811 0.009506 0.023144 0.017386 0.010989 0.009657 0.023675 0.017725 0.011173 0.010049 0.024239 0.018078 0.011631 0.010214 0.024854 0.018445 0.011831 0.010638 0.025535 0.018828 0.012035 0.011082 0.026256 0.019227 0.012549 0.011879 0.027040 0.019644 0.013163 0.012663 0.027873 0.020080 0.013737 0.013197 0.028719 0.020538 0.014348 0.014063 0.029684 0.021166 0.014998 0.014669 0.030652 0.022018 0.015692 0.015640 0.031665 0.023178 0.016855 0.016758 0.032850 0.024245 0.018188 0.017531 0.034006 0.025223 0.019109 0.018763 0.035270 0.026478 0.021855 0.019733 0.037070 0.027606 0.022761 0.020857 0.039206 0.029143 0.023852 0.022417 0.041043 0.031585 0.026752 0.025166 0.043050 0.034373 0.029192 0.026170 0.045348 0.036998 0.033048 0.029507 0.048870 0.041120 0.034767 0.031593 0.053359 0.042944 0.038265 0.034812 0.056506 0.046821 0.041982 0.039823 0.060761 0.054101 0.047608 0.043746 0.064651 0.058107 0.052456 0.046675 0.069506 0.065448 0.060290 0.051578 0.075079 0.073762 0.063717 0.055198 0.083646 0.077988 0.070446 0.061328 0.088727 0.083870 0.074910 0.069924 0.098279 0.096166 0.083205 0.071362 0.105300 0.100304 0.088082 0.079496 0.113800 0.104094 0.098885 0.084984 0.124203 0.110885 0.103227 0.091532 0.131141 0.119007 0.111536 0.097756 0.145777 0.127801 0.120391 0.109412 0.158029 0.134662 0.125824 0.115722 0.163407 0.146527 0.140895 0.127172 0.176158 0.154344 0.143450 0.132126 0.184065 0.160682 0.151067 0.136502 0.191652 0.173570 0.162260 0.150289 0.198290 0.182084 0.169562 0.154190 0.203819 0.185389 0.175283 0.162535 0.208998 0.193204 0.184582 0.174590 0.215429 0.201161 0.203616 0.181115 0.221521 0.216193 0.204524 0.191889 0.228123 0.223660 0.207745 0.196686 0.232912 0.232443 0.218723 0.218652 0.237648 0.236210 0.226057 0.217157 0.242369 0.249236 0.241265 0.218293 0.249230 0.258133 0.246171 0.224617 0.255935 0.263218 0.245333 0.248852 0.261324 0.271852 0.255647 0.246807 0.266058 0.281036 0.267843 0.249029 0.270747 0.282126 0.275792 0.265984 0.274432 0.284336 0.278689 0.267516 0.279517 0.301901 0.282540 0.268652 0.286894 0.306925 0.301086 0.281002 0.293965 0.316911 0.301269 0.284305 0.299187 0.318410 0.297534 0.305104 0.303659 0.319669 0.300043 0.296817 0.308026 0.323226 0.304692 0.298246 0.312936 0.328087 0.317739 0.300850 0.318398 0.345122 0.327330 0.304837 0.325173 0.350371 0.344490 0.314156 0.332577 0.358114 0.344919 0.326238 0.338084 0.359870 0.346676 0.348523 0.342232 0.361912 0.344465 0.348707 0.347720 0.365835 0.356758 0.348853 0.354868 0.372272 0.360525 0.344878 0.362514 0.389865 0.365794 0.355286 0.368059 0.399440 0.382682 0.364124 0.373534 0.402066 0.386223 0.366831 0.381908 0.404054 0.391456 0.381686 0.388620 0.412309 0.402567 0.395686 0.394311 0.417813 0.399790 0.399324 0.403172 0.429702 0.398836 0.396448 0.411408 0.438131 0.401431 0.397091 0.416749 0.443369 0.406640 0.400948 0.421749 0.450663 0.424651 0.405100 0.426750 0.453483 0.443790 0.409691 0.431750 0.464016 0.434931 0.432642 0.436750 0.482102 0.437837 0.439453 0.441750 0.485709 0.454909 0.434124 0.446750 0.485992 0.460313 0.436961 0.451750 0.496679 0.468732 0.441461 0.456750 0.510814 0.483488 0.447599 0.461750 0.517625 0.489086 0.469671 0.466749 0.519649 0.492438 0.472965 0.471749 0.524820 0.505543 0.467711 0.476749 0.529820 0.503499 0.471821 0.481749 0.534820 0.519933 0.476251 0.486750 0.539820 0.552277 0.481087 0.491750 0.544820 0.547185 0.486087 0.496750 0.549820 0.548760 0.491087 0.501750 0.554820 0.553760 0.496087 0.506749 0.559820 0.558760 0.501087 0.511750 0.564820 0.563760 0.506087 0.516749 0.569820 0.568761 0.511087 0.521750 0.574820 0.573761 0.516087 0.526749 0.579820 0.578761 0.521087 0.531749 0.584820 0.583761 0.526087 0.536749 0.589820 0.588761 0.531087 0.541749 0.594820 0.593761 0.536087 0.546749 0.599820 0.598761 0.541087 0.551750 0.604820 0.603761 0.546087 0.556750 0.609820 0.608761 0.551087 0.561749 0.614820 0.613760 0.556087 0.566750 0.619820 0.618761 0.561087 0.571749 0.624820 0.623760 0.566087 0.576750 0.629820 0.628761 0.571087 0.581749 0.634820 0.633760 0.576087 0.586750 0.639820 0.638761 0.581087 0.591749 0.644820 0.643760 0.586087 0.596750 0.649820 0.648760 0.591087 0.601749 0.654820 0.653760 0.596087 0.606750 0.659820 0.658760 0.601087 0.611749 0.664820 0.663760 0.606087 0.616750 0.669820 0.668760 0.611087 0.621749 0.674820 0.673760 0.616087 0.626750 0.679820 0.678760 0.621087 0.631749 0.684820 0.683760 0.626087 0.636750 0.689820 0.688760 0.631087 0.641749 0.694820 0.693761 0.636087 0.646750 0.699820 0.698761 0.641087 0.651749 0.704820 0.703761 0.646087 0.656750 0.709820 0.708761 0.651087 0.661749 0.714820 0.713761 0.656087 0.666749 0.719820 0.718761 0.661087 0.671749 0.724820 0.723761 0.666087 0.676750 0.729820 0.728761 0.671087 0.681750 0.734820 0.733761 0.676087 0.686749 0.739820 0.738760 0.681087 0.691750 0.744820 0.743761 0.686087 0.696749 0.749820 0.748760 0.691087 0.701750 0.754820 0.753761 0.696087 0.706749 0.759820 0.758760 0.701087 0.711750 0.764820 0.763761 0.706087 0.716749 0.769820 0.768760 0.711087 0.721750 0.774820 0.773760 0.716087 0.726749 0.779820 0.778760 0.721087  
0.016073 0.012324 0.007476 0.006308 0.016073 0.012324 0.007476 0.006308 0.016073 0.012324 0.007476 0.006308 0.016073 0.012324 0.007476 0.006308 0.016073 0.012324 0.007476 0.006308 0.016073 0.012324 0.007476 0.006308 0.016073 0.012324 0.007476 0.006308 0.016073 0.012324 0.007476 0.006308 0.016073 0.012324 0.007476 0.006308 0.016073 0.012324 0.007476 0.006308 0.016073 0.012324 0.007476 0.006308 0.016073 0.012324 0.007476 0.006308 0.016073 0.012324 0.007476 0.006308 0.016073 0.012324 0.007476 0.006308 0.016073 0.012324 0.007476 0.006308 0.016073 0.012324 0.007476 0.006308 0.016073 0.012324 0.007476 0.006308 0.016073 0.012324 0.007476 0.006308 0.016073 0.012324 0.007476 0.006308 0.016073 0.012324 0.007476 0.006308 0.016073 0.012324 0.007476 0.006308 0.016286 0.012501 0.007578 0.006392 0.016509 0.012682 0.007682 0.006476 0.016744 0.012868 0.007788 0.006562 0.016990 0.013059 0.007897 0.006821 0.017247 0.013257 0.008008 0.006913 0.017514 0.013459 0.008121 0.007009 0.017793 0.013669 0.008235 0.007265 0.018083 0.013884 0.008353 0.007366 0.018382 0.014105 0.008472 0.007470 0.018694 0.014333 0.008594 0.007575 0.019019 0.014568 0.008720 0.007890 0.019356 0.014811 0.009085 0.008006 0.019709 0.015061 0.009221 0.008122 0.020077 0.015319 0.009361 0.008243 0.020459 0.015585 0.009503 0.008365 0.020855 0.015860 0.009869 0.008691 0.021271 0.016144 0.010024 0.008823 0.021707 0.016439 0.010181 0.008958 0.022163 0.016744 0.010638 0.009358 0.022641 0.017059 0.010811 0.009506 0.023144 0.017386 0.010989 0.009657 0.023675 0.017725 0.011173 0.010049 0.024239 0.018078 0.011631 0.010214 0.024854 0.018445 0.011831 0.010638 0.025535 0.018828 0.012035 0.011082 0.026256 0.019227 0.012549 0.011879 0.027040 0.019644 0.013163 0.012663 0.027873 0.020080 0.013737 0.013197 0.028719 0.020538 0.014348 0.014063 0.029684 0.021166 0.014998 0.014669 0.030652 0.022018 0.015692 0.015640 0.031665 0.023178 0.016855 0.016758 0.032850 0.024245 0.018188 0.017531 0.034006 0.025223 0.019109 0.018763 0.035270 0.026478 0.021855 0.019733 0.037070 0.027606 0.022761 0.020857 0.039206 0.029143 0.023852 0.022417 0.041043 0.031585 0.026752 0.025166 0.043050 0.034373 0.029192 0.026170 0.045348 0.036998 0.033048 0.029507 0.048870 0.041120 0.034767 0.031593 0.053359 0.042944 0.038265 0.034812 0.056506 0.046821 0.041982 0.039823 0.060761 0.054101 0.047608 0.043746 0.064651 0.058107 0.052456 0.046675 0.069506 0.065448 0.060290 0.051578 0.075079 0.073762 0.063717 0.055198 0.083646 0.077988 0.070446 0.061328 0.088727 0.083870 0.074910 0.069924 0.098279 0.096166 0.083205 0.071362 0.105300 0.100304 0.088082 0.079496 0.113800 0.104094 0.098885 0.084984 0.124203 0.110885 0.103227 0.091532 0.131141 0.119007 0.111536 0.097756 0.145777 0.127801 0.120391 0.109412 0.158029 0.134662 0.125824 0.115722 0.163407 0.146527 0.140895 0.127172 0.176158 0.154344 0.143450 0.132126 0.184065 0.160682 0.151067 0.136502 0.191652 0.173570 0.162260 0.150289 0.198290 0.182084 0.169562 0.154190 0.203819 0.185389 0.175283 0.162535 0.208998 0.193204 0.184582 0.174590 0.215429 0.201161 0.203616 0.181115 0.221521 0.216193 0.204524 0.191889 0.228123 0.223660 0.207745 0.196686 0.232912 0.232443 0.218723 0.218652 0.237648 0.236210 0.226057 0.217157 0.242369 0.249236 0.241265 0.218293 0.249230 0.258133 0.246171 0.224617 0.255935 0.263218 0.245333 0.248852 0.261324 0.271852 0.255647 0.246807 0.266058 0.281036 0.267843 0.249029 0.270747 0.282126 0.275792 0.265984 0.274432 0.284336 0.278689 0.267516 0.279517 0.301901 0.282540 0.268652 0.286894 0.306925 0.301086 0.281002 0.293965 0.316911 0.301269 0.284305 0.299187 0.318410 0.297534 0.305104 0.303659 0.319669 0.300043 0.296817 0.308026 0.323226 0.304692 0.298246 0.312936 0.328087 0.317739 0.300850 0.318398 0.345122 0.327330 0.304837 0.325173 0.350371 0.344490 0.314156 0.332577 0.358114 0.344919 0.326238 0.338084 0.359870 0.346676 0.348523 0.342232 0.361912 0.344465 0.348707 0.347720 0.365835 0.356758 0.348853 0.354868 0.372272 0.360525 0.344878 0.362514 0.389865 0.365794 0.355286 0.368059 0.399440 0.382682 0.364124 0.373534 0.402066 0.386223 0.366831 0.381908 0.404054 0.391456 0.381686 0.388620 0.412309 0.402567 0.395686 0.394311 0.417813 0.399790 0.399324 0.403172 0.429702 0.398836 0.396448 0.411408 0.438131 0.401431 0.397091 0.416749 0.443369 0.406640 0.400948 0.421749 0.450663 0.424651 0.405100 0.426750 0.453483 0.443790 0.409691 0.431750 0.464016 0.434931 0.432642 0.436750 0.482102 0.437837 0.439453 0.441750 0.485709 0.454909 0.434124 0.446750 0.485992 0.460313 0.436961 0.451750 0.496679 0.468732 0.441461 0.456750 0.510814 0.483488 0.447599 0.461750 0.517625 0.489086 0.469671 0.466749 0.519649 0.492438 0.472965 0.471749 0.524820 0.505543 0.467711 0.476749 0.529820 0.503499 0.471821 0.481749 0.534820 0.519933 0.476251 0.486750 0.539820 0.552277 0.481087 0.491750 0.544820 0.547185 0.486087 0.496750 0.549820 0.548760 0.491087 0.501750 0.554820 0.553760 0.496087 0.506749 0.559820 0.558760 0.501087 0.511750 0.564820 0.563760 0.506087 0.516749 0.569820 0.568761 0.511087 0.521750 0.574820 0.573761 0.516087 0.526749 0.579820 0.578761 0.521087 0.531749 0.584820 0.583761 0.526087 0.536749 0.589820 0.588761 0.531087 0.541749 0.594820 0.593761 0.536087 0.546749 0.599820 0.598761 0.541087 0.551750 0.604820 0.603761 0.546087 0.556750 0.609820 0.608761 0.551087 0.561749 0.614820 0.613760 0.556087 0.566750 0.619820 0.618761 0.561087 0.571749 0.624820 0.623760 0.566087 0.576750 0.629820 0.628761 0.571087 0.581749 0.634820 0.633760 0.576087 0.586750 0.639820 0.638761 0.581087 0.591749 0.644820 0.643760 0.586087 0.596750 0.649820 0.648760 0.591087 0.601749 0.654820 0.653760 0.596087 0.606750 0.659820 0.658760 0.601087 0.611749 0.664820 0.663760 0.606087 0.616750 0.669820 0.668760 0.611087 0.621749 0.674820 0.673760 0.616087 0.626750 0.679820 0.678760 0.621087 0.631749 0.684820 0.683760 0.626087 0.636750 0.689820 0.688760 0.631087 0.641749 0.694820 0.693761 0.636087 0.646750 0.699820 0.698761 0.641087 0.651749 0.704820 0.703761 0.646087 0.656750 0.709820 0.708761 0.651087 0.661749 0.714820 0.713761 0.656087 0.666749 0.719820 0.718761 0.661087 0.671749 0.724820 0.723761 0.666087 0.676750 0.729820 0.728761 0.671087 0.681750 0.734820 0.733761 0.676087 0.686749 0.739820 0.738760 0.681087 0.691750 0.744820 0.743761 0.686087 0.696749 0.749820 0.748760 0.691087 0.701750 0.754820 0.753761 0.696087 0.706749 0.759820 0.758760 0.701087 0.711750 0.764820 0.763761 0.706087 0.716749 0.769820 0.768760 0.711087 0.721750 0.774820 0.773760 0.716087 0.726749 0.779820 0.778760 0.721087  
0.000010 0.000010 0.000010 0.000010 0.000010 0.000010 0.000010 0.000010 0.000010 0.000010 0.000010 0.000010 0.000010 0.000010 0.000010 0.000010 0.000010 0.000010 0.000010 0.000010 0.000010 0.000010 0.000010 0.000010 0.000010 0.000010 0.000010 0.000010 0.000010 0.000010 0.000010 0.000010 0.000010 0.000010 0.000010 0.000010 0.000010 0.000010 0.000010 0.000010 0.000010 0.000010 0.000010 0.000010 0.000010 0.000010 0.000010 0.000010 0.000010 0.000010 0.000010 0.000010 0.000010 0.000010 0.000010 0.000010 0.000010 0.000010 0.000010 0.000010 0.000010 0.000010 0.000010 0.000010 0.000010 0.000010 0.000010 0.000010 0.000010 0.000010 0.000010 0.000010 0.000010 0.000010 0.000010 0.000010 0.000010 0.000010 0.000010 0.000010 0.000010 0.000010 0.000010 0.000010 0.000010 0.000010 0.000010 0.000010 0.000010 0.000010 0.000010 0.000010 0.000010 0.000010 0.000010 0.000010 0.000010 0.000010 0.000010 0.000010 0.000010 0.000010 0.000010 0.000010 0.000010 0.000010 0.000010 0.000010 0.000010 0.000010 0.000010 0.000010 0.000010 0.000010 0.000010 0.000010 0.000010 0.000010 0.000010 0.000010 0.000010 0.000010 0.000010 0.000010 0.000010 0.000010 0.000010 0.000010 0.000010 0.000010 0.000010 0.000010 0.000010 0.000010 0.000010 0.000010 0.000010 0.000010 0.000010 0.000010 0.000010 0.000010 0.000010 0.000010 0.000010 0.000010 0.000010 0.000010 0.000010 0.000010 0.000010 0.000010 0.000010 0.000010 0.000010 0.000010 0.000010 0.000010 0.000010 0.000010 0.000010 0.000010 0.000010 0.000010 0.000010 0.000010 0.000010 0.000010 0.000010 0.000010 0.000010 0.000010 0.000010 0.000010 0.000010 0.000010 0.000010 0.000010 0.000010 0.000010 0.000010 0.000010 0.000010 0.000010 0.000010 0.000010 0.000010 0.000010 0.000010 0.000010 0.000010 0.000010 0.000010 0.000010 0.000010 0.000010 0.000010 0.000010 0.000010 0.000010 0.000010 0.000010 0.000010 0.000010 0.000010 0.000010 0.000010 0.000010 0.000010 0.000010 0.000010 0.000010 0.000010 0.000010 0.000010 0.000010 0.000010 0.000010 0.000010 0.000010 0.000010 0.000010 0.000010 0.000010 0.000010 0.000010 0.000010 0.000010 0.000010 0.000010 0.000010 0.000010 0.000010 0.000010 0.000010 0.000010 0.000010 0.000010 0.000010 0.000010 0.000010 0.000010 0.000010 0.000010 0.000010 0.000010 0.000010 0.000010 0.000010 0.000010 0.000010 0.000010 0.000010 0.000010 0.000010 0.000010 0.000010 0.000010 0.000010 0.000010 0.000010 0.000010 0.000010 0.000010 0.000010 0.000010 0.000010 0.000010 0.000010 0.000010 0.000010 0.000010 0.000010 0.000010 0.000010 0.000010 0.000010 0.000010 0.000010 0.000010 0.000010 0.000010 0.000010 0.000010 0.000010 0.000010 0.000010 0.000010 0.000010 0.000010 0.000010 0.000010 0.000010 0.000010 0.000010 0.000010 0.000010 0.000010 0.000010 0.000010 0.000010 0.000010 0.000010 0.000010 0.000010 0.000010 0.000010 0.000010 0.000010 0.000010 0.000010 0.000010 0.000010 0.000010 0.000010 0.000010 0.000010 0.000010 0.000010 0.000010 0.000010 0.000010 0.000010 0.000010 0.000010 0.000010 0.000010 0.000010 0.000010 0.000010 0.000010 0.000010 0.000010 0.000010 0.000010 0.000010 0.000010 0.000010 0.000010 0.000010 0.000010 0.000010 0.000010 0.000010 0.000010 0.000010 0.000010 0.000010 0.000010 0.000010 0.000010 0.000010 0.000010 0.000010 0.000010 0.000010 0.000010 0.000010 0.000010 0.000010 0.000010 0.000010 0.000010 0.000010 0.000010 0.000010 0.000010 0.000010 0.000010 0.000010 0.000010 0.000010 0.000010 0.000010 0.000010 0.000010 0.000010 0.000010 0.000010 0.000010 0.000010 0.000010 0.000010 0.000010 0.000010 0.000010 0.000010 0.000010 0.000010 0.000010 0.000010 0.000010 0.000010 0.000010 0.000010 0.000010 0.000010 0.000010 0.000010 0.000010 0.000010 0.000010 0.000010 0.000010 0.000010 0.000010 0.000010 0.000010 0.000010 0.000010 0.000010 0.000010 0.000010 0.000010 0.000010 0.000010 0.000010 0.000010 0.000010 0.000010 0.000010 0.000010 0.000010 0.000010 0.000010 0.000010 0.000010 0.000010 0.000010 0.000010 0.000010 0.000010 0.000010 0.000010 0.000010 0.000010 0.000010 0.000010 0.000010 0.000010 0.000010 0.000010 0.000010 0.000010 0.000010 0.000010 0.000010 0.000010 0.000010 0.000010 0.000010 0.000010 0.000010 0.000010 0.000010 0.000010 0.000010 0.000010 0.000010 0.000010 0.000010 0.000010 0.000010 0.000010 0.000010 0.000010 0.000010 0.000010 0.000010 0.000010 0.000010 0.000010 0.000010 0.000010 0.000010 0.000010 0.000010 0.000010 0.000010 0.000010 0.000010 0.000010 0.000010 0.000010 0.000010 0.000010 0.000010 0.000010 0.000010 0.000010 0.000010 0.000010 0.000010 0.000010 0.000010 0.000010 0.000010 0.000010 0.000010 0.000010 0.000010 0.000010 0.000010 0.000010 0.000010 0.000010 0.000010 0.000010 0.000010 0.000010 0.000010 0.000010 0.000010 0.000010 0.000010 0.000010 0.000010 0.000010 0.000010 0.000010 0.000010 0.000010 0.000010 0.000010 0.000010 0.000010 0.000010 0.000010 0.000010 0.000010 0.000010 0.000010 0.000010 0.000010 0.000010 0.000010 0.000010 0.000010 0.000010 0.000010 0.000010 0.000010 0.000010 0.000010 0.000010 0.000010 0.000010 0.000010 0.000010 0.000010 0.000010 0.000010 0.000010 0.000010 0.000010 0.000010 0.000010 0.000010 0.000010 0.000010 0.000010 0.000010 0.000010 0.000010 0.000010 0.000010 0.000010 0.000010 0.000010 0.000010 0.000010 0.000010 0.000010 0.000010 0.000010 0.000010 0.000010 0.000010 0.000010 0.000010 0.000010 0.000010 0.000010 0.000010 0.000010 0.000010 0.000010 0.000010 0.000010 0.000010 0.000010 0.000010 0.000010 0.000010 0.000010 0.000010 0.000010 0.000010 0.000010 0.000010 0.000010 0.000010 0.000010 0.000010 0.000010 0.000010 0.000010 0.000010 0.000010 0.000010 0.000010 0.000010 0.000010 0.000010 0.000010 0.000010 0.000010 0.000010 0.000010 0.000010 0.000010 0.000010 0.000010 0.000010 0.000010 0.000010 0.000010 0.000010 0.000010 0.000010 0.000010 0.000010 0.000010 0.000010 0.000010 0.000010 0.000010 0.000010 0.000010 0.000010 0.000010 0.000010 0.000010 0.000010 0.000010 0.000010 0.000010 0.000010 0.000010 0.000010 0.000010 0.000010 0.000010 0.000010 0.000010 0.000010 0.000010 0.000010 0.000010 0.000010 0.000010 0.000010 0.000010 0.000010 0.000010 0.000010 0.000010 0.000010 0.000010 0.000010 0.000010 0.000010 0.000010 0.000010 0.000010 0.000010 0.000010 0.000010 0.000010 0.000010 0.000010 0.000010 0.000010 0.000010 0.000010 0.000010 0.000010 0.000010 0.000010 0.000010 0.000010 0.000010 0.000010 0.000010 0.000010 0.000010 0.000010 0.000010 0.000010 0.000010 0.000010 0.000010 0.000010 0.000010 0.000010 0.000010 0.000010 0.000010 0.000010 0.000010 0.000010 0.000010 0.000010 0.000010 0.000010 0.000010 0.000010 0.000010 0.000010 0.000010 0.000010 0.000010 0.000010 0.000010  
0.000000 0.000000 0.000000 0.000000 0.000000 0.000000 0.000000 0.000000 0.000000 0.000000 0.000000 0.000000 0.000000 0.000000 0.000000 0.000000 0.000000 0.000000 0.000000 0.000000 0.000000 0.000000 0.000000 0.000000 0.000000 0.000000 0.000000 0.000000 0.000000 0.000000 0.000000 0.000000 0.000000 0.000000 0.000000 0.000000 0.000000 0.000000 0.000000 0.000000 0.000000 0.000000 0.000000 0.000000 0.000000 0.000000 0.000000 0.000000 0.000000 0.000000 0.000000 0.000000 0.000000 0.000000 0.000000 0.000000 0.000000 0.000000 0.000000 0.000000 0.000000 0.000000 0.000000 0.000000 0.000000 0.000000 0.000000 0.000000 0.000000 0.000000 0.000000 0.000000 0.000000 0.000000 0.000000 0.000000 0.000000 0.000000 0.000000 0.000000 0.000000 0.000000 0.000000 0.000000 0.000000 0.000000 0.000000 0.000000 0.000000 0.000000 0.000000 0.000000 0.000000 0.000000 0.000000 0.000000 0.000000 0.000000 0.000000 0.000000 0.000000 0.000000 0.000000 0.000000 0.000000 0.000000 0.000000 0.000000 0.000000 0.000000 0.000000 0.000000 0.000000 0.000000 0.000000 0.000000 0.000000 0.000000 0.000000 0.000000 0.000000 0.000000 0.000000 0.000000 0.000000 0.000000 0.000000 0.000000 0.000000 0.000000 0.000000 0.000000 0.000000 0.000000 0.000000 0.000000 0.000000 0.000000 0.000000 0.000000 0.000000 0.000000 0.000000 0.000000 0.000000 0.000000 0.000000 0.000000 0.000000 0.000000 0.000000 0.000000 0.000000 0.000000 0.000000 0.000000 0.000000 0.000000 0.000000 0.000000 0.000000 0.000000 0.000000 0.000000 0.000000 0.000000 0.000000 0.000000 0.000000 0.000000 0.000000 0.000000 0.000000 0.000000 0.000000 0.000000 0.000000 0.000000 0.000000 0.000000 0.000000 0.000000 0.000000 0.000000 0.000000 0.000000 0.000000 0.000000 0.000000 0.000000 0.000000 0.000000 0.000000 0.000000 0.000000 0.000000 0.000000 0.000000 0.000000 0.000000 0.000000 0.000000 0.000000 0.000000 0.000000 0.000000 0.000000 0.000000 0.000000 0.000000 0.000000 0.000000 0.000000 0.000000 0.000000 0.000000 0.000000 0.000000 0.000000 0.000000 0.000000 0.000000 0.000000 0.000000 0.000000 0.000000 0.000000 0.000000 0.000000 0.000000 0.000000 0.000000 0.000000 0.000000 0.000000 0.000000 0.000000 0.000000 0.000000 0.000000 0.000000 0.000000 0.000000 0.000000 0.000000 0.000000 0.000000 0.000000 0.000000 0.000000 0.000000 0.000000 0.000000 0.000000 0.000000 0.000000 0.000000 0.000000 0.000000 0.000000 0.000000 0.000000 0.000000 0.000000 0.000000 0.000000 0.000000 0.000000 0.000000 0.000000 0.000000 0.000000 0.000000 0.000000 0.000000 0.000000 0.000000 0.000000 0.000000 0.000000 0.000000 0.000000 0.000000 0.000000 0.000000 0.000000 0.000000 0.000000 0.000000 0.000000 0.000000 0.000000 0.000000 0.000000 0.000000 0.000000 0.000000 0.000000 0.000000 0.000000 0.000000 0.000000 0.000000 0.000000 0.000000 0.000000 0.000000 0.000000 0.000000 0.000000 0.000000 0.000000 0.000000 0.000000 0.000000 0.000000 0.000000 0.000000 0.000000 0.000000 0.000000 0.000000 0.000000 0.000000 0.000000 0.000000 0.000000 0.000000 0.000000 0.000000 0.000000 0.000000 0.000000 0.000000 0.000000 0.000000 0.000000 0.000000 0.000000 0.000000 0.000000 0.000000 0.000000 0.000000 0.000000 0.000000 0.000000 0.000000 0.000000 0.000000 0.000000 0.000000 0.000000 0.000000 0.000000 0.000000 0.000000 0.000000 0.000000 0.000000 0.000000 0.000000 0.000000 0.000000 0.000000 0.000000 0.000000 0.000000 0.000000 0.000000 0.000000 0.000000 0.000000 0.000000 0.000000 0.000000 0.000000 0.000000 0.000000 0.000000 0.000000 0.000000 0.000000 0.000000 0.000000 0.000000 0.000000 0.000000 0.000000 0.000000 0.000000 0.000000 0.000000 0.000000 0.000000 0.000000 0.000000 0.000000 0.000000 0.000000 0.000000 0.000000 0.000000 0.000000 0.000000 0.000000 0.000000 0.000000 0.000000 0.000000 0.000000 0.000000 0.000000 0.000000 0.000000 0.000000 0.000000 0.000000 0.000000 0.000000 0.000000 0.000000 0.000000 0.000000 0.000000 0.000000 0.000000 0.000000 0.000000 0.000000 0.000000 0.000000 0.000000 0.000000 0.000000 0.000000 0.000000 0.000000 0.000000 0.000000 0.000000 0.000000 0.000000 0.000000 0.000000 0.000000 0.000000 0.000000 0.000000 0.000000 0.000000 0.000000 0.000000 0.000000 0.000000 0.000000 0.000000 0.000000 0.000000 0.000000 0.000000 0.000000 0.000000 0.000000 0.000000 0.000000 0.000000 0.000000 0.000000 0.000000 0.000000 0.000000 0.000000 0.000000 0.000000 0.000000 0.000000 0.000000 0.000000 0.000000 0.000000 0.000000 0.000000 0.000000 0.000000 0.000000 0.000000 0.000000 0.000000 0.000000 0.000000 0.000000 0.000000 0.000000 0.000000 0.000000 0.000000 0.000000 0.000000 0.000000 0.000000 0.000000 0.000000 0.000000 0.000000 0.000000 0.000000 0.000000 0.000000 0.000000 0.000000 0.000000 0.000000 0.000000 0.000000 0.000000 0.000000 0.000000 0.000000 0.000000 0.000000 0.000000 0.000000 0.000000 0.000000 0.000000 0.000000 0.000000 0.000000 0.000000 0.000000 0.000000 0.000000 0.000000 0.000000 0.000000 0.000000 0.000000 0.000000 0.000000 0.000000 0.000000 0.000000 0.000000 0.000000 0.000000 0.000000 0.000000 0.000000 0.000000 0.000000 0.000000 0.000000 0.000000 0.000000 0.000000 0.000000 0.000000 0.000000 0.000000 0.000000 0.000000 0.000000 0.000000 0.000000 0.000000 0.000000 0.000000 0.000000 0.000000 0.000000 0.000000 0.000000 0.000000 0.000000 0.000000 0.000000 0.000000 0.000000 0.000000 0.000000 0.000000 0.000000 0.000000 0.000000 0.000000 0.000000 0.000000 0.000000 0.000000 0.000000 0.000000 0.000000 0.000000 0.000000 0.000000 0.000000 0.000000 0.000000 0.000000 0.000000 0.000000 0.000000 0.000000 0.000000 0.000000 0.000000 0.000000 0.000000 0.000000 0.000000 0.000000 0.000000 0.000000 0.000000 0.000000 0.000000 0.000000 0.000000 0.000000 0.000000 0.000000 0.000000 0.000000 0.000000 0.000000 0.000000 0.000000 0.000000 0.000000 0.000000 0.000000 0.000000 0.000000 0.000000 0.000000 0.000000 0.000000 0.000000 0.000000 0.000000 0.000000 0.000000 0.000000 0.000000 0.000000 0.000000 0.000000 0.000000 0.000000 0.000000 0.000000 0.000000 0.000000 0.000000 0.000000 0.000000 0.000000 0.000000 0.000000 0.000000 0.000000 0.000000 0.000000 0.000000 0.000000 0.000000 0.000000 0.000000 0.000000 0.000000 0.000000 0.000000 0.000000 0.000000 0.000000 0.000000 0.000000 0.000000 0.000000 0.000000 0.000000 0.000000 0.000000 0.000000 0.000000 0.000000 0.000000 0.000000 0.000000 0.000000 0.000000 0.000000 0.000000 0.000000 0.000000 0.000000 0.000000 0.000000 0.000000 0.000000 0.000000 0.000000 0.000000 0.000000 0.000000 0.000000 0.000000 0.000000 0.000000 0.000000 0.000000 0.000000 0.000000 0.000000 0.000000 0.000000 0.000000 0.000000 0.000000 0.000000 0.000000 0.000000 0.000000 